0.7724966956320679
0.8240223793982787
0.8767479936546319
0.8466895999835405
0.8147578714180701
0.9200577379306419
0.8569428077319574
0.7641012148244989
0.8336353360574082
0.8205963376848134
0.7235210917062344
0.7605341260048692
0.7948681281524256
0.8454866236597737
0.9225085171100457
0.9077883125662674
0.861080205493116
0.836526632892139
0.879313272647637
0.8305448569138258
0.8003948152798749
0.7558426990571467
0.8482055637493516
0.8706928882627322
0.8723729388812663
0.8582852641029033
0.729027357670062
0.9739629146036946
0.9278918833816597
0.7782597825822078
0.8492196406365907
0.8771088861651893
0.79995008147027
0.8410499324313738
0.8715548971579572
0.8994023893902243
0.8119836694460565
0.9063353767938856
0.8919650309686209
0.821104201099059
0.8602798890915456
0.9284349379809271
0.948899397507242
0.9138088822389256
0.9498432497992376
0.9459726209565528
0.8815123396852539
0.8244982904518348
0.7910815994571756
0.8649516202961022
0.841468730179692
0.8597751392015028
0.8713469006078373
0.8528797076743728
0.8850627906349329
0.8344239344482862
0.835330795181952
0.8431966866152285
0.9141387230802587
0.9380294581464075
0.9069288052776153
0.7630821062640972
0.7605413500129568
0.8548620634517237
0.8831885547157876
0.8874233364968548
0.8816595388268226
0.8888600115620596
0.8550078886998062
0.7786420935087798
0.8371686176270492
0.8940357665343429
0.9005371087813852
0.8217846795334953
0.842476714393231
0.8695805237010829
0.8433980916971509
0.7343935142136148
0.8130566276361013
0.9028954198690881
0.9168508875363026
0.9134238760890074
0.9219928355406672
0.7671606133540162
0.8874452128947327
0.9191601578214584
0.8007562046713421
0.777751442657423
0.8024574257995438
0.8428875777460813
0.9500211745978893
0.9311392326133612
0.9939148649793366
0.9633301617787575
0.8181433000983254
0.8974453795084478
0.7234635878642426
0.7865351398076676
0.8829792090783244
0.9080228630098858
0.8237290664294579
0.7730326484827799
0.8319810273924214
0.7750561497437377
0.7746774111370259
0.8939964127113489
0.9098352764549179
0.7882573924837195
0.7806985134589812
0.8094467391145304
0.8785213135907903
0.8847102864310076
0.826040827534179
0.763382013946437
0.7230551780735626
0.9204734140903603
0.8835117937632285
0.7757090286349503
0.7219031709832304
0.856155403043347
0.8756771308690883
0.8084603529737652
0.8389270743137393
0.8896922551758745
0.9203437969852228
0.8630780519878726
0.74523972606433
0.8142069994225918
0.8024997382699732
0.8384551090932948
0.7706985759698199
0.7716449071814956
0.7853173573191213
0.8162445808416331
0.874013646891572
0.8383353739318123
0.8891397201610989
0.8433318695986938
0.79363045297761
0.8885078242685575
0.885484605401038
0.8403145344529553
0.7871154467009163
0.9321525192521884
0.9742003435064917
0.8160942543888572
0.8308261177723663
0.7659629731319123
0.8791443750286968
0.8461499229009034
0.8566209872876674
0.9814555146115193
1.0
0.7415452301291122
0.7800576041345031
0.8298485816767723
0.774591900022282
0.7071697278220863
0.7675548148283619
0.7075002884441262
0.7029421264624328
0.8836668955107643
0.8737941896773362
0.763143265017144
0.7282629309516395
0.7471436751416025
0.8603017887996257
0.890370037899079
0.8721295481202993
0.8143100651075046
0.8746057015570095
0.9303618089515207
0.8349084113976901
0.8137365159695625
0.9054199074545087
0.9765376939787141
0.8095346738675905
0.8081542698582439
0.781488306447226
0.7843271407580646
0.7308902822252313
0.7415406921011638
0.7656984526533849
0.8102107962358718
0.824608158691751
0.9123538827454054
0.8291403949946546
0.8490292699493703
0.8419699660120591
0.9328842784893662
0.8433964337093733
0.7629649634815063
0.7814130793597084
0.7705715223525591
0.8267357040259283
0.8160505371531095
0.849927500432278
0.7691491990228413
0.6884307013358767
0.7772238785944741
0.8872413325101295
0.8632078621697068
0.8170555839369058
0.8481043387071722
0.8093676306176909
0.7841506517288809
0.8613767117471195
0.9130780423723475
0.7715510620049328
0.7453423412608062
0.8243120775587174
0.771298943361308
0.8192719701758746
0.7803089110179082
0.9143692101501806
0.9277602584163205
0.02198399929947308
0.0
0.0
0.0
0.0
0.02155346880283168
0.02603977975243895
0.02406834754375978
0.0
0.019107311114365783
0.019107311114365783
0.0
0.0
0.0
0.0
0.0
0.01904309058451707
0.024348880991225084
0.02494284416284077
0.019107311114365783
0.0
0.0
0.018638142600687302
0.018274093597654743
0.01909050239991723
0.019658394457804814
0.0
0.021383377633340642
0.021383377633340642
0.0
0.020021129932707882
0.020021129932707882
0.019340096491708404
0.016111480418530336
0.022936520984074556
0.025929714503392733
0.0
0.022397453736384403
0.022397453736384403
0.020544167774224055
0.020544167774224055
0.01801757039036678
0.01801757039036678
0.020019912066027244
0.020019912066027244
0.0
0.0
0.0
0.016579275823505112
0.014388864880335453
0.019080545967916123
0.0
0.0
0.0
0.01981782065177323
0.015468428117643634
0.017075131040255036
0.0
0.0
0.02036433500083671
0.022667066012810905
0.021754111673692077
0.0
0.0
0.0
0.0
0.0
0.0
0.023113927629609905
0.02300931358698081
0.023235737564777124
0.0
0.021484523056625997
0.021484523056625997
0.02269549868594574
0.02269549868594574
0.0
0.023137684007174975
0.023137684007174975
0.0
0.0
0.0
0.022295864243807202
0.022295864243807202
0.021285156552592468
0.01833171597743456
0.021166445795626734
0.0
0.0
0.0
0.019107311114365783
0.019107311114365783
0.02114302911777444
0.024629591289324404
0.02359509930965605
0.0
0.0
0.018177457937761158
0.016128822185693063
0.019367930595375563
0.018955244637657912
0.018955244637657912
0.0
0.0
0.0
0.0
0.0
0.0
0.0
0.02456027926206617
0.02456027926206617
0.02131801236199408
0.02131801236199408
0.0
0.019602293482343266
0.019602293482343266
0.019779770960070407
0.016377173419138965
0.019352328340465883
0.0
0.0
0.0
0.01955321119488071
0.016386960659865894
0.04423474093835685
0.02336964838814719
0.017498862224446122
0.017498862224446122
0.0
0.0
0.0
0.0
0.0
0.0
0.0
0.0
0.0
0.02384654091545138
0.019604353775076636
0.024112902149201615
0.011052219310623345
0.016613934185865396
0.041610174913222046
0.04022302596139872
0.021949154427292977
0.0
0.0
0.0
0.0
0.019123228331948548
0.014470282489132619
0.024453335818806276
0.022705950534603177
0.0207932681905125
0.0633106564567382
0.047354652323057043
0.0
0.0
0.0
0.0
0.0
0.023429926592535625
0.020406274575144153
0.024405004699768588
0.027418896681898362
0.026074420481266767
0.060949421926486724
0.059745327223722916
0.04206581355720129
0.0
0.01950668031152311
0.012551617954632539
0.006549595166369133
0.00990926183050539
0.005664341685629604
0.7769459229905386
0.02825317257051379
0.0335250300983911
0.0
0.0
0.04230194522546091
0.04230194522546091
0.031217768014907627
0.030034998958480632
0.047552526337650294
0.04568476222486181
0.0
0.0
0.03513714906916832
0.03513714906916832
0.03516694487387313
0.034467913672331624
0.029357220507715696
0.031155234127661562
0.029507939853033047
0.031670859333684694
0.03343309349752023
0.0
0.03172974787185611
0.03172974787185611
0.0
0.0
0.03768843806091025
0.03768843806091025
0.03756672435522533
0.04031436192479998
0.036925890489617925
0.0
0.04333502543730184
0.04333502543730184
0.032630266738967725
0.032630266738967725
0.0
0.0
0.0
0.0
0.0
0.0
0.0
0.0
0.03161728694015996
0.034376435731100934
0.034494913034693195
0.0
0.0
0.0
0.0
0.0
0.03183805503034864
0.03183805503034864
0.0
0.0
0.0
0.0
0.0
0.028159755553873404
0.028159755553873404
0.0
0.0
0.03215118418540561
0.028600478652474386
0.03087240925459615
0.0
0.034070925672504894
0.034070925672504894
0.0
0.05505450919068955
0.054342881245171094
0.02726374596653754
0.0
0.0
0.0
0.0
0.03965578930242251
0.021349797241623395
0.03947616101840914
0.0
0.04634171363887587
0.10381494352816392
0.05982054617451543
0.015241121962696062
0.02974955937794233
0.0
0.0
0.0
0.0
0.03157795193325553
0.03355842977777709
0.04417432227610059
0.0316638016592167
0.03362636655664189
0.06782062116630234
0.035302865104914025
0.0
0.0
0.0
0.0
0.0
0.0
0.0
0.0
0.0
0.0
0.04250837060442869
0.0
0.0
0.0
0.0
0.0
0.0
0.0
0.0
0.0
0.0
0.0
0.0
0.0
0.043142267361376115
0.03672678682657881
0.04586482654337085
0.04682098519932657
0.047813296294357883
0.06390533560347614
0.06770883037259538
0.028322905291537137
0.030210123730716406
0.0
0.0
0.03415661213032452
0.027647371101091524
0.02601811102102432
0.03103606811983599
0.031322803577359774
0.10948040659181016
0.07311288534047165
0.031565025745047166
0.0
0.0
0.0
0.035630852089796
0.04236607306666623
0.04308871338421863
0.03940387122814841
0.037526207146928635
0.08229808352467068
0.04338454492974676
0.04884198506562376
0.0422005952737428
0.0
0.0
0.0
0.0
0.0
0.0
0.0428523772683621
0.0443567289686418
0.04611921598715601
0.08501208365396522
0.07299444426601688
0.033364081801897684
0.0
0.0
0.0
0.0
0.03239813787647159
0.024310107210678916
0.0302188225086318
0.031241367552435527
0.031241367552435527
0.05646299155243095
0.014872066982823947
0.02877191395459845
0.0
0.0
0.0
0.0
0.0
0.0
0.0
0.04510665222756128
0.034731807789713784
0.037659309066335626
0.03303656088993516
0.050252852915740276
0.8282613536908994
0.1221615336731418
0.0
0.14156328778108412
0.1674462685504175
0.11699817531392251
0.09197315684700122
0.10828959472310733
0.11182923088182939
0.10693423502356572
0.10693423502356572
0.11875247519985498
0.11875247519985498
0.09197315684700122
0.09197315684700122
0.1309516789458153
0.12028987837388648
0.0
0.0
0.0
0.0
0.0
0.0
0.0
0.0
0.1275469255788228
0.1243988536450772
0.10670407601242514
0.14463652184677703
0.11959014836242651
0.2736658809976763
0.15826315950989608
0.0
0.0
0.0
0.0
0.0
0.0
0.0
0.0
0.0
0.13044632941904558
0.13566659638185843
0.13216439447585182
0.12294502956757697
0.09521389203553415
0.8902870473017223
0.04479676131472791
0.04479676131472791
0.0
0.03844670688808436
0.03844670688808436
0.042321305397296796
0.042321305397296796
0.0
0.04364101807392867
0.04364101807392867
0.0
0.0
0.042670461272014445
0.0447610658203044
0.041070101779284496
0.04114377972777264
0.0
0.0
0.0
0.0
0.0
0.04950592432295316
0.04950592432295316
0.049880183215586585
0.049880183215586585
0.03985189321227052
0.03985189321227052
0.048759064641842646
0.048759064641842646
0.0
0.03910836269874466
0.044931330872930324
0.049406996428636274
0.0
0.04437098467873797
0.04363434302922678
0.04103777433645809
0.0
0.0
0.0
0.04310618917559325
0.04310618917559325
0.04652042603391139
0.04652042603391139
0.0420386574081944
0.0420386574081944
0.04239631339947521
0.03883494523604611
0.04036901595397172
0.04310618917559325
0.05111556289351518
0.04710374107198236
0.05132947479949179
0.04726919571866002
0.036423471710976436
0.0
0.0
0.0
0.0
0.0
0.046255679947157596
0.03422649791801935
0.04935141908663945
0.035329067650526305
0.03283951322591498
0.09941575780155472
0.09459864015257483
0.03838233840853382
0.0
0.0
0.0
0.0
0.0
0.0
0.0
0.04932935260717867
0.03756521396001864
0.04159063142561802
0.025920641878557932
0.0309824458541393
0.050028893313773394
0.04654271603494713
0.04654271603494713
0.05411697438212894
0.05957112214149896
0.056402039467139356
0.05420183503367159
0.05678127114008294
0.05668504387202828
0.85505048018149
0.01250966163395396
0.0
0.0
0.0
0.0
0.016893088748651124
0.016893088748651124
0.018104602883087694
0.018104602883087694
0.01609728624915636
0.01609728624915636
0.018496311603651484
0.018667116346552166
0.0181402613662201
0.0
0.0
0.0
0.013974199605394503
0.013259880311024272
0.013304584449637608
0.013930112856656598
0.0
0.014779713138459286
0.014779713138459286
0.014726607249500255
0.014726607249500255
0.01717668867840753
0.01717668867840753
0.0
0.0
0.014040962332303517
0.014040962332303517
0.0
0.0
0.013974199605394503
0.0108443513783139
0.016307314490743345
0.018015714857319332
0.018051399775719488
0.018051399775719488
0.018530625508821338
0.01850679893621679
0.015998468090186378
0.016421613738660475
0.0
0.0
0.013873426148801837
0.013873426148801837
0.01718645447144815
0.01718645447144815
0.0
0.0
0.015006216688791029
0.017669514915407445
0.017893907559720323
0.0
0.0
0.01404824650528655
0.011820468286220936
0.014040962332303517
0.0
0.01596618414890541
0.0168311592200423
0.01652647456731931
0.014040962332303517
0.014040962332303517
0.0
0.0
0.01569316486454763
0.010198846070870892
0.013722275720837989
0.014040962332303517
0.014040962332303517
0.0
0.0
0.0
0.01250966163395396
0.01250966163395396
0.0
0.0
0.0
0.0
0.0
0.021292150823320408
0.021292150823320408
0.0
0.0
0.0
0.01338842997720304
0.01338842997720304
0.0
0.014040962332303517
0.014040962332303517
0.013705348507528161
0.013705348507528161
0.0
0.0
0.016907893695666542
0.016907893695666542
0.014172041083295837
0.014172041083295837
0.013705348507528161
0.015972365159934415
0.017836164968021276
0.0
0.014231643161788765
0.017517923997883572
0.018076339322634406
0.01639763631367929
0.01639763631367929
0.0
0.01637231855312099
0.01637231855312099
0.0
0.015978525925959604
0.015978525925959604
0.01749538266036869
0.017408562161070357
0.012951620779866911
0.014757613648964977
0.01605020494326342
0.01605020494326342
0.015462129913292285
0.01768115023915612
0.018434498042466798
0.0
0.013275001949376702
0.013275001949376702
0.0
0.015281017965889218
0.015281017965889218
0.020442568317996807
0.020442568317996807
0.0
0.0
0.014803530210252635
0.014803530210252635
0.016979340531130663
0.015001990249841843
0.018333513409666317
0.0
0.047190880058131594
0.030676769486011016
0.0
0.0
0.0
0.03369140775426969
0.032292795578170747
0.014007586756343752
0.0
0.0
0.0
0.0
0.014163140898270869
0.010235839107698855
0.013376505997226765
0.012947506637128361
0.012947506637128361
0.0
0.0
0.0
0.0
0.0
0.0
0.0
0.0
0.0
0.0
0.0
0.0
0.0
0.0
0.0
0.0
0.0
0.0
0.0
0.0
0.0
0.0
0.014675867786431169
0.01861386599615942
0.017699938390344647
0.0
0.0
0.0
0.033231449900121425
0.03443806627284995
0.0
0.0
0.0
0.0
0.0
0.0
0.0
0.017309874042513704
0.014988363789224001
0.017009516485400295
0.015045290120985617
0.01247426631344096
0.04586318519612474
0.04628914192284972
0.0
0.0
0.0
0.0
0.017359180883060814
0.015759274449810446
0.016174564695701433
0.021297568770473917
0.02063808316553339
0.015706656774983157
0.015706656774983157
0.0
0.0
0.0
0.0
0.016412894678567685
0.018676592839369767
0.02034993194230008
0.019614277690256605
0.014802754276223492
0.059135318759970995
0.04553292275346826
0.0
0.0
0.0
0.0
0.0
0.016366881155405945
0.010007142441749895
0.011967689502006064
0.01921192964870417
0.01740435533650262
0.047263594456946785
0.03124079249312181
0.0
0.0
0.0
0.0
0.0
0.0
0.0
0.017899730538798085
0.017406617066122492
0.01713483699156503
0.01477662464696803
0.021288969088675617
0.02036226159249699
0.0
0.014367108739388457
0.014367108739388616
0.020973588085888156
0.020104700851126974
0.016604394874245844
0.01863157927681506
0.0
0.0
0.0
0.0
0.0
0.0
0.0
0.0
0.0
0.0
0.0
0.0
0.0
0.026718160523284545
0.021372139389749963
0.0
0.0
0.0
0.0
0.0
0.0
0.0
0.0
0.0
0.021970274414289222
0.020521771858122744
0.02029344680087676
0.019723916093123624
0.01856973358956127
0.0157035206226147
0.012977182259648012
0.017450227323556767
0.0
0.0
0.0
0.0
0.0
0.018339660021356737
0.01773464531897035
0.017457747491566762
0.015055106220361245
0.021690164136735343
0.0210115878832777
0.010004421833937642
0.014122915803828275
0.0
0.0
0.0
0.013923299897463009
0.013923299897463009
0.0
0.0
0.0
0.020624371598312184
0.016169695252028653
0.014026297076786322
0.0
0.0
0.0
0.0
0.020097480142626963
0.01609303989069054
0.022611358552399197
0.02208694846545456
0.017935767702409487
0.039322646430709464
0.01978852293640472
0.014206989954891306
0.0
0.0
0.0
0.0
0.0
0.0
0.0
0.021487999594064302
0.020027526289250048
0.015659850445243786
0.013617778281930533
0.011033999344250138
0.02312615594005045
0.0
0.0
0.0
0.0
0.0
0.0
0.0
0.0
0.0
0.02391736812952037
0.023671927598116402
0.0
0.0
0.0
0.0
0.0
0.0
0.0
0.0
0.020618078764226312
0.018316650235315795
0.021036244658945463
0.014850159872898264
0.017951038371515893
