0.6443647787767481
0.6873440381173584
0.7313241987552815
0.7062515087389062
0.67961620877013
0.7674502740473638
0.7148040449243909
0.6373618334387525
0.6953625199129113
0.684486264584786
0.6035126244988505
0.6343864078982497
0.6630255228917821
0.7052480668120724
0.769494549178502
0.7572159447546485
0.7182551838200714
0.6977742452391469
0.7334639819286917
0.6927846501033333
0.6676355135213644
0.6304731351238685
0.707516023735687
0.7262734371554161
0.7276748223668568
0.7159238317239632
0.6081055811674415
0.8124143463058641
0.7739849911911304
0.6491719582361498
0.7083618984595572
0.7316252310108788
0.667264546493983
0.7015472774390519
0.7269924669897391
0.750220971749944
0.6773021561015733
0.7560040034701857
0.7440172276548334
0.6849098900817229
0.7175876137139916
0.774437970807353
0.7915080463300322
0.7622378989806898
0.7922953444204559
0.7890667262114125
0.7352982957234578
0.6877410111043964
0.6598670553684353
0.7214844576243276
0.7018966103487888
0.7171665853095025
0.7268189702592518
0.7114148801751344
0.738259843072053
0.6960203156427247
0.6967767578635575
0.7033379553702187
0.7625130300226203
0.7824410741200996
0.7564990015922494
0.6365117616316034
0.6343924336798479
0.7130684280144353
0.7366964815454029
0.7402288516396108
0.7354210793454842
0.7414272293359806
0.7131900656269352
0.6494908562936009
0.6983097457196377
0.7457444959684147
0.7511674783351413
0.6854774994169436
0.7027374029741037
0.7253455774652207
0.703505953941334
0.6125816679825943
0.6781971456473852
0.7531346228043757
0.7647753351685277
0.761916752749227
0.7690644023024693
0.6399137778908247
0.7402470994591274
0.7667015730991801
0.6679369602415921
0.6487479352661752
0.6693560044680883
0.7030801175448763
0.7924437573187509
0.7766937114757965
0.8290569211707909
0.8035452191489867
0.6824401056423778
0.7485885657517499
0.6034646586620601
0.6560747045624871
0.736521859497005
0.7574115909568506
0.6870993761695012
0.64481183459205
0.6939826069074964
0.6464997032259796
0.6461837849574511
0.7457116696565471
0.7589233843343026
0.6575112918914385
0.6512061834837054
0.6751860194745961
0.7328033829573941
0.7379658077775791
0.6890276917742811
0.6367619244458614
0.6031239906878023
0.7677970031378754
0.7369661058149616
0.6470442908788239
0.6021630638668743
0.7141472449007105
0.7304309570549499
0.6743632425087186
0.6997765319988727
0.7421214309748179
0.7676888852679221
0.7199216529737942
0.6216288482997002
0.679156708407853
0.6693912986846227
0.6993828503603859
0.6428649083113729
0.6436542741498403
0.6550589123289833
0.6808563217625041
0.7290433906210327
0.6992829753430859
0.7416605434337119
0.7034507159214645
0.6619931375175443
0.7411334583868637
0.7386116925750773
0.7009338579145984
0.6565587575364417
0.7775389270276004
0.8126123935250834
0.6807309295478384
0.6930192589915224
0.6389147869810465
0.7333230988964669
0.7058013464198559
0.7145356039581534
0.81866416921618
0.8341327314669219
0.6185471483138636
0.650671580038256
0.6922038641379972
0.6461124573377389
0.5898734166789565
0.6402425942433689
0.590149148113534
0.5863470360092755
0.7370954812592888
0.7288603341754821
0.6365627761493354
0.6074679478207974
0.6232169945440995
0.7176058809773107
0.7426867917290655
0.7274718021665976
0.6792426788691298
0.7295372427962918
0.7760452369532385
0.6964244337238638
0.6787642627600677
0.755240380529557
0.8145620540588739
0.675259368730357
0.6741079285635129
0.6518649756662835
0.6542329402841655
0.6096595075151616
0.6185433629962155
0.6386941417917635
0.6758233445282174
0.6878326557994592
0.7610242362788768
0.6916131424464538
0.7082031040382348
0.7023147075627502
0.7781493113588837
0.7035045709594603
0.6364140490023892
0.6518022262902922
0.6427589287305644
0.6896073110003763
0.6806944635705721
0.7089523474844295
0.6415725222865177
0.5742425813309836
0.6483078768133239
0.7400770361570258
0.7200299318953398
0.6815328059895921
0.707431588614761
0.6751200324880452
0.6540857250081784
0.7185025093916202
0.761628281526516
0.6435759948163791
0.6217144429938269
0.6875856848352261
0.6433656944035185
0.6833815662970889
0.650881203335347
0.762705286831822
0.8658068386804267
0.7196964788815893
0.7440069384084145
0.7985330394821022
0.7851331209938694
0.753858159310334
0.751168149823646
0.6695504542847619
0.7416489120870682
0.7341723286682859
0.690274700005519
0.7595275066194336
0.8089058091057135
0.7683431196458184
0.6834842051800797
0.6818580041734214
0.7684852118283222
0.7584909432714929
0.7513473760179326
0.6822162709416204
0.6961526098426639
0.7056448350713409
0.6500507888398616
0.6498855187791144
0.7290990830183379
0.7347548517537444
0.6817594720264698
0.6999801130594683
0.7008725599327924
0.6240653824274816
0.744326439891052
0.7564904923771774
0.6901852983745043
0.7042784415170285
0.699161537888471
0.6868417177717048
0.7214059665641492
0.6521860709832522
0.6018016787891933
0.6663497008235243
0.7209839048535148
0.732146028009505
0.7049675205091084
0.6883620648301338
0.67074921939577
0.7545512052847226
0.7225383490278312
0.7595021296395973
0.7105781524503189
0.7172831690422948
0.7205260907798047
0.7927959919890495
0.763482480203821
0.646973790785205
0.7589543623423294
0.7946968293092479
0.8094432246420208
0.7702227012814311
0.6266886318566154
0.6923986104475768
0.7178028323829312
0.6949961275788972
0.7794780970706352
0.7578259526748411
0.6805675892879546
0.6598409004899664
0.715902135538276
0.585743759199301
0.7000158501878434
0.7282897622729989
0.7449364103334511
0.7103545852454526
0.7349602864127633
0.7092685188681197
0.694355642292566
0.6671208042469476
0.7357642196689766
0.7044463072968568
0.6114815944457055
0.6982739194886473
0.6849660311825606
0.70548676400956
0.6734585081245216
0.6324565853354832
0.6117298351366002
0.7420523852399936
0.7184074167081147
0.774299019816043
0.7443050103639592
0.6856293461197371
0.6425345259334456
0.6325997770208076
0.6838918025392006
0.741575299513331
0.7657752495175526
0.7316658052259029
0.7045226407948791
0.669557881948883
0.6869898343427935
0.6320151159205909
0.575461621935214
0.6551527664374358
0.6428618960217553
0.7377601569484765
0.7293971996189362
0.7662737364505454
0.6583068165892747
0.7178442335704093
0.7599990754532405
0.7159334749831971
0.6714443812270069
0.699688825862996
0.6449200498599876
0.6387834030783471
0.645575321938781
0.6585179031773177
0.6617940622542414
0.6798714410806547
0.701641136830068
0.6032350739396588
0.6597730160637701
0.6748029558788422
0.6670007198381911
0.6398339202983537
0.7035128281414603
0.706324465660866
0.6326122096736279
0.8283473587301046
0.8502629310192873
0.7155879632047448
0.4944949861344236
0.6117772275146197
0.7087930926412845
0.6995849622351062
0.7256815269005041
0.6842160920454732
0.6800331166839075
0.6831703322717367
0.6536070875088976
0.7386588666492728
0.7277808576581764
0.6453445891855437
0.68533774357528
0.7055769874547171
0.7213746093808066
0.7096508993904138
0.6971615471679178
0.6910088391474144
0.661865163224358
0.6641464495375937
0.7194343584771034
0.6539374620365249
0.648608606011422
0.6401130034815552
0.7421955109946804
0.7589360025158444
0.7063212075758472
0.6444686494628551
0.6689024754453816
0.7668141408043826
0.7284569283631347
0.6235039304587421
0.7295455907496583
0.7251906147689524
0.6897133800484467
0.7119675978575267
0.6758324200296121
0.6955720628377655
0.6355435983749957
0.6736432178999784
0.7190197002929554
0.638859486515082
0.6157170148110153
0.7014381409259055
0.6845827657334101
0.7033980303572624
0.7795860588484571
0.8088777522461738
0.7217932228009475
0.6628272297268103
0.7329661675538726
0.7029869894923896
0.6978803823250306
0.6860244048349464
0.7113767554536932
0.7413918018462218
0.8060866451418297
0.6376547006824408
0.6996656527498997
0.6961236628840304
0.6990153864020108
0.6631541764848115
0.6964719744020199
0.6330276675958588
0.6311213663323033
0.8063170383633663
0.834695945986494
0.6944897064264978
0.7468279390205047
0.8086292844036683
0.673737988493189
0.6779453402023797
0.652526800511457
0.6433291626563008
0.682075284092998
0.9909498879466343
1.0
0.7566382537210445
0.7163864703500714
0.697783011777745
0.6850339873838054
0.6943242805423184
0.6909921774393587
0.6877800835448765
0.747944949761338
0.7326237124758921
0.6326564536072865
0.6515648004106271
0.7146302530189805
0.8101990335913358
0.8467036987279669
0.785427930285638
0.6369827495746943
0.6383303106802767
0.7012281812307786
0.8038331722852098
0.799763494312614
0.8138339221049077
0.7873803028604774
0.7585461906138514
0.6511532790763617
0.6672135700291859
0.6673570546611747
0.7483733300922086
0.7469262354208621
0.7304201308778748
0.7588209710612895
0.7339560254215443
0.6747712462478248
0.608470248838059
0.5534144927976324
0.6567220027523977
0.6966085799706188
0.6326461459157178
0.6123575644289047
0.7141110689791244
0.7023084040151871
0.6892004559703938
0.6508828670620337
0.6744132399311732
0.7042024038372967
0.7405378864297394
0.7666817832436565
0.71927105924079
0.7592496129874305
0.7306057927565428
0.7048371811123813
0.7595098330708145
0.6693079543234279
0.7248446862987472
0.609441052443894
0.7429358292575666
0.7998808369180951
0.6872303899344584
0.6851772075589119
0.688001693790805
0.7716607112826488
0.6453817192440714
0.6335838635695689
0.7025111910496581
0.6393754486486349
0.6950976813983427
0.7756391986405379
0.7941240822082468
0.6360922413983134
0.6671545580931403
0.7059962179084186
0.689523411125271
0.6821059377978032
0.675526414844022
0.8459899846310673
0.8279155913688123
0.694733864252028
0.7459695234781142
0.8435267531128058
0.8478576240007741
0.6669192066606604
0.6566912808552661
0.6961378900995172
0.7421185354229669
0.6102266585495797
0.7228053878277148
0.8142586908097716
0.6198743358858173
0.6851497590837343
0.6926219778484003
0.7869134939069576
0.817233638321568
0.8396390615865653
0.7405158088105619
0.5960403185959487
0.6443320836461581
0.7005606695339187
0.7135003347820235
0.7143166582816032
0.7457133932700681
0.7811129866587494
0.7609815865285748
0.6935774516966082
0.6794739344768308
0.7075827547564495
0.6719943193972387
0.7442192602121843
0.6645634672460536
0.6886513822076569
0.6289996267364868
0.6688143623054599
0.6814823664439881
0.7079549333519397
0.7637172774089367
0.6353747560637143
0.6573868485011091
0.7216557259306189
0.7365606591481288
0.6465076261953803
0.6809397508966345
0.7167781351826228
0.6570009496941215
0.7053334003244035
0.7503096246342001
0.6926151006208475
0.6953687727123544
0.6893294206674792
0.711163374201682
0.7390879165490206
0.7274487590191755
0.7028063757026408
0.6169285110662476
0.7045136108842462
0.6368338901974703
0.6961147992093749
0.7082275244579366
0.7006018072481606
0.7635781304475235
0.7026650915549021
0.6604571619531318
0.6511348809510692
0.6846796357051917
0.681597619748827
0.7046618310786591
0.7426408939716576
0.7064761664568042
0.7555204201981875
0.7646360675208831
0.7034522547019142
0.7579599143256764
0.7670731618122615
0.7194195936932672
0.7365014962072809
0.6384899219419155
0.6510096200503107
0.6436771134362681
0.7195661962401552
0.6823745068374708
0.6935378215174749
0.7162682905623426
0.7371340755527034
0.7328459374804136
0.7164980740363205
0.7293730643922204
0.7296302035253552
0.7168851156314635
0.7013653057827425
0.7329354594183117
0.7347037262862154
0.662708339492343
0.6793871814336665
0.6519734119597783
0.5896222314138413
0.593754924892538
0.6564420458102838
0.8248570560575803
0.8772592071975696
0.7290825185483609
0.6825146695597184
0.800794836933649
0.7991490883375102
0.7850312931934439
0.7281507036404185
0.7574832181469032
0.7269360925880783
0.6685565913129027
0.6562389698025328
0.708731813738659
0.7557435808301806
0.7469711426805417
0.6630790943540968
0.6750115159621751
0.6584671067907524
0.6789588854407763
0.7341582778912557
0.7235081333243938
0.6720811390267096
0.7164172995551678
0.7560541962099343
0.6753344614995579
0.6806102308279661
0.6173359724481905
0.6804425004695751
0.6135321318398013
0.6780324413811485
0.6704413250087233
0.6951470031607498
0.5604106088031139
0.6784051003468382
0.6860121426850813
0.7158327724926131
0.7534926982097284
0.6815663034512245
0.607569627926353
0.5912521112802961
0.7234126894115149
0.6773516443693685
0.7563672774326613
0.7906758841990795
0.7076625798143242
0.607490262933442
0.6103493610052131
0.7072604364660756
0.7407053691891444
0.5834723625849801
0.6530195626646251
0.6782783575704592
0.6592968523629075
0.753000408399916
0.7308650018430035
0.6959291181048789
0.7274652780387745
0.7067931985812348
0.6007337230463891
0.597232206672797
0.594350038401887
0.7802654455982974
0.8415388966470906
0.7483345121779115
0.6618211523886222
0.7594840862586991
0.7505605001703208
0.7377409419804876
0.6618485977603635
0.6920438240768251
0.7153684387392336
0.6688108697148439
0.6353480749570708
0.643711843227486
0.764347681049838
0.7535216071212623
0.7334145499486581
0.7668034048863392
0.669829447073584
0.642025436365413
0.6783565914519224
0.7082609637230771
0.6551286647145927
0.6774390708357576
0.7288007853372973
0.6998661473652871
0.7841735637727951
0.7858667515849538
0.7364833668736646
0.7271105707957523
0.6201203586993714
0.6730263726949739
0.6858325326359918
0.6977070009087796
0.7239897310699916
0.724025319983693
0.7816790160517169
0.7408070941861499
0.713347762620242
0.7049723304115503
0.6592687655678119
0.6672329625243003
0.731190804233741
0.8161123838796152
0.7208027598629768
0.7465177278141831
0.6589979873776687
0.677879053495372
0.6891386832447994
0.6661612410028076
0.7250110029538546
0.7258286727704546
0.6329714116252834
0.6895766682375252
0.7305404452729191
0.7126565093710541
0.7229060653098588
0.6936121712866318
0.6542836147731749
0.7026088838030674
0.6062699036521216
0.7808048837328855
0.8096712242384776
0.816168221751892
0.7924859462017458
0.7713975789277424
0.780803245321826
0.7311455923463941
0.7096330459021515
0.6854879863396205
0.7599637034813321
0.7363001419615898
0.7308014652174378
0.694631949335797
0.6576613027192747
0.6926472092219023
0.7202961424065005
0.7591095432686275
0.7463129237826492
0.6641675161942047
0.7642669772509041
0.7835942388361185
0.6570756991711256
0.679062696144117
0.7290625623479865
0.7318902475205653
0.6531557218315652
0.6337521751923321
0.7108636006005857
0.7218245226748466
0.6651722659408634
0.7094355529073522
0.6808886490962056
0.7056157674741883
0.7069651496063327
0.7545523656469897
0.7177345557456604
0.6901046501866772
0.7265952351409483
0.7507539718553918
0.6901214397233919
0.6804671420750941
0.656164039542839
0.7496017853028564
0.8128290009394885
0.7952304239522096
0.6507926352655667
0.6964397300205302
0.6757191006842357
0.6561534259991869
0.7311655365763485
0.6884096000046079
0.592805040172209
0.6291037012729889
0.6378030331087128
0.6813904279353795
0.736094016394879
0.7339071855650596
0.6555546505412488
0.7333858956818752
0.6684799330186106
0.6835086134392294
0.6177629834724654
0.762520570103123
0.744508036361967
0.6283656439565646
0.646369303015449
0.6624767030871483
0.6478974141590401
0.6992257962673843
0.6824111794512451
0.769758867304322
0.8550191637470457
0.7430533040968246
0.6989488715886973
0.7201236349243992
0.7102999741873853
0.6645772178166797
0.7021796508748934
0.7603905749631231
0.6958436653551601
0.6689733123267287
0.6927003236987352
0.6104807820722512
0.7072908114639319
0.7101691133032536
0.7000490364972136
0.7172134286141651
0.6528271201282136
0.7451542924866994
0.7087494657288315
0.6635859574424623
0.7542095257527726
0.7513669474660937
0.6593297430286996
0.6095768387154042
0.6912386221036053
0.7342250141192734
0.6583843350114268
0.6749897464761315
0.702774186430067
0.7143392189667079
0.6452601382693144
0.7844127225161295
0.790753299763913
0.6371737128192129
0.7111770838252316
0.6885583851522777
0.718202327264055
0.7194672756499869
0.654534534770164
0.6988036780368054
0.690226351041764
0.592536549635774
0.6985243034415966
0.6482845875111893
0.6387978739760043
0.7772983265590858
0.7665543397665244
0.761653487698763
0.7535775055048408
0.671668473022267
0.6422971019418907
0.6221383221303193
0.7268332723537564
0.7004355599449164
0.6639290498675414
0.7557542557620055
0.719652300237676
0.6491063566198049
0.6975028708406664
0.6930334336365529
0.6826921014781564
0.7114250051503527
0.6883319686043327
0.595613025780124
0.5986297025583398
0.6303826735596227
0.6124089895588254
0.74825103760115
0.7067155561102966
0.6487546311880034
0.6615957613118103
0.6972091807306972
0.7621890997902747
0.7020270122346608
0.7363838525502645
0.6786176796823113
0.7106306513515287
0.7661040684491002
0.7104471881455445
0.7270074432345114
0.6799986888429397
0.6939502101634132
0.756828814538226
0.6555150733815281
0.725037505089067
0.7807345492333331
0.7174123395334164
0.6548525586443692
0.7096909779776435
0.7581735761416337
0.6722380918355797
0.6957806259591364
0.7058574042638819
0.7604482530198954
0.7157262735078966
0.7185640070257281
0.767750022755046
0.7506437922076695
0.7343011790616928
0.7305763499271917
0.7146802480100078
0.691983802012435
0.6046786833248632
0.6497242640836309
0.5461727807146928
0.6587944426971021
0.7516645402485359
0.7390218425246574
0.6350360475038965
0.7891243567271271
0.7806062748153232
0.7117509934657068
0.6828536304958872
0.690996124997137
0.6964957918574703
0.6520691336255637
0.6582627265672195
0.7226407711203304
0.5640703466935924
0.6219971244258693
0.681738689453751
0.730736524416835
0.7292878413851221
0.6710817751111625
0.8739076005888348
0.8815111977729531
0.76241754406233
0.8132328169704691
0.7384240881088505
0.6703517812321413
0.6830973630058228
0.6987871988313609
0.7109124370675831
0.7893370290906772
0.7147210163723073
0.6863088011234084
0.6914871593808137
0.7403019778039839
0.7282017921638172
0.6618831598584938
0.6926915974700348
0.7429743605169287
0.7126756839503366
0.8126859435889223
0.8217982259978077
0.744760367461262
0.02356689600884898
0.027964324928481735
0.0
0.0
0.03528543711727782
0.03528543711727782
0.026039762104575606
0.0250531757208436
0.03966511868217698
0.03810715550104083
0.0
0.0
0.029309046129025785
0.029309046129025785
0.02933389978499046
0.02875081497946804
0.02448781853037763
0.0259876005423978
0.024613538469572097
0.02641770040391107
0.027887637600475537
0.0
0.02646682126110809
0.02646682126110809
0.0
0.0
0.03143715978446897
0.03143715978446897
0.03133563439868904
0.03362752882967948
0.030801093895953435
0.0
0.03614716313620513
0.03614716313620513
0.0272179735234694
0.0272179735234694
0.0
0.0
0.0
0.0
0.0
0.0
0.0
0.0
0.026373013916969064
0.028674510234480314
0.02877333603134256
0.0
0.0
0.0
0.0
0.0
0.02655716380705888
0.02655716380705888
0.0
0.0
0.0
0.0
0.0
0.023488973817593246
0.023488973817593246
0.0
0.0
0.02681835508446848
0.023856595379649848
0.025751687058500967
0.0
0.02841967429481298
0.02841967429481298
0.0
0.04592276813080062
0.04532917596881712
0.02274158289308823
0.0
0.0
0.0
0.0
0.033078191849306424
0.017808564689420277
0.03292835801811364
0.0
0.03865514017845344
0.08659544241223162
0.04989827557839168
0.01271311869336416
0.024815081223860416
0.0
0.0
0.0
0.0
0.0263402033002176
0.027992184694278093
0.03684724810086388
0.026411813366629282
0.028048852985199654
0.056571399983231116
0.02944727529857022
0.0
0.0
0.0
0.0
0.0
0.0
0.0
0.0
0.0
0.0
0.03545762328248032
0.0
0.0
0.0
0.0
0.0
0.0
0.0
0.0
0.0
0.0
0.0
0.0
0.0
0.03598637731582089
0.03063501501365755
0.03825735304287851
0.039054916274286595
0.03988263543845
0.053305532142237884
0.05647815162312347
0.023625062353908807
0.025199253025456152
0.0
0.0
0.028491148173923786
0.02306157717443311
0.02170255801357664
0.025888200274792248
0.02612737570518498
0.09132119059253581
0.06098585075447549
0.026329421143539904
0.0
0.0
0.0
0.02972085997815542
0.035338928248625494
0.0359417061905736
0.03286805873790628
0.031301837669061104
0.06864752520492644
0.036188468965699064
0.04074069841305535
0.03520089780521715
0.0
0.0
0.0
0.0
0.0
0.0
0.035744570500709914
0.03699939949355112
0.038469547604479376
0.07091136154597646
0.06088705517752266
0.027830072686302734
0.0
0.0
0.0
0.0
0.02702434724134319
0.02027785612989732
0.025206508960839143
0.02605944725127511
0.02605944725127511
0.047097629370422965
0.012405277854941962
0.02399959517648045
0.0
0.0
0.0
0.0
0.0
0.0
0.0
0.03762493502990421
0.028970937700418073
0.031412862336659554
0.027556876773394898
0.04191754946661191
0.6908799053226802
0.10189893376296612
0.0
0.11808257191227363
0.1396724133599035
0.09759200755124797
0.07671782054242475
0.09032789543583149
0.0932804218133054
0.08919734554753266
0.08919734554753266
0.09905532650691293
0.09905532650691293
0.07671782054242475
0.07671782054242475
0.10923108164925233
0.10033772481583375
0.0
0.0
0.0
0.0
0.0
0.0
0.0
0.0
0.10639106542327167
0.10376515558232209
0.08900536238289825
0.12064605703792725
0.09975405711008527
0.22827366882589334
0.13201248153257478
0.0
0.0
0.0
0.0
0.0
0.0
0.0
0.0
0.0
0.10880955306814237
0.11316394860881998
0.11024264736681404
0.10255247333348445
0.0794210238371967
