0.29647538309516724
0.38149780258008914
0.468500224774893
0.32474583537333157
0.24828180348804876
0.36621045797368434
0.5399655402538188
0.435819730263945
0.2856199778838746
0.322338596031681
0.3973601215989171
0.375844498549098
0.21566084484656925
0.3598064631844085
0.339834149658015
0.33339043557374876
0.4169159056722871
0.544009565683964
0.4142755598808287
0.31561407898238686
0.44264684137267507
0.4021310442605802
0.4727331861001374
0.47555389022661204
0.39717485607359426
0.34251001006487
0.2689946593202418
0.4214024228410717
0.3635766121631865
0.3119343568057048
0.46128095634366995
0.43803491462187916
0.22474672241970903
0.24392903765206375
0.6233640113687864
0.5528926467404508
0.30598504042307645
0.423075748922255
0.5015903432304185
0.24430735676869592
0.3417761557662852
0.40959493105974915
0.459931107463043
0.3318369896175482
0.5347173865744884
0.36163275329206074
0.51732230178295
0.49360982517724844
0.3838759592519926
0.4606999529379468
0.4413262410071617
0.5537887399616804
0.5875571004219361
0.3853058384059975
0.45371541415302424
0.5891145490501963
0.5827276327576075
0.4763618618688291
0.3444961290905751
0.3229749868959696
0.32714229275278234
0.4490350545766592
0.41028598831962787
0.25720165359418873
0.4499752826307572
0.4595878928049716
0.4291152176353963
0.48222045331176716
0.3729131505663942
0.373028197597045
0.40015779503806176
0.413137285501446
0.5301985866345291
0.5023256730909853
0.37175621190502706
0.5183015168421213
0.2809403895149985
0.2767478931131348
0.3319656738028951
0.4055070170053706
0.4791277806700161
0.48611558493964346
0.4766047548543752
0.43719440692661526
0.41591526638721993
0.4326269245485009
0.3066158908572046
0.4031903818849407
0.30950243570498076
0.4783653015299867
0.5077545922600324
0.3778053788667384
0.4119492608930992
0.38453851543557277
0.45004435123302733
0.4134696235920825
0.23360140574109553
0.3634032392838177
0.40353107248054815
0.542624988689059
0.5346739233450549
0.5290190191583659
0.5431586406402272
0.31187342701308046
0.2947490731307636
0.48615168313652773
0.5384844452544668
0.3431063379191134
0.20769756483962717
0.3609595816550622
0.34591351922804797
0.4126272256241547
0.5894081423761262
0.5353565235110462
0.34277111428814333
0.6618370260622851
0.6113692733752896
0.3717967465263013
0.3545897951355496
0.41387160579725624
0.21556595788110944
0.31964018950567846
0.4787823398858335
0.4727863391422156
0.5149973119276583
0.3810138074838064
0.2973597577364458
0.39463035044420036
0.3568892841861687
0.32364017227516884
0.30007377703945876
0.49696180380305166
0.5230974786536849
0.3598972305174855
0.33108651442238196
0.310009184975076
0.35744657003188846
0.47142637617110045
0.4598000812870153
0.34321866498535014
0.3848284394892028
0.2814352665338139
0.21489204176769114
0.160874692167863
0.5423358890234526
0.479661156723988
0.3017760468444455
0.21299111735631918
0.2883466982565068
0.45270345583867744
0.4667331964055775
0.3558189363916486
0.40609200746530555
0.35329475907587293
0.37926011574852847
0.540437565681883
0.445943483558238
0.2514987164876746
0.42150898801709036
0.4066441007578838
0.3459833389441067
0.4053132186745154
0.2935083097245079
0.290833691553978
0.3251803337370821
0.317630729251791
0.368663673982149
0.4639882850874752
0.31198795489768183
0.3137043509307714
0.48894778591654975
0.413360350650461
0.33134815044121746
0.3512796575800045
0.43955176067742663
0.482916488946179
0.4083814524440522
0.32059775265674023
0.4184475870948542
0.5309061780028995
0.6293061367641616
0.36841562062713507
0.39272463657480217
0.3296983999333104
0.39457947209575484
0.4724544885039504
0.41801041431732033
0.4352886950439683
0.3763853448287572
0.603641176759103
0.6718780942157273
0.24540243672524256
0.30895162188314657
0.43802100651575665
0.3300532134445527
0.2999326753337275
0.18867949462098896
0.28832079625564794
0.32188856209519207
0.3286357950402238
0.18170353874922623
0.47991708978257025
0.46362615921230166
0.37108425725705835
0.3236577135236217
0.22348534354283478
0.2546404187474698
0.4413623776681603
0.501216276972142
0.2894448134517924
0.4608793377747327
0.36547153374790114
0.46496523321204986
0.5031871932334071
0.34617722119655037
0.39946082046801845
0.36452512155427386
0.5158116878034975
0.464854705929884
0.4238633670576642
0.3575916709779701
0.35531386930387954
0.31131242067899184
0.3939532259637936
0.373122433985817
0.22782073020419644
0.2453949485351272
0.28525761704054087
0.33591170821159194
0.4391814016561131
0.3824643957269391
0.52725342545332
0.38994302906053424
0.3106566448522493
0.5151595237457682
0.41111307648392564
0.5611305871238881
0.4134668877500321
0.4530708726364151
0.38995736260664654
0.3111882886243728
0.29329865882510725
0.38597505368727525
0.29499012726557716
0.25795920813524376
0.42424378684211084
0.2909516861710197
0.15775826749320118
0.3933887610821742
0.3658111294708602
0.48581526055428453
0.44615768305888714
0.3700019084378568
0.365605700452711
0.25362963210730294
0.3573160332721315
0.3157055508774697
0.4431361057019398
0.4908145179406174
0.3745879164817253
0.2949149950896411
0.2516680416017267
0.3819758328888683
0.38787039897582387
0.38819711912928806
0.37365916258328924
0.30936630282861965
0.5305789128507453
0.5142722557256831
0.6032187882757962
0.4454980397228091
0.493589470786814
0.6014540805890567
0.5618887329021043
0.3853257663356614
0.5130773504946483
0.5077559206118514
0.3462981836949474
0.3922450461892182
0.3621746222065566
0.474134451607234
0.3872952957953391
0.5242925652869732
0.49902496318357514
0.4592627627007837
0.5417317850465798
0.37386220484830235
0.37064522190638693
0.23655296979652163
0.47697716969136383
0.5222420152043655
0.5081104694083429
0.3713539523014812
0.3381419822144994
0.3466508437738922
0.4177008004772553
0.3077235604765005
0.3073966199789506
0.38155641158050524
0.44098495396540005
0.4752868102772382
0.37045030366769705
0.40649473553923476
0.4461357824290093
0.30376477312853684
0.2563187164104236
0.49422151492856087
0.518284683744845
0.39949765661787406
0.38849391826764235
0.414997773767661
0.4048754139725947
0.3805041025536294
0.2050196172570081
0.4259289611921882
0.31194761777528435
0.21227621825983442
0.33996638999667805
0.4327559688048217
0.4817726711772839
0.4701259836332256
0.4163609234361689
0.3835116831249933
0.27761459753287193
0.39065936135117374
0.5144483477258903
0.45111988336093695
0.5242423640443739
0.4322496119423049
0.30615767277363576
0.4407239825461256
0.44713919436116034
0.5901049399560454
0.5006957945357907
0.3259700576424577
0.30163658216717204
0.523158759960847
0.5938652138763035
0.27180878068970893
0.5533281852225661
0.5454500105518811
0.26150808022914024
0.3914968573700035
0.37117486341018074
0.29467870916034744
0.3966353170490822
0.5637592172567337
0.5209265176753368
0.24078201850404612
0.07263761165285605
0.32709055265574766
0.4379919947989454
0.18051012465158692
0.31021774557384385
0.3306251613771865
0.46249744260844444
0.4954281705020333
0.42701772126919046
0.19734385748148034
0.40918701406372004
0.4248692433163651
0.39536829640880516
0.3414918020149027
0.3580679877569211
0.4808353859046309
0.41532984916795157
0.23142521854865494
0.4031195097273801
0.39538493287435283
0.4391061037795366
0.41738810118161007
0.35402917296817926
0.2729183596935524
0.34436795480741705
0.3125880122662608
0.48972293511494297
0.44294799147775377
0.5535138643669809
0.4736452111718087
0.46071678992747145
0.3781057650125304
0.2928547407808474
0.2732016243128871
0.3853702646759082
0.433560805304509
0.48877915471004774
0.5366519736543459
0.469175997440349
0.3543851205045062
0.30840234631562846
0.3463128772467764
0.3807971096792286
0.2720450361798717
0.3232099291320426
0.39321893498193183
0.3178163933023506
0.2935023507537065
0.48123196435543547
0.4110472226050548
0.49103501468931726
0.5376380903481861
0.324055797591776
0.44183389147427643
0.45694873469887637
0.360589283142271
0.43805399110770915
0.3500447873690874
0.40591850545549174
0.38870918436884944
0.2921012021426055
0.2854341954801909
0.29887010348137244
0.3244733732483038
0.47913082501117693
0.29870145895665046
0.36671536357011536
0.4097806055603804
0.21511178884993482
0.3843085163776715
0.3437048844790795
0.35668878606289345
0.34125424866634485
0.28751234938804887
0.30027079595435807
0.352755605721441
0.4190452591292636
0.2732262188321882
0.6604333556312832
0.6253499354753427
0.3869168654436833
0.43737049288518864
0.0
0.2320100457230751
0.3840495161224964
0.5138662673370459
0.4057130403759359
0.45733777989303487
0.37531003789707235
0.2990587199460926
0.38356845417806223
0.3732412952633652
0.31475870072534035
0.48300980963123963
0.46773483469746524
0.3290182808099185
0.2984136633929292
0.377528911101177
0.4175665829823485
0.43303599203187376
0.3486363026848289
0.4256256760159541
0.4009189928378972
0.3887475843419579
0.45054046434103684
0.3841606448950832
0.33560787479802084
0.44497950796289343
0.3154122541393826
0.3567687462317284
0.2641396729988994
0.2880644372517624
0.4900060693089885
0.523122440189566
0.43210385305310356
0.4061655953168386
0.2966808621374275
0.34501633916006286
0.5387071289116311
0.5164011194987176
0.2536635554385573
0.2552080410395781
0.46498174729823594
0.45636664782097547
0.4205050171173954
0.38377134672665264
0.4302086146685249
0.35872529237347917
0.3977746435504439
0.3529480212414489
0.2925116360915053
0.3543945694932193
0.44415922295527865
0.28558470523706364
0.36493196056206834
0.3353454789457933
0.4093790350544616
0.376035399026793
0.4132561270270412
0.3908299721404655
0.552418315930784
0.6219181956429627
0.4496458599458459
0.33299816811935623
0.3106736534410573
0.3859288498677855
0.4124429978718432
0.4023410067396307
0.3788872779636845
0.3425314754009802
0.451619574903032
0.4884161560016748
0.6163967724566711
0.2832013741135438
0.44197521805859813
0.48274744463169805
0.3988658296537168
0.40458629421620956
0.33364494065184014
0.2924825906849356
0.37980969129350467
0.27404808589747
0.2702770030965733
0.6168525408767997
0.6090334858979067
0.45242950924035463
0.3956335047257447
0.49917002990039855
0.6214266716507367
0.43372876018588924
0.32431591914361746
0.36290511278042276
0.312621655655936
0.2944267068366905
0.3468958661165984
0.4969636925024837
0.9820968896348626
1.0
0.5185769881529402
0.3666967811741689
0.3479399659922469
0.4021483864003369
0.3769280146053107
0.3953062559752045
0.3550135181594554
0.3206858691636491
0.3823603962548453
0.5013797226041197
0.47107094847686615
0.38636260247912096
0.3941654945270123
0.31071860806106943
0.4354759316850123
0.6245319804896416
0.5485638989587576
0.561667704834504
0.5755292948065183
0.2818721071640269
0.2845378791516828
0.3424710549895117
0.4302454554911469
0.6119389079552141
0.6038881906310175
0.631722588720757
0.4383526171441194
0.38971045073264665
0.5223513065879187
0.30990452843183186
0.3416753131170555
0.3899084063623452
0.36914206705463426
0.5022271530333352
0.49936448178052084
0.46671177984831674
0.37249712260021667
0.5111701700265683
0.4737065562534618
0.3566260574446847
0.2254681152063581
0.3168209015051802
0.24983875317086168
0.3209206875663422
0.3998251022094533
0.27329335217638673
0.31076789124954574
0.36464601343818914
0.43444887156569506
0.41110060668166826
0.3851702050333099
0.4040514813166342
0.29796144104702416
0.3559178422799846
0.4148473545281954
0.48672692366359666
0.4285169484098736
0.4168913013319253
0.444656466189154
0.5237428306169292
0.4670790598427292
0.3763738804432923
0.5430321992267632
0.5242576031241176
0.3458184654830952
0.4556823252906015
0.3352320378838135
0.3093878941177693
0.49147058151476264
0.604120320090197
0.3812729815006086
0.35221754919345494
0.3730904955761762
0.3827987900191997
0.5482947103308632
0.2984871148078691
0.24216941505113315
0.3683079337865757
0.41150176399743893
0.2866053917177127
0.3968362128199649
0.32971694629546006
0.5351432791498262
0.5927321942517872
0.2801104863057665
0.3415585745399357
0.43144715940703343
0.4020377481776339
0.3858090812976768
0.37113568909777206
0.3581199468730456
0.4112641069734369
0.575447349574729
0.6595792249116084
0.3961165025572859
0.49747189532439057
0.3967613380455699
0.6217046791746021
0.6990289476343681
0.3410929976890154
0.32085991290280985
0.27827993013217367
0.4680774234878099
0.48985379471308516
0.22894267957929978
0.4516481447877456
0.39281905570229925
0.5300777461121551
0.2480279053863835
0.37715703646810816
0.3919387271728674
0.41302217909064515
0.5145365532207365
0.6384479744704706
0.6827708251849748
0.4866832492814009
0.37868884460350477
0.4055646911300178
0.29641070494224453
0.40764320382051034
0.4332407051175908
0.39862199028392287
0.38979724677904265
0.49696521348935313
0.5669933881220476
0.5271690548751218
0.43524306391922385
0.40084469458054434
0.3659290081573686
0.4215344314639974
0.3511326859163768
0.42671336106455965
0.3759715332720539
0.3364328274632199
0.3840840164739953
0.2660797359328084
0.40748649194086106
0.3328666077427442
0.3699021279327766
0.42227068251053834
0.5325808525928973
0.4708280778880219
0.39335093230499063
0.322235898554315
0.44937386092198434
0.47885909412181454
0.38861753095612794
0.36587427218710955
0.36882871514265575
0.43972491459265445
0.32147250591447435
0.3409503560840412
0.4350500354994649
0.5060575691298734
0.3919251225055266
0.39737249101024175
0.38039561865968896
0.3119767156722849
0.4286176835525409
0.48385856461482896
0.4608337533654984
0.47790932353555404
0.4048913091181175
0.24220041656081662
0.4154629904534848
0.2815776306046636
0.37836595453931826
0.39643301678789683
0.4228099276189349
0.4077245832591183
0.5323055893262699
0.4758856899351173
0.3826916544670574
0.3283096532507207
0.30986813289709375
0.3762270291177408
0.36128361778663415
0.3462949036278369
0.41575620256878987
0.4908871347084616
0.4193453566392331
0.27471613797151784
0.5023013614029505
0.5343984213345414
0.4133633946963312
0.5211915232581912
0.535996576710784
0.4108827106536905
0.4449502999759671
0.47874205682401316
0.28485362530109914
0.3657834355235602
0.4269340886278089
0.2951150299401677
0.4452403120289968
0.37166697767513746
0.3963802723296971
0.42440505414590785
0.4387163298975565
0.4799934377758757
0.471510558368808
0.4478015081110037
0.32079131846361536
0.4646404522512914
0.4651491299618616
0.4399365454289593
0.3866116061046758
0.3416781845578846
0.47168765243403526
0.47518567286786184
0.3327629771099571
0.3668693097740767
0.29450512305011617
0.31152693149593824
0.18818259496969866
0.1963579708123519
0.3610357652726663
0.26724238050677607
0.6535287699658828
0.757191740070318
0.46406568872592574
0.3060442745139195
0.3239697577479726
0.6059284129685732
0.602672760599166
0.5747446594788466
0.4187154716251486
0.341145692474806
0.5202485134646226
0.4598195865085235
0.3443321043394546
0.29939387273368967
0.3503553439294879
0.4238075226316254
0.516807128574254
0.49945331820834604
0.3446333795960236
0.36473146866634604
0.35710136373791607
0.3243728868333878
0.3649101279842207
0.3990812617357613
0.4788050297324916
0.45303832980550673
0.3513044342217141
0.43901110242945596
0.4877022016041595
0.35941544320531454
0.3577402209767657
0.368176852036198
0.24300646471220305
0.324586011483688
0.31450647839317786
0.23548163211103582
0.36307741805214033
0.3480605217519906
0.3156112252803635
0.33218505594401115
0.13039558631602136
0.3638146193764952
0.3788630207366959
0.3823667484804158
0.36882123939441325
0.5123543881291301
0.3700681737778901
0.22368648913539393
0.37352671920497355
0.3802028760338436
0.4528495207724389
0.36173065196059556
0.518040937508633
0.4693244435625099
0.32394205566955936
0.4216923429696902
0.22352948773929665
0.2291854119998845
0.28924609969063314
0.4381892918497857
0.48705824136532283
0.176016803018728
0.31359644747728704
0.32908893763060193
0.4113400506028944
0.3260143059081663
0.511380530706732
0.46759183237584123
0.35673872055313655
0.44635353304076836
0.46086643161624935
0.41997251584781603
0.21016356712184148
0.3505964502208754
0.3244067400691052
0.19753523610750345
0.5653167656609351
0.6865291164153572
0.5304961681981315
0.24733278368610662
0.3310079260632098
0.5242066702720011
0.5065538560691506
0.431736164546045
0.3787233922085881
0.3310622190395178
0.39079501196586275
0.436936225252841
0.3978838522286784
0.32769055223239885
0.27863836155758254
0.29518373309892043
0.5338279295231153
0.5087398369965854
0.3309192053899877
0.47263539878116395
0.5386858909065692
0.34685009273871475
0.3365814340692313
0.3770751412282338
0.36371865812272874
0.4228760778335188
0.3177687147983161
0.2561268144175257
0.45791081659051436
0.4635083585247686
0.4062692863526685
0.5730478822024161
0.5536294691949746
0.3761823566144191
0.478706193018276
0.4601647427441454
0.24851459257405903
0.32718317596713564
0.24513633645376448
0.37850771259105354
0.4019980201984584
0.45399103597535273
0.38780190876649756
0.42566465066522935
0.5681131186438857
0.4872594757630346
0.43293888385450446
0.42868102321689766
0.29749630693266294
0.32595874405551367
0.3417136757338101
0.4682363410984079
0.4776088474921872
0.5352404623386317
0.44768650660452775
0.49855636396670294
0.3254230852930564
0.3988306311990116
0.3074276206781731
0.38504800500779096
0.34432351539325906
0.28853795855845854
0.4560113361817806
0.4576288667584752
0.2739367992256617
0.36775578916567514
0.33089742383475457
0.4669497881602902
0.43157143302765316
0.45184730697087444
0.4271339084354258
0.27687425938947735
0.3160970203180659
0.4116950217312491
0.2211153489120904
0.3357164015210434
0.49661979269201795
0.6234878576058307
0.6363403463748977
0.5894916012575177
0.4252056003944165
0.45908488673496206
0.5663806516932735
0.46814690205011605
0.42559035789294325
0.31817228922111923
0.4441348385392762
0.5251554585322112
0.478343733879298
0.4674661429685694
0.3930876227161974
0.2986129377887795
0.3227788293079922
0.3919886403741412
0.4466843059485892
0.3952953643330883
0.4812819090222629
0.49815121658751527
0.3356495492741053
0.5336682796745081
0.5348905700533203
0.38948214445421386
0.3216203768058677
0.3651154883673883
0.46402621097629493
0.3869773968249786
0.36445031478800244
0.3138658002298917
0.2754813211307527
0.4280246654956003
0.2826580101575801
0.30010698714437595
0.33763716506247404
0.42519967335098563
0.3687276245520043
0.3224368179993299
0.31868872837155837
0.42031267276096507
0.514450643177439
0.4416169246356881
0.3157021321035545
0.3455386295496219
0.45914529557612777
0.5069365855768
0.3869921132789975
0.4752822686373324
0.4816499484766172
0.31981691372779597
0.5046573073877969
0.6297346338284118
0.5946631549452791
0.47510434682473524
0.30919109572413794
0.3994910799041206
0.35850112180688115
0.49536672425529665
0.49948677735832003
0.46818635611962545
0.3836057181457551
0.19447889010241934
0.2963759366649807
0.4311748659680731
0.28349480824812856
0.3697202533596532
0.47793597221312883
0.4597469160854945
0.47672660413202156
0.31861140837201285
0.47257871434481424
0.3441804573880112
0.5367299364959158
0.4080850806745431
0.24385118635207273
0.5302135025706642
0.49458075265308205
0.5348684180825571
0.4992387996292989
0.30044077252498197
0.3323047493993687
0.3034637121629207
0.47433549651119333
0.49113499989631904
0.37173952416383366
0.5445324450196184
0.7131960469703521
0.6206810242827786
0.4475863802583753
0.4044547132991286
0.44634304824120824
0.42690968859578615
0.5198216112938016
0.555684415138333
0.410845904677213
0.5259999041263838
0.398311933013347
0.4622335416148714
0.40613768198839395
0.39209371248099684
0.22944539174970574
0.4209569034781025
0.3874116917386356
0.5517076884894444
0.40663108124472686
0.44058602065412283
0.3132157538518375
0.5318656547768061
0.5130994334514467
0.42384244214713634
0.3344990982681001
0.513772430529071
0.5333480109736476
0.4510890395488769
0.32607937087268685
0.2276571931521596
0.3892021455231296
0.4901644891090754
0.46544102009720006
0.32420914606513584
0.35705829891077
0.41202202665200227
0.5390338383258012
0.37208508588472383
0.29824660092289834
0.5735209907508468
0.5860640458618086
0.4578896247652517
0.3943871183815295
0.42864480420055323
0.3839000478627485
0.44254227948987157
0.5403249834450736
0.5502152703148273
0.31659339521071095
0.40416748854782175
0.3871996509205528
0.43426938178374797
0.49392201028672345
0.40361482420712114
0.3042296261331671
0.28546282209567475
0.5308288378050218
0.5528758716791431
0.5381931853685761
0.5284982230371745
0.5125221555949042
0.38604258716107653
0.45205137366100795
0.2923850639526408
0.2525065676793436
0.4596161854907259
0.44449855171621927
0.4904489707524302
0.33517781047800566
0.5168282459351744
0.44541064465707964
0.4650809790832856
0.4881650200388324
0.40159420606701757
0.3927526771374904
0.37229524966448324
0.4866873636284975
0.4591322195522326
0.383452146176841
0.20003370267775347
0.2060013522469386
0.382049456133398
0.36864156142542
0.23325980987353265
0.501985231612767
0.4198189219786979
0.42636995003395073
0.47403591567896514
0.3305620529845467
0.40101322249234733
0.5295577814526606
0.5214217983995693
0.5374157613425435
0.47850933181874206
0.36423514801546464
0.4275638406913601
0.5118030439913979
0.5049781714560356
0.4272009101546652
0.4599607337661686
0.3669670876060689
0.5196257355971119
0.5432632547017779
0.5189539593242533
0.3185331160531732
0.4560637632289619
0.4215192316468768
0.6326637202241933
0.4409795101622294
0.3172225163182809
0.4257049602685933
0.5265835011396126
0.5379776221433004
0.3516149213673704
0.3981872272353733
0.4181213090512761
0.5539123913289046
0.47572444949081205
0.4376441010579229
0.44325776153604834
0.5405585090661164
0.5620305060131926
0.5194551911186901
0.47438934599971805
0.4670208154563363
0.43557483276345077
0.49101508587167236
0.46179220171657515
0.21796756544088314
0.3070776227562518
0.10223003365503976
0.417566464456891
0.5216698705252226
0.5087378899519653
0.48372785567515314
0.2780211026884997
0.5086357409946506
0.60596075007373
0.565991000747981
0.42978012358361256
0.3726147895568684
0.514640537363356
0.49786106774098643
0.3996019825369382
0.3117162899852901
0.3239685778395562
0.5356163741744641
0.5532738693959516
0.13763535207520253
0.25222724759234744
0.37040919117197757
0.46917511984259685
0.5682872169160025
0.46447186241585836
0.34932747279079757
0.7505615256969626
0.6769180917914686
0.5219981537561236
0.5300096944224418
0.6305334706745442
0.4825453660867
0.5336113250329906
0.41902985720325187
0.3730969460207021
0.40413488905821726
0.4281212747589267
0.5846741961310179
0.5150578482181384
0.43565548154275296
0.37944987631713545
0.3896938068724561
0.42845302379109623
0.5722124791146883
0.46232341840142616
0.3311305904644932
0.3920764500830759
0.5564771345025921
0.5170138751164203
0.4316093645590062
0.6294516349527484
0.6474777319427745
0.5954363427474877
0.5168883461319339
0.4968020964556543
0.46405360491630016
0.377832995399266
0.5067727147808337
