0.02814341015712634
0.7681575108135704
0.7694955777422173
0.0
0.0
0.0
0.04213760390813303
0.8099913824195051
0.8208210863462406
0.0310964882701521
0.7882637882365041
0.7863531450958905
0.04736778672865722
0.7304359164169472
0.7379020762449917
0.0
0.8240447067523012
0.8240447067523012
0.03500064269022059
0.8484393425640734
0.8390183284898013
0.03503032273944961
0.7633683641222877
0.7671378217897177
0.029243168913501556
0.7899528706215413
0.7845512246793181
0.029393302720361416
0.8273450394389403
0.8204486974765786
0.03330320730438078
0.7574084042450763
0.7574084042450759
0.031606479106414
0.8083229824602822
0.8077266692086145
0.0
0.7956699769155546
0.7956699769155546
0.03754202002916375
0.7458045859489661
0.7512775463993376
0.037420779176219346
0.8416426341035852
0.80301518590203
0.036782434923822424
0.8406080445926833
0.8406080445926833
0.0431666706458414
0.7798597306107353
0.781049039833513
0.0325034994947651
0.7557857552932989
0.7520628046119475
0.0
0.8139127703998598
0.8139127703998598
0.0
0.8775999520267037
0.8775999520267037
0.0
0.8302848577707803
0.8302848577707803
0.0
0.7501540354809726
0.7501540354809726
0.03149445508081199
0.8128029569273035
0.8105107011754488
0.03436090171632431
0.8159651332287565
0.815965133228757
0.0
0.7871085839155423
0.7871085839155423
0.0
0.830039483920714
0.8300394839207141
0.03171436549605044
0.780265688661847
0.7769281416477487
0.0
0.7377749101643173
0.7377749101643173
0.0
0.9668285306816523
0.9668285306816523
0.0
0.746562093135181
0.7558735074658671
0.028050356061753375
0.7894000772891087
0.7894000772891087
0.0
0.8864539224295231
0.8868742833351339
0.02848936696924317
0.7366374124816794
0.7240766013350594
0.0
0.789829943989739
0.7937174680817037
0.033938561527599574
0.8738157888359713
0.8738157888359713
0.05484062468686791
0.7879362288818907
0.784402088181137
0.027157827434811564
0.9106842721141806
0.9106842721141806
0.0
0.8616181756154923
0.8616181756154923
0.0
0.8501818534653002
0.8505514774396673
0.021266854157453833
0.8302609417813741
0.832926926033891
0.0
0.8804468885995442
0.887716606763718
0.10341162674245097
0.7948959799076308
0.7880149041524338
0.015181910830736183
0.9097125902869971
0.9132999238503358
0.0
0.8337376370909181
0.8337376370909181
0.0
0.8743020313609673
0.8743020313609673
0.03145527288879154
0.9013016819234226
0.9062247401582629
0.04400270685094158
0.8844822154091686
0.8801078969431962
0.03349572950561705
0.8048944765745831
0.7974501316451963
0.03516571492598329
0.793832645778801
0.793832645778801
0.0
0.7689736652976726
0.7689736652976726
0.0
0.8481193384479078
0.8481193384479078
0.0
0.753235365691629
0.753235365691629
0.0
0.8646035040914012
0.8646035040914012
0.0
0.8600808178722257
0.8540063608879497
0.0
0.802465172473969
0.802465172473969
0.0
0.8125323395843503
0.8125323395843503
0.0
0.8146298932944986
0.8146298932944986
0.0
0.8051946037343086
0.8051946037343086
0.0
0.8248872228552966
0.8248872228552966
0.0
0.8883364981078277
0.8883364981078277
0.0
0.8077597737113357
0.8173880893168767
0.03658410477032511
0.8285169856246674
0.8282717350365816
0.0466390875975677
0.7922240256855226
0.7964632920279123
0.06365706600307407
0.8197606899845546
0.8171882347325998
0.02821287196939661
0.8526256907428925
0.8563264594452661
0.0
0.7784533644271678
0.7784533644271678
0.03402391509705484
0.9054580669140958
0.9034188698424767
0.025917031729828875
0.860406657834106
0.8609681174161936
0.03120111577376422
0.871303980601722
0.8821848602241634
0.07282884478804656
0.8493538654753905
0.8506601791655315
0.0
0.8218907873812764
0.8218907873812764
0.0
0.8189592561426499
0.8197316639426172
0.04220148261531284
0.8784073618679311
0.878659925485807
0.03925078880910271
0.780364260155277
0.7863832271450031
0.08197835885508589
0.8278828972386025
0.83727188453582
0.048652235962507756
0.8283614692821343
0.8236718920847075
0.0
0.8623508593874873
0.8623508593874873
0.0
0.7551776230395085
0.7551776230395085
0.0
0.7389804545699848
0.7389804545699848
0.04268589754518674
0.8154129551567151
0.8166135938107681
0.045940044729922754
0.9258443470721208
0.944474786738829
0.0727108638522946
0.8583449816221868
0.8631095973030638
0.0
0.9568008600751129
0.9568008600751129
0.0
0.7924604661484889
0.7924604661484889
0.03227227244335233
0.7899161860937146
0.7897892555231938
0.030101423626081668
0.8386472311869719
0.8369351782231931
0.031119996124447352
0.8191546892768761
0.8094215692929703
0.014814289614281691
0.7153941269425692
0.7210694588401795
0.0
0.8119338143308437
0.8119338143308437
0.0
0.7961638104042917
0.7961638104042917
0.0
0.8231849638679137
0.8231849638679137
0.0
0.905861373564673
0.9128746983409529
0.034596876144965094
0.8034245072569165
0.7956978673861241
0.03290821520966685
0.9740863443509564
0.9846050262823731
0.8250435923980828
0.8351733120919642
0.8409272997754865
0.0
0.8394484548487267
0.8009572967309851
0.16679574668414052
0.9221364914705318
0.9191486970466658
0.09161584491549357
0.87027651104515
0.8630703786182289
0.11139477891937395
0.876074937235794
0.8920585081658208
0.10651879991868916
0.9069003716923909
0.9075279082152502
0.11829112671797608
0.9165553633067028
0.9221804322766232
0.09161584491549357
0.8256103694576291
0.8279774683542263
0.11982255714390964
0.8776973255578225
0.8776973255578225
0.0
0.8536904328811477
0.8536904328811477
0.0
0.8690483547468971
0.8690483547468971
0.0
0.8652780181061508
0.8652780181061508
0.0
0.9326222997940627
0.9388713780539996
0.12391556921517337
0.9454564908148957
0.9345723841064834
0.14407461490828202
0.8980670477783349
0.8833250612942402
0.2726027003058394
0.9376823971420835
0.9165558157719418
0.0
0.8969281486505205
0.8969281486505205
0.0
0.9123481565533934
0.9123481565533934
0.0
0.9066061104018892
0.9066061104018892
0.0
0.8895366306247664
0.8895366306247664
0.0
0.8857548523819454
0.8735746197632688
0.13513953723486286
0.832030677553585
0.8373494368088368
0.12246739318441864
0.9769531908971147
0.9676924493773812
0.8868283187403356
0.8720460920298653
0.906655818056996
0.04462272773950466
0.8355064622599233
0.8355064622599234
0.03829734301313178
0.7828949444184702
0.7771062687567288
0.04215688886649761
0.9015440496896191
0.8981897608787248
0.0
0.8450882197669078
0.8486620464229379
0.04347147451366037
0.8639599206949896
0.8639599206949896
0.0
0.9059042918014905
0.9057070294949281
0.04458717092060884
0.9150591797659752
0.9173200128187546
0.0409839378357681
0.908767420669008
0.908767420669008
0.0
0.8022727165685408
0.802272716568541
0.0
0.8751908771588297
0.8751908771588294
0.049313595843130165
0.8556913451100093
0.8559662637704354
0.04968640075535892
0.8804127729162202
0.8811007322830445
0.039697070246243596
0.8265819258276697
0.8231289098561249
0.048569637681162535
0.8208569686710926
0.8259430498259346
0.0
0.8297272646282567
0.8354114428174004
0.04475677450050829
0.8457477405847419
0.8530052163274934
0.0
0.866002656577787
0.8749545367346043
0.0434648254012326
0.900713705059831
0.8984804576415077
0.0
0.8817820715766073
0.8817820715766073
0.0
0.8652011678985843
0.8620755111281824
0.04293872340359754
0.8435092131197275
0.8409708188378516
0.046339696092148205
0.8513172082025602
0.8533956890321042
0.04187533895320761
0.9085189036658302
0.9089150106987327
0.038684073071079884
0.8616238459982497
0.8573502139599078
0.04293872340359754
0.8736332825664251
0.8742536254434109
0.046920744975287934
0.9104262097275565
0.9192326092414684
0.04708555683746837
0.9154329305362978
0.9258075783094806
0.0
0.917192510701764
0.917192510701764
0.0
0.88692646295794
0.88692646295794
0.0
0.8333808281851677
0.8361315253833074
0.034093529381338875
0.879665462342244
0.8745689775270653
0.03519181567578357
0.9037781974061512
0.9062595016905683
0.09902953167145176
0.888373154971533
0.8676031326470631
0.03823322460247682
0.8652289119053493
0.8652289119053493
0.0
1.0
1.0
0.0
0.8468329963256773
0.8468329963256773
0.0
0.828868202889785
0.828868202889785
0.04913771010120909
0.8937576132033033
0.8873470045202179
0.0414290535331463
0.8579234292965655
0.8574302515371856
0.03086208032629959
0.8692037580994455
0.8664061344778612
0.0463618994974467
0.8571758760376134
0.856542762089598
0.053906732162477884
0.8373213839588902
0.8390684457712907
0.05618291986361744
0.8226885392866521
0.832025708608156
0.056560678237109384
0.8387506976874409
0.8273963755795113
0.8517286442340904
0.9068842550621776
0.9047905669065385
0.0
0.7914542580439067
0.7914542580439067
0.0
0.7933561690045696
0.7933561690045701
0.01682745979367297
0.739188141782528
0.7391629379286099
0.018034267245526658
0.7792090358879356
0.7820975740478263
0.016034748954157498
0.8787904646769248
0.8787380691431579
0.018424454193821983
0.7845670106599006
0.7851874198314543
0.018069787196918725
0.8340861880139974
0.8340861880139974
0.0
0.8189411798710474
0.8189411798710474
0.013919910414684404
0.8523136080943458
0.8515657642969438
0.013252896686266447
0.8209921464548033
0.8192590546444328
0.0
0.8000974124814791
0.8013500722324545
0.014722294560803886
0.7366160114622085
0.7373687332610304
0.014669394986039225
0.8540972865944504
0.8526429715630277
0.0171099579493667
0.8411301618508521
0.8411301618508521
0.0
0.7170551126837589
0.7154742478103217
0.013986413771145316
0.8162891032198689
0.8162891032198689
0.0
0.8335936359896653
0.8354010239977989
0.01080222151923579
0.8178506811088492
0.8138407140395321
0.017945724546082453
0.7347210001225649
0.7341456874472978
0.017981270830042344
0.7766075866920301
0.7740922023540375
0.018434900783531615
0.7642052467861649
0.7641821160428647
0.016357816444704434
0.8404682595070454
0.8404682595070455
0.0
0.7980887268734119
0.7994850793293389
0.013819528458825801
0.8592091574540514
0.8583170012861928
0.01711968580270302
0.7595026576445855
0.7595026576445855
0.0
0.8933156676917107
0.8967453186568145
0.01760086957670574
0.9281104022936418
0.9283411730381007
0.0
0.9224106311330477
0.9224106311330477
0.013993669645415908
0.8230905745559692
0.8133414485806877
0.013986413771145316
0.8058200457723792
0.8058200457723799
0.015904156180173813
0.806848337309786
0.8062610905957354
0.016462269893356838
0.7950307930882273
0.7947398300210397
0.013986413771145316
0.8257742597347749
0.8257742597347749
0.0
0.8366212276257268
0.8370094038716854
0.010159223973362658
0.8206250514358701
0.8193659541287155
0.013986413771145316
0.7914391538937965
0.7916894470576632
0.0
0.8012017854615934
0.8012017854615944
0.0
0.8351279304128993
0.8383891900389695
0.012461062113026665
0.786909092925541
0.7869090929255413
0.0
0.795578267097828
0.795578267097828
0.0
0.8471843576822161
0.8471843576822161
0.021209431693114966
0.7918784031204064
0.7976430833925213
0.0
0.8197410401059215
0.8197410401059215
0.0
0.8210989606547395
0.8257247342468734
0.01333641647740584
0.905525245069419
0.905525245069419
0.013986413771145316
0.8167473411048518
0.8174622589765054
0.013652103792275463
0.7982496527298555
0.7969263052156484
0.0
0.7813075033748792
0.7813075033748792
0.01684220722407816
0.7935403205316012
0.7968128468512549
0.014116983286581283
0.7890150979292017
0.787518052356749
0.013652103792275463
0.7988499466201773
0.7960778590901145
0.01776687220071946
0.747402426666005
0.7474024266660052
0.01417635381345069
0.8852877041825387
0.881881319890642
0.018006113487843256
0.9511904652351282
0.9495629650218874
0.016333932171033114
0.8115620948490877
0.8115620948490877
0.016308712768933267
0.8142463882241886
0.8127591565748034
0.0
0.8944518685155132
0.8939963735597835
0.015916450009931766
0.8467554680593341
0.8466111505501772
0.017340930613086305
0.8122659330624111
0.8125210814256444
0.014700280926917313
0.851457804967579
0.8511081265330984
0.015987850557201505
0.8417213309213145
0.841892558682194
0.017612459697700214
0.7949752591282944
0.7980790845186908
0.0
0.813477825877233
0.8150544741683021
0.01322342911280233
0.8187765537917981
0.8187765537917985
0.01522165183959785
0.8662607357022932
0.8667979480940663
0.02036314978088134
0.8760203176256246
0.8800590620179919
0.0
0.8210217444226593
0.821021744422659
0.014746019104252913
0.8112149405491386
0.8103450201739083
0.0169133764915251
0.7622507281765364
0.7635606982984371
0.018262288464124584
0.9131596763847816
0.9131596763847816
0.047007545430059985
0.8399017354288472
0.8432501582058176
0.0
0.8064618074365189
0.8064618074365189
0.0
0.7964305200670825
0.8067561357774007
0.032167339395547674
0.839626238872979
0.8401482538782322
0.0
0.8159274664679759
0.8159274664679759
0.0
0.777332968998009
0.777332968998009
0.014108117678409072
0.8268529467983908
0.826219081842802
0.013324538821601343
0.8165926299051455
0.8150426126586537
0.012897206106372239
0.7916382760283839
0.7916382760283839
0.0
0.7522342410862459
0.7522342410862459
0.0
0.8176238309226623
0.8176238309226623
0.0
0.7985422745722974
0.7985422745722971
0.0
0.8195622139412231
0.8195622139412228
0.0
0.8480390160278993
0.8480390160279
0.0
0.8255142683736735
0.8255142683736741
0.0
0.8109446903516533
0.8109446903516535
0.0
0.7445863689930403
0.7445863689930403
0.0
0.8068681702912468
0.8068681702912466
0.0
0.7867287076696962
0.7867287076696966
0.0
0.8390911336552749
0.8434507789916015
0.01854155189235002
0.7774930910704912
0.7782114466928737
0.0
0.7532587080284366
0.7532587080284366
0.0
0.8534495312328761
0.8541861760683599
0.03430427580181273
0.8797440329575953
0.8797440329575953
0.0
0.8174358778015881
0.8174358778015881
0.0
0.8237714345727155
0.8237714345727155
0.0
0.7955931776458907
0.7955931776458907
0.017242625893811214
0.7962681450559757
0.7962223447418821
0.01694343521345353
0.8877351050057511
0.8857436637224315
0.012425804301878054
0.8761311423856626
0.8847415039098624
0.046109310510345315
0.8607986349278218
0.8607986349278218
0.0
0.7618088756801717
0.7618088756801719
0.0
0.8001848723711434
0.7999735188190311
0.015698050316749666
0.830840881077064
0.833024174580241
0.021214828591766623
0.8997732154614817
0.900542382758651
0.015645637059424924
0.7223948866123168
0.7225789768957366
0.0
0.7751733245340802
0.7751733245340802
0.0
0.9011375087337474
0.9011375087337474
0.01634913125780149
0.798274730232062
0.8002621859959113
0.02027087329369407
0.9150610480741732
0.9091222331861085
0.014745246184695556
0.8075018487709128
0.8222194627063613
0.04535602922133372
0.8236817138932264
0.8236817138932264
0.0
0.8111923727061051
0.8111923727061051
0.0
0.8498088656931254
0.8498088656931254
0.016303296495284704
0.8323470526849294
0.8309339308919957
0.01192119552052015
0.887564503995147
0.8923218458315682
0.017336740131858985
0.7645810647248129
0.7683888063687185
0.031119423299215417
0.8032364136487153
0.8032364136487153
0.0
0.80488807036578
0.80488807036578
0.0
0.7831026611611811
0.7831026611611811
0.0
0.8291905000635638
0.8291905000635638
0.017830190821868246
0.8447702974964033
0.8464931186354044
0.017068268854606224
0.8300969742080828
0.8328209524916051
0.021206262319378406
0.8753048032604083
0.8714147477655415
0.0
0.7920530533220678
0.7895231729788932
0.014311293112853247
0.8376073963408284
0.8419232447756793
0.020026594915223853
0.8238819044266676
0.821694367151609
0.01855919635763886
0.8316537264418259
0.8316537264418259
0.0
0.8095933837523925
0.8095933837523926
0.0
0.9039574002595256
0.9039574002595256
0.0
0.7997700604196637
0.7997700604196637
0.0
0.7772790063685877
0.7772790063685877
0.0
0.8449879492560266
0.8449879492560266
0.0
0.8448670754934225
0.8448670754934225
0.026614361568565753
0.8575638401331765
0.8550180414568006
0.0
0.7689439336623745
0.7689439336623749
0.0
0.8188383502045521
0.8188383502045521
0.0
0.810599696323246
0.8105996963232466
0.0
0.8702517218191378
0.8702517218191386
0.0
0.8242954902869192
0.828830031960886
0.020442045618511515
0.9021197764283904
0.9065496731016135
0.019647289490343722
0.8351893772001111
0.8387832565031599
0.015642513090879433
0.7912939703524858
0.7923839466766233
0.017382433908130136
0.7763633147251873
0.7763633147251877
0.0
0.8480829832901626
0.8480829832901626
0.0
0.8475383987016463
0.8475383987016463
0.018268411196481395
0.8608823332950153
0.8611741823275613
0.017389924860596713
0.8531173762420442
0.8543690813949225
0.021605898741177514
0.81896671616568
0.8153659500344648
0.009965555066593253
0.7972749562391647
0.7996125952269201
0.0
0.8361648168567496
0.8361648168567501
0.0
0.824719314106511
0.821888173410605
0.013869208450024725
0.8290113156524241
0.8290113156524241
0.0
0.836896080871444
0.8368960808714446
0.02054424676293023
0.8077477234943452
0.801319284924718
0.013971805489542626
0.8828487742840869
0.8828487742840869
0.0
0.8270712757737063
0.8270712757737063
0.0
0.878560371113868
0.8814224976001942
0.016030519092619662
0.845582470506089
0.8513144662878993
0.02200114157909934
0.8346178492170346
0.8334644388444473
0.039169879566661056
0.8812641013670001
0.8726076693799064
0.014151796383248044
0.8241358900890111
0.8241358900890106
0.0
0.8677965227999209
0.8677965227999209
0.0
0.8359875680385931
0.8359875680385931
0.0
0.7924024318478505
0.79240243184785
0.02140451959943975
0.8065887991489086
0.8057981510423782
0.01559901257035145
0.8193397143149223
0.820867299176612
0.010991132710624562
0.7959608904035517
0.8020655342159296
0.0
0.8806869550918557
0.8806869550918557
0.0
0.8221092386935475
0.8221092386935475
0.0
0.8590912121501117
0.8590912121501117
0.0
0.807588977085354
0.8075889770853535
0.0
0.8400204626989276
0.8528766644082665
0.02357996313302076
0.8112719655418081
0.8112719655418081
0.0
0.8366305914006048
0.8366305914006051
0.0
0.8518166975016069
0.8518166975016069
0.0
0.7996493114273827
0.7996493114273827
0.0
0.8522077490341357
0.8553374232450961
0.018245490802512834
0.7665174456315548
0.7727695021877192
0.014792467612577034
0.8223824453695653
0.8198656027221295
