0.0
0.0
0.0512989176042577
0.0
0.0
0.26207120918047955
0.19611613513818407
0.0
0.0
0.0
0.0
0.08972229068318688
0.08178608201095308
0.11566298639324805
0.15534712747612348
0.20180183819889372
0.0
0.15713484026367724
0.08606629658238704
0.11694106924093721
0.13355611265883557
0.0659380473395787
0.07071067811865475
0.16878498775964423
0.24112141108520604
0.27681826617913324
0.07744030926623663
0.13987572123604708
0.14907119849998596
0.07647191129018724
0.0
0.09100315103865803
0.18200630207731605
0.31497039417435607
0.2970442628930023
0.31311214554257466
0.253546276418555
0.2545875386086578
0.0890870806374748
0.15724272550828775
0.043852900965351466
0.0
0.12510864843424488
0.26064301757134345
0.24019223070763068
0.3209703693831847
0.2520920866827581
0.2615328904829707
0.2588414429342565
0.05143444998736397
0.0
0.11470786693528086
0.20295302744752147
0.10425720702853737
0.0
0.0
0.1257389226923863
0.0
0.2165063509461097
0.04564354645876384
0.2656844656620286
0.16169041669088863
0.20851441405707477
0.11145564251507058
0.10690449676496977
0.11094003924504584
0.0
0.0
0.06201736729460423
0.3308465799422135
0.2546858159868053
0.0
0.22677868380553634
0.0
0.0
0.0
0.0
0.14509525002200233
0.23180022278587675
0.20156929930231737
0.15713484026367724
0.046225016352102424
0.06362847629757777
0.26315789473684204
0.04335549847620599
0.1182165609358651
0.0
0.1732050807568877
0.0512989176042577
0.0
0.1563858105428061
0.14744195615489716
0.0
0.07106690545187014
0.2901294265928297
0.30618621784789724
0.24253562503633297
0.25286086871208685
0.10767638041163309
0.07453559924999299
0.20732210721568237
0.23000322710873394
0.21969401455243584
0.33275613232308116
0.06262242910851494
0.15191090506254998
0.08178608201095308
0.0
0.0899842541331695
0.0
0.10540925533894598
0.0
0.11197850219117086
0.20341905108624309
0.30860669992418377
0.06388765649999398
0.20965696734438366
0.0
0.0
0.2882306768491568
0.30382181012509996
0.19026059766179765
0.20683507599800763
0.17407765595569785
0.3061862178478973
0.0
0.0
0.2927700218845599
0.14824986333222023
0.13259870882635919
0.07755667343294811
0.0
0.0
0.23094010767585027
0.11009637651263604
0.05504818825631802
0.0
0.21320071635561041
0.1875
0.08451542547285165
0.07755667343294811
0.1025978352085154
0.15811388300841897
0.050251890762960605
0.14213381090374028
0.0
0.04767312946227961
0.0
0.0
0.27277236279499045
0.08908708063747481
0.040422604172722164
0.23338001400466826
0.2182178902359924
0.19518001458970666
0.14907119849998599
0.0
0.0
0.0
0.04822428221704121
0.25809709637054695
0.10832372170111786
0.06201736729460423
0.12909944487358058
0.16012815380508716
0.28644594961577313
0.0
0.0
0.0761386987626881
0.04188539082916955
0.17699808135119716
0.03742405942825599
0.11961783342433499
0.14704292441876154
0.08451542547285165
0.0
0.04667600280093366
0.10369516947304254
0.07838618016696206
0.3273268353539886
0.22388336779724755
0.5098284237156423
0.02463323195410733
0.0
0.034299717028501764
0.0
0.0
0.12677313820927746
0.14992352790734176
0.10210462507669134
0.04351941398892446
0.06454972243679029
0.23008949665421113
0.9411764705882354
0.9411764705882354
0.9411764705882354
0.9411764705882354
0.9718253158075505
0.9718253158075505
0.9411764705882354
0.9411764705882354
0.9411764705882354
0.9411764705882354
0.9411764705882354
0.9411764705882354
0.9718253158075505
0.9718253158075505
0.9411764705882354
0.9411764705882354
0.9411764705882354
0.9411764705882354
0.9146591207600475
0.9444444444444448
0.9444444444444448
0.9444444444444448
0.9444444444444448
0.9444444444444448
0.9444444444444448
0.9444444444444448
0.9444444444444448
0.9444444444444448
0.9444444444444448
0.9444444444444448
0.9444444444444448
0.9444444444444448
0.9444444444444448
0.9444444444444448
0.9444444444444448
0.9444444444444448
0.9444444444444448
0.9444444444444448
0.9444444444444448
0.9444444444444448
0.9444444444444448
0.9444444444444448
0.9444444444444448
0.9444444444444448
0.9444444444444448
0.9444444444444448
0.9444444444444448
0.9444444444444448
0.9444444444444448
0.9444444444444448
0.9444444444444448
0.9444444444444448
0.9444444444444448
0.9444444444444448
0.9444444444444448
0.9444444444444448
0.9444444444444448
0.9444444444444448
0.9444444444444448
0.9444444444444448
0.9444444444444448
0.9444444444444448
0.9444444444444448
0.9444444444444448
0.9444444444444448
0.9444444444444448
0.9444444444444448
0.9444444444444448
0.0
0.6666666666666669
0.6666666666666669
0.6666666666666669
0.8660254037844388
0.75
0.75
0.75
0.75
0.75
0.75
0.75
0.75
0.75
0.75
0.75
0.75
0.75
0.75
0.75
0.75
0.75
0.75
0.75
0.75
0.75
0.75
0.75
0.75
0.75
0.75
0.75
0.75
0.75
0.75
0.75
0.75
0.75
0.75
0.75
0.75
0.75
0.75
0.75
0.75
0.75
0.75
0.75
0.75
0.75
0.75
0.75
0.75
0.75
0.5
0.75
0.75
0.75
0.75
0.75
0.75
0.75
0.75
0.75
0.75
0.75
0.75
0.75
0.75
0.75
0.75
0.75
0.75
0.75
0.75
0.75
0.75
0.75
0.75
0.75
0.75
0.75
0.75
0.75
0.75
0.75
0.75
0.75
0.75
0.75
0.75
0.75
0.75
0.75
0.75
0.75
0.75
0.75
0.75
0.75
0.75
0.75
0.75
0.75
0.5
0.75
0.75
0.75
0.75
0.75
0.75
0.75
0.75
0.75
0.75
0.75
0.75
0.75
0.75
0.75
0.75
0.75
0.75
0.75
0.75
0.75
0.75
0.75
0.75
0.75
0.75
0.75
0.75
0.75
0.75
0.75
0.75
0.75
0.75
0.75
0.75
0.75
0.75
0.75
0.75
0.75
0.75
0.75
0.75
0.75
0.75
0.75
0.75
0.75
0.11785113019775793
0.9444444444444448
0.9444444444444448
0.9444444444444448
0.9444444444444448
0.9444444444444448
0.9146591207600475
0.9146591207600475
0.9444444444444448
0.9444444444444448
0.9444444444444448
0.9444444444444448
0.9444444444444448
0.9444444444444448
0.9444444444444448
0.9444444444444448
0.9444444444444448
0.9444444444444448
0.9733285267845755
0.947368421052631
0.947368421052631
0.947368421052631
0.947368421052631
0.947368421052631
0.947368421052631
0.947368421052631
0.947368421052631
0.947368421052631
0.947368421052631
0.947368421052631
0.947368421052631
0.947368421052631
0.947368421052631
0.947368421052631
0.947368421052631
0.947368421052631
0.947368421052631
0.947368421052631
0.947368421052631
0.947368421052631
0.947368421052631
0.947368421052631
0.947368421052631
0.947368421052631
0.947368421052631
0.947368421052631
0.947368421052631
0.947368421052631
0.947368421052631
0.947368421052631
0.947368421052631
0.947368421052631
0.947368421052631
0.947368421052631
0.947368421052631
0.947368421052631
0.947368421052631
0.947368421052631
0.947368421052631
0.947368421052631
0.947368421052631
0.947368421052631
0.947368421052631
0.947368421052631
0.947368421052631
0.947368421052631
0.947368421052631
0.947368421052631
0.8947368421052626
0.947368421052631
0.947368421052631
0.947368421052631
0.947368421052631
0.947368421052631
0.947368421052631
0.947368421052631
0.947368421052631
0.947368421052631
0.947368421052631
0.947368421052631
0.947368421052631
0.947368421052631
0.947368421052631
0.947368421052631
0.947368421052631
0.947368421052631
0.947368421052631
0.947368421052631
0.947368421052631
0.947368421052631
0.947368421052631
0.947368421052631
0.947368421052631
0.947368421052631
0.947368421052631
0.947368421052631
0.947368421052631
0.947368421052631
0.947368421052631
0.947368421052631
0.947368421052631
0.947368421052631
0.947368421052631
0.947368421052631
0.947368421052631
0.947368421052631
0.947368421052631
0.947368421052631
0.947368421052631
0.947368421052631
0.947368421052631
0.947368421052631
0.947368421052631
0.947368421052631
0.947368421052631
0.947368421052631
0.947368421052631
0.947368421052631
0.8947368421052626
0.947368421052631
0.947368421052631
0.947368421052631
0.947368421052631
0.947368421052631
0.947368421052631
0.947368421052631
0.947368421052631
0.947368421052631
0.947368421052631
0.947368421052631
0.947368421052631
0.947368421052631
0.947368421052631
0.947368421052631
0.947368421052631
0.947368421052631
0.947368421052631
0.947368421052631
0.947368421052631
0.947368421052631
0.947368421052631
0.947368421052631
0.947368421052631
0.947368421052631
0.947368421052631
0.947368421052631
0.947368421052631
0.947368421052631
0.947368421052631
0.947368421052631
0.947368421052631
0.947368421052631
0.947368421052631
0.947368421052631
0.947368421052631
0.947368421052631
0.947368421052631
0.947368421052631
0.947368421052631
0.947368421052631
0.947368421052631
0.947368421052631
0.947368421052631
0.947368421052631
0.947368421052631
0.947368421052631
0.947368421052631
0.947368421052631
0.8947368421052626
0.947368421052631
0.947368421052631
0.947368421052631
0.947368421052631
0.947368421052631
0.947368421052631
0.947368421052631
0.947368421052631
0.947368421052631
0.947368421052631
0.947368421052631
0.947368421052631
0.947368421052631
0.947368421052631
0.947368421052631
0.947368421052631
0.947368421052631
0.947368421052631
0.947368421052631
0.947368421052631
0.9511897312113418
0.9511897312113418
0.947368421052631
0.947368421052631
0.947368421052631
0.947368421052631
0.947368421052631
0.947368421052631
0.947368421052631
0.947368421052631
0.947368421052631
0.947368421052631
0.947368421052631
0.947368421052631
0.947368421052631
0.947368421052631
0.947368421052631
0.947368421052631
0.947368421052631
0.947368421052631
0.947368421052631
0.947368421052631
0.947368421052631
0.947368421052631
0.947368421052631
0.947368421052631
0.947368421052631
0.947368421052631
0.947368421052631
0.13245323570650439
0.916666666666667
0.916666666666667
0.916666666666667
0.916666666666667
0.916666666666667
0.916666666666667
0.916666666666667
0.916666666666667
0.916666666666667
0.916666666666667
0.916666666666667
0.916666666666667
0.8807048459279794
0.9230769230769235
0.9230769230769235
0.9230769230769235
0.9230769230769235
0.9230769230769235
0.9230769230769235
0.9230769230769235
0.9230769230769235
0.9230769230769235
0.9230769230769235
0.9230769230769235
0.9230769230769235
0.9230769230769235
0.9230769230769235
0.9230769230769235
0.9230769230769235
0.9230769230769235
0.9230769230769235
0.9230769230769235
0.9230769230769235
0.9230769230769235
0.9230769230769235
0.9230769230769235
0.9230769230769235
0.9230769230769235
0.9230769230769235
0.9230769230769235
0.9230769230769235
0.9230769230769235
0.9230769230769235
0.9230769230769235
0.9230769230769235
0.9230769230769235
0.9230769230769235
0.9230769230769235
0.9230769230769235
0.9230769230769235
0.9230769230769235
0.9230769230769235
0.9230769230769235
0.9230769230769235
0.9230769230769235
0.9230769230769235
0.9230769230769235
0.9230769230769235
0.9230769230769235
0.9230769230769235
0.9230769230769235
0.9230769230769235
0.8461538461538465
0.9230769230769235
0.9230769230769235
0.9230769230769235
0.9230769230769235
0.9230769230769235
0.9230769230769235
0.9230769230769235
0.9230769230769235
0.9230769230769235
0.9230769230769235
0.9230769230769235
0.9230769230769235
0.9230769230769235
0.9230769230769235
0.9230769230769235
0.9230769230769235
0.9230769230769235
0.9230769230769235
0.9230769230769235
0.9230769230769235
0.9230769230769235
0.9230769230769235
0.9230769230769235
0.9230769230769235
0.9230769230769235
0.9230769230769235
0.9230769230769235
0.9230769230769235
0.9230769230769235
0.9230769230769235
0.9230769230769235
0.9230769230769235
0.9230769230769235
0.9230769230769235
0.9230769230769235
0.9230769230769235
0.9230769230769235
0.9230769230769235
0.9230769230769235
0.9230769230769235
0.9230769230769235
0.9230769230769235
0.9230769230769235
0.9230769230769235
0.9230769230769235
0.9230769230769235
0.9230769230769235
0.9230769230769235
0.9230769230769235
0.8461538461538465
0.9230769230769235
0.9230769230769235
0.9230769230769235
0.9230769230769235
0.9230769230769235
0.9230769230769235
0.9230769230769235
0.9230769230769235
0.9230769230769235
0.9230769230769235
0.9230769230769235
0.9230769230769235
0.9230769230769235
0.9230769230769235
0.9230769230769235
0.9230769230769235
0.9230769230769235
0.9230769230769235
0.9230769230769235
0.9230769230769235
0.9230769230769235
0.9230769230769235
0.9230769230769235
0.9230769230769235
0.9230769230769235
0.9230769230769235
0.9230769230769235
0.9230769230769235
0.9230769230769235
0.9230769230769235
0.9230769230769235
0.9230769230769235
0.9230769230769235
0.9230769230769235
0.9230769230769235
0.9230769230769235
0.9230769230769235
0.9230769230769235
0.9230769230769235
0.9230769230769235
0.9230769230769235
0.9230769230769235
0.9230769230769235
0.9230769230769235
0.9230769230769235
0.9230769230769235
0.9230769230769235
0.9230769230769235
0.9230769230769235
0.05547001962252292
0.9797958971132712
0.9363821838346233
0.9363821838346233
0.9583333333333333
0.9583333333333333
0.9797958971132712
0.9797958971132712
0.9583333333333331
0.9583333333333331
0.9583333333333331
0.9583333333333331
0.9583333333333331
0.9583333333333331
0.9797958971132712
0.9797958971132712
0.957427107756338
0.957427107756338
0.9583333333333331
0.9583333333333331
0.9583333333333331
0.9583333333333331
0.9583333333333331
0.9583333333333331
0.957427107756338
0.9780192938436517
0.9565217391304347
0.9565217391304347
0.9565217391304347
0.9565217391304347
0.9565217391304347
0.9565217391304347
0.9565217391304347
0.9591663046625442
0.9591663046625442
0.9565217391304347
0.9565217391304347
0.9565217391304347
0.9565217391304347
0.9565217391304347
0.9565217391304347
0.9565217391304347
0.9565217391304347
0.9565217391304347
0.9565217391304347
0.9565217391304347
0.9565217391304347
0.9565217391304347
0.9565217391304347
0.9565217391304347
0.9565217391304347
0.9565217391304347
0.9565217391304347
0.9565217391304347
0.9565217391304347
0.9565217391304347
0.9565217391304347
0.9565217391304347
0.9565217391304347
0.9565217391304347
0.9565217391304347
0.9565217391304347
0.9565217391304347
0.9565217391304347
0.9565217391304347
0.9565217391304347
0.9565217391304347
0.9565217391304347
0.9565217391304347
0.9565217391304347
0.9565217391304347
0.9565217391304347
0.9565217391304347
0.9565217391304347
0.9565217391304347
0.9130434782608695
0.9565217391304347
0.9565217391304347
0.9565217391304347
0.9565217391304347
0.9565217391304347
0.9565217391304347
0.9565217391304347
0.9565217391304347
0.9565217391304347
0.9565217391304347
0.9565217391304347
0.9565217391304347
0.9565217391304347
0.9565217391304347
0.9565217391304347
0.9565217391304347
0.9565217391304347
0.9565217391304347
0.9565217391304347
0.9565217391304347
0.9565217391304347
0.9565217391304347
0.9565217391304347
0.9565217391304347
0.9565217391304347
0.9565217391304347
0.9565217391304347
0.9591663046625443
0.9591663046625443
0.9565217391304347
0.9565217391304347
0.9565217391304347
0.9565217391304347
0.9565217391304347
0.9565217391304347
0.9565217391304347
0.9565217391304347
0.9565217391304347
0.9565217391304347
0.9565217391304347
0.9565217391304347
0.9565217391304347
0.9565217391304347
0.9565217391304347
0.9565217391304347
0.9565217391304347
0.9565217391304347
0.9565217391304347
0.9565217391304347
0.9130434782608695
0.9565217391304347
0.9565217391304347
0.9565217391304347
0.9565217391304347
0.9565217391304347
0.9565217391304347
0.9565217391304347
0.9565217391304347
0.9565217391304347
0.9565217391304347
0.9565217391304347
0.9565217391304347
0.9565217391304347
0.9565217391304347
0.9565217391304347
0.9565217391304347
0.9565217391304347
0.9565217391304347
0.9565217391304347
0.9565217391304347
0.9565217391304347
0.9565217391304347
0.9565217391304347
0.9565217391304347
0.9565217391304347
0.9565217391304347
0.9565217391304347
0.9565217391304347
0.9565217391304347
0.9565217391304347
0.9565217391304347
0.9565217391304347
0.9565217391304347
0.9565217391304347
0.9565217391304347
0.9565217391304347
0.9565217391304347
0.9565217391304347
0.9565217391304347
0.9565217391304347
0.9565217391304347
0.9565217391304347
