0.9411764705882354
0.9411764705882354
0.9411764705882354
0.9411764705882354
0.9718253158075505
0.9718253158075505
0.9411764705882354
0.9411764705882354
0.9411764705882354
0.9411764705882354
0.9411764705882354
0.9411764705882354
0.9718253158075505
0.9718253158075505
0.9411764705882354
0.9411764705882354
0.9411764705882354
0.9411764705882354
0.9146591207600475
0.9444444444444448
0.9444444444444448
0.9444444444444448
0.9444444444444448
0.9444444444444448
0.9444444444444448
0.9444444444444448
0.9444444444444448
0.9444444444444448
0.9444444444444448
0.9444444444444448
0.9444444444444448
0.9444444444444448
0.9444444444444448
0.9444444444444448
0.9444444444444448
0.9444444444444448
0.9444444444444448
0.9444444444444448
0.9444444444444448
0.9444444444444448
0.9444444444444448
0.9444444444444448
0.9444444444444448
0.9444444444444448
0.9444444444444448
0.9444444444444448
0.9444444444444448
0.9444444444444448
0.9444444444444448
0.9444444444444448
0.9444444444444448
0.9444444444444448
0.9444444444444448
0.9444444444444448
0.9444444444444448
0.9444444444444448
0.9444444444444448
0.9444444444444448
0.9444444444444448
0.9444444444444448
0.9444444444444448
0.9444444444444448
0.9444444444444448
0.9444444444444448
0.9444444444444448
0.9444444444444448
0.9444444444444448
0.9444444444444448
0.0
0.6666666666666669
0.6666666666666669
0.6666666666666669
0.8660254037844388
0.75
0.75
0.75
0.75
0.75
0.75
0.75
0.75
0.75
0.75
0.75
0.75
0.75
0.75
0.75
0.75
0.75
0.75
0.75
0.75
0.75
0.75
0.75
0.75
0.75
0.75
0.75
0.75
0.75
0.75
0.75
0.75
0.75
0.75
0.75
0.75
0.75
0.75
0.75
0.75
0.75
0.75
0.75
0.75
0.75
0.75
0.75
0.75
0.75
0.5
0.75
0.75
0.75
0.75
0.75
0.75
0.75
0.75
0.75
0.75
0.75
0.75
0.75
0.75
0.75
0.75
0.75
0.75
0.75
0.75
0.75
0.75
0.75
0.75
0.75
0.75
0.75
0.75
0.75
0.75
0.75
0.75
0.75
0.75
0.75
0.75
0.75
0.75
0.75
0.75
0.75
0.75
0.75
0.75
0.75
0.75
0.75
0.75
0.75
0.5
0.75
0.75
0.75
0.75
0.75
0.75
0.75
0.75
0.75
0.75
0.75
0.75
0.75
0.75
0.75
0.75
0.75
0.75
0.75
0.75
0.75
0.75
0.75
0.75
0.75
0.75
0.75
0.75
0.75
0.75
0.75
0.75
0.75
0.75
0.75
0.75
0.75
0.75
0.75
0.75
0.75
0.75
0.75
0.75
0.75
0.75
0.75
0.75
0.75
0.11785113019775793
0.9444444444444448
0.9444444444444448
0.9444444444444448
0.9444444444444448
0.9444444444444448
0.9146591207600475
0.9146591207600475
0.9444444444444448
0.9444444444444448
0.9444444444444448
0.9444444444444448
0.9444444444444448
0.9444444444444448
0.9444444444444448
0.9444444444444448
0.9444444444444448
0.9444444444444448
0.9733285267845755
0.947368421052631
0.947368421052631
0.947368421052631
0.947368421052631
0.947368421052631
0.947368421052631
0.947368421052631
0.947368421052631
0.947368421052631
0.947368421052631
0.947368421052631
0.947368421052631
0.947368421052631
0.947368421052631
0.947368421052631
0.947368421052631
0.947368421052631
0.947368421052631
0.947368421052631
0.947368421052631
0.947368421052631
0.947368421052631
0.947368421052631
0.947368421052631
0.947368421052631
0.947368421052631
0.947368421052631
0.947368421052631
0.947368421052631
0.947368421052631
0.947368421052631
0.947368421052631
0.947368421052631
0.947368421052631
0.947368421052631
0.947368421052631
0.947368421052631
0.947368421052631
0.947368421052631
0.947368421052631
0.947368421052631
0.947368421052631
0.947368421052631
0.947368421052631
0.947368421052631
0.947368421052631
0.947368421052631
0.947368421052631
0.947368421052631
0.8947368421052626
0.947368421052631
0.947368421052631
0.947368421052631
0.947368421052631
0.947368421052631
0.947368421052631
0.947368421052631
0.947368421052631
0.947368421052631
0.947368421052631
0.947368421052631
0.947368421052631
0.947368421052631
0.947368421052631
0.947368421052631
0.947368421052631
0.947368421052631
0.947368421052631
0.947368421052631
0.947368421052631
0.947368421052631
0.947368421052631
0.947368421052631
0.947368421052631
0.947368421052631
0.947368421052631
0.947368421052631
0.947368421052631
0.947368421052631
0.947368421052631
0.947368421052631
0.947368421052631
0.947368421052631
0.947368421052631
0.947368421052631
0.947368421052631
0.947368421052631
0.947368421052631
0.947368421052631
0.947368421052631
0.947368421052631
0.947368421052631
0.947368421052631
0.947368421052631
0.947368421052631
0.947368421052631
0.947368421052631
0.947368421052631
0.947368421052631
0.8947368421052626
0.947368421052631
0.947368421052631
0.947368421052631
0.947368421052631
0.947368421052631
0.947368421052631
0.947368421052631
0.947368421052631
0.947368421052631
0.947368421052631
0.947368421052631
0.947368421052631
0.947368421052631
0.947368421052631
0.947368421052631
0.947368421052631
0.947368421052631
0.947368421052631
0.947368421052631
0.947368421052631
0.947368421052631
0.947368421052631
0.947368421052631
0.947368421052631
0.947368421052631
0.947368421052631
0.947368421052631
0.947368421052631
0.947368421052631
0.947368421052631
0.947368421052631
0.947368421052631
0.947368421052631
0.947368421052631
0.947368421052631
0.947368421052631
0.947368421052631
0.947368421052631
0.947368421052631
0.947368421052631
0.947368421052631
0.947368421052631
0.947368421052631
0.947368421052631
0.947368421052631
0.947368421052631
0.947368421052631
0.947368421052631
0.947368421052631
0.8947368421052626
0.947368421052631
0.947368421052631
0.947368421052631
0.947368421052631
0.947368421052631
0.947368421052631
0.947368421052631
0.947368421052631
0.947368421052631
0.947368421052631
0.947368421052631
0.947368421052631
0.947368421052631
0.947368421052631
0.947368421052631
0.947368421052631
0.947368421052631
0.947368421052631
0.947368421052631
0.947368421052631
0.9511897312113418
0.9511897312113418
0.947368421052631
0.947368421052631
0.947368421052631
0.947368421052631
0.947368421052631
0.947368421052631
0.947368421052631
0.947368421052631
0.947368421052631
0.947368421052631
0.947368421052631
0.947368421052631
0.947368421052631
0.947368421052631
0.947368421052631
0.947368421052631
0.947368421052631
0.947368421052631
0.947368421052631
0.947368421052631
0.947368421052631
0.947368421052631
0.947368421052631
0.947368421052631
0.947368421052631
0.947368421052631
0.947368421052631
0.13245323570650439
0.916666666666667
0.916666666666667
0.916666666666667
0.916666666666667
0.916666666666667
0.916666666666667
0.916666666666667
0.916666666666667
0.916666666666667
0.916666666666667
0.916666666666667
0.916666666666667
0.8807048459279794
0.9230769230769235
0.9230769230769235
0.9230769230769235
0.9230769230769235
0.9230769230769235
0.9230769230769235
0.9230769230769235
0.9230769230769235
0.9230769230769235
0.9230769230769235
0.9230769230769235
0.9230769230769235
0.9230769230769235
0.9230769230769235
0.9230769230769235
0.9230769230769235
0.9230769230769235
0.9230769230769235
0.9230769230769235
0.9230769230769235
0.9230769230769235
0.9230769230769235
0.9230769230769235
0.9230769230769235
0.9230769230769235
0.9230769230769235
0.9230769230769235
0.9230769230769235
0.9230769230769235
0.9230769230769235
0.9230769230769235
0.9230769230769235
0.9230769230769235
0.9230769230769235
0.9230769230769235
0.9230769230769235
0.9230769230769235
0.9230769230769235
0.9230769230769235
0.9230769230769235
0.9230769230769235
0.9230769230769235
0.9230769230769235
0.9230769230769235
0.9230769230769235
0.9230769230769235
0.9230769230769235
0.9230769230769235
0.9230769230769235
0.8461538461538465
0.9230769230769235
0.9230769230769235
0.9230769230769235
0.9230769230769235
0.9230769230769235
0.9230769230769235
0.9230769230769235
0.9230769230769235
0.9230769230769235
0.9230769230769235
0.9230769230769235
0.9230769230769235
0.9230769230769235
0.9230769230769235
0.9230769230769235
0.9230769230769235
0.9230769230769235
0.9230769230769235
0.9230769230769235
0.9230769230769235
0.9230769230769235
0.9230769230769235
0.9230769230769235
0.9230769230769235
0.9230769230769235
0.9230769230769235
0.9230769230769235
0.9230769230769235
0.9230769230769235
0.9230769230769235
0.9230769230769235
0.9230769230769235
0.9230769230769235
0.9230769230769235
0.9230769230769235
0.9230769230769235
0.9230769230769235
0.9230769230769235
0.9230769230769235
0.9230769230769235
0.9230769230769235
0.9230769230769235
0.9230769230769235
0.9230769230769235
0.9230769230769235
0.9230769230769235
0.9230769230769235
0.9230769230769235
0.9230769230769235
0.8461538461538465
0.9230769230769235
0.9230769230769235
0.9230769230769235
0.9230769230769235
0.9230769230769235
0.9230769230769235
0.9230769230769235
0.9230769230769235
0.9230769230769235
0.9230769230769235
0.9230769230769235
0.9230769230769235
0.9230769230769235
0.9230769230769235
0.9230769230769235
0.9230769230769235
0.9230769230769235
0.9230769230769235
0.9230769230769235
0.9230769230769235
0.9230769230769235
0.9230769230769235
0.9230769230769235
0.9230769230769235
0.9230769230769235
0.9230769230769235
0.9230769230769235
0.9230769230769235
0.9230769230769235
0.9230769230769235
0.9230769230769235
0.9230769230769235
0.9230769230769235
0.9230769230769235
0.9230769230769235
0.9230769230769235
0.9230769230769235
0.9230769230769235
0.9230769230769235
0.9230769230769235
0.9230769230769235
0.9230769230769235
0.9230769230769235
0.9230769230769235
0.9230769230769235
0.9230769230769235
0.9230769230769235
0.9230769230769235
0.9230769230769235
0.05547001962252292
0.9797958971132712
0.9363821838346233
0.9363821838346233
0.9583333333333333
0.9583333333333333
0.9797958971132712
0.9797958971132712
0.9583333333333331
0.9583333333333331
0.9583333333333331
0.9583333333333331
0.9583333333333331
0.9583333333333331
0.9797958971132712
0.9797958971132712
0.957427107756338
0.957427107756338
0.9583333333333331
0.9583333333333331
0.9583333333333331
0.9583333333333331
0.9583333333333331
0.9583333333333331
0.957427107756338
0.9780192938436517
0.9565217391304347
0.9565217391304347
0.9565217391304347
0.9565217391304347
0.9565217391304347
0.9565217391304347
0.9565217391304347
0.9591663046625442
0.9591663046625442
0.9565217391304347
0.9565217391304347
0.9565217391304347
0.9565217391304347
0.9565217391304347
0.9565217391304347
0.9565217391304347
0.9565217391304347
0.9565217391304347
0.9565217391304347
0.9565217391304347
0.9565217391304347
0.9565217391304347
0.9565217391304347
0.9565217391304347
0.9565217391304347
0.9565217391304347
0.9565217391304347
0.9565217391304347
0.9565217391304347
0.9565217391304347
0.9565217391304347
0.9565217391304347
0.9565217391304347
0.9565217391304347
0.9565217391304347
0.9565217391304347
0.9565217391304347
0.9565217391304347
0.9565217391304347
0.9565217391304347
0.9565217391304347
0.9565217391304347
0.9565217391304347
0.9565217391304347
0.9565217391304347
0.9565217391304347
0.9565217391304347
0.9565217391304347
0.9565217391304347
0.9130434782608695
0.9565217391304347
0.9565217391304347
0.9565217391304347
0.9565217391304347
0.9565217391304347
0.9565217391304347
0.9565217391304347
0.9565217391304347
0.9565217391304347
0.9565217391304347
0.9565217391304347
0.9565217391304347
0.9565217391304347
0.9565217391304347
0.9565217391304347
0.9565217391304347
0.9565217391304347
0.9565217391304347
0.9565217391304347
0.9565217391304347
0.9565217391304347
0.9565217391304347
0.9565217391304347
0.9565217391304347
0.9565217391304347
0.9565217391304347
0.9565217391304347
0.9591663046625443
0.9591663046625443
0.9565217391304347
0.9565217391304347
0.9565217391304347
0.9565217391304347
0.9565217391304347
0.9565217391304347
0.9565217391304347
0.9565217391304347
0.9565217391304347
0.9565217391304347
0.9565217391304347
0.9565217391304347
0.9565217391304347
0.9565217391304347
0.9565217391304347
0.9565217391304347
0.9565217391304347
0.9565217391304347
0.9565217391304347
0.9565217391304347
0.9130434782608695
0.9565217391304347
0.9565217391304347
0.9565217391304347
0.9565217391304347
0.9565217391304347
0.9565217391304347
0.9565217391304347
0.9565217391304347
0.9565217391304347
0.9565217391304347
0.9565217391304347
0.9565217391304347
0.9565217391304347
0.9565217391304347
0.9565217391304347
0.9565217391304347
0.9565217391304347
0.9565217391304347
0.9565217391304347
0.9565217391304347
0.9565217391304347
0.9565217391304347
0.9565217391304347
0.9565217391304347
0.9565217391304347
0.9565217391304347
0.9565217391304347
0.9565217391304347
0.9565217391304347
0.9565217391304347
0.9565217391304347
0.9565217391304347
0.9565217391304347
0.9565217391304347
0.9565217391304347
0.9565217391304347
0.9565217391304347
0.9565217391304347
0.9565217391304347
0.9565217391304347
0.9565217391304347
0.9565217391304347
0.9565217391304347
0.9565217391304347
0.9565217391304347
0.9565217391304347
0.9565217391304347
0.9565217391304347
0.9565217391304347
0.9130434782608695
0.9565217391304347
0.9565217391304347
0.9565217391304347
0.9565217391304347
0.9565217391304347
0.9565217391304347
0.9565217391304347
0.9565217391304347
0.9565217391304347
0.9565217391304347
0.9565217391304347
0.9565217391304347
0.9565217391304347
0.9565217391304347
0.9565217391304347
0.9565217391304347
0.9565217391304347
0.9565217391304347
0.9565217391304347
0.9565217391304347
0.9565217391304347
0.9565217391304347
0.9565217391304347
0.9565217391304347
0.9565217391304347
0.9565217391304347
0.9565217391304347
0.9565217391304347
0.9565217391304347
0.9565217391304347
0.9565217391304347
0.9565217391304347
0.9565217391304347
0.9565217391304347
0.9565217391304347
0.9565217391304347
0.9565217391304347
0.9565217391304347
0.9565217391304347
0.9565217391304347
0.9565217391304347
0.9565217391304347
0.9565217391304347
0.9565217391304347
0.9565217391304347
0.9565217391304347
0.9565217391304347
0.9565217391304347
0.9565217391304347
0.9130434782608695
0.9565217391304347
0.9565217391304347
0.9565217391304347
0.9565217391304347
0.9565217391304347
0.9565217391304347
0.9565217391304347
0.9565217391304347
0.9565217391304347
0.9565217391304347
0.9565217391304347
0.9565217391304347
0.9565217391304347
0.9565217391304347
0.9565217391304347
0.9565217391304347
0.9565217391304347
0.9565217391304347
0.9565217391304347
0.9565217391304347
0.9565217391304347
0.9565217391304347
0.9565217391304347
0.9565217391304347
0.9565217391304347
0.9565217391304347
0.9565217391304347
0.9565217391304347
0.9565217391304347
0.9565217391304347
0.9565217391304347
0.9565217391304347
0.9565217391304347
0.9565217391304347
0.9565217391304347
0.9565217391304347
0.9565217391304347
0.9565217391304347
0.9565217391304347
0.9565217391304347
0.9565217391304347
0.9565217391304347
0.9565217391304347
0.9565217391304347
0.9565217391304347
0.9565217391304347
0.9565217391304347
0.9565217391304347
0.9565217391304347
0.9130434782608695
0.9565217391304347
0.9565217391304347
0.9565217391304347
0.9565217391304347
0.9565217391304347
0.9565217391304347
0.9565217391304347
0.9565217391304347
0.9565217391304347
0.9565217391304347
0.9565217391304347
0.9565217391304347
0.9565217391304347
0.9565217391304347
0.9565217391304347
0.9565217391304347
0.9565217391304347
0.9565217391304347
0.9565217391304347
0.9565217391304347
0.9565217391304347
0.9565217391304347
0.9565217391304347
0.9565217391304347
0.9565217391304347
0.9565217391304347
0.9565217391304347
0.9565217391304347
0.9565217391304347
0.9565217391304347
0.9591663046625442
0.9591663046625442
0.9565217391304347
0.9565217391304347
0.9565217391304347
0.9565217391304347
0.9565217391304347
0.9565217391304347
0.9565217391304347
0.9565217391304347
0.9565217391304347
0.9565217391304347
0.9565217391304347
0.9565217391304347
0.9565217391304347
0.9565217391304347
0.9565217391304347
0.9565217391304347
0.9565217391304347
0.9130434782608695
0.9565217391304347
0.9565217391304347
0.9565217391304347
0.9565217391304347
0.9565217391304347
0.9565217391304347
0.9565217391304347
0.9565217391304347
0.9565217391304347
0.9565217391304347
0.9565217391304347
0.9565217391304347
0.9565217391304347
0.9565217391304347
0.9565217391304347
0.9565217391304347
0.9565217391304347
0.9565217391304347
0.9565217391304347
0.9565217391304347
0.9565217391304347
0.9565217391304347
0.9565217391304347
0.9565217391304347
0.9565217391304347
0.9565217391304347
0.9565217391304347
0.9565217391304347
0.9565217391304347
0.9565217391304347
0.9565217391304347
0.9565217391304347
0.9565217391304347
0.9565217391304347
0.9565217391304347
