0.0
0.0
0.0512989176042577
0.05564148840746572
0.0
0.0
0.26207120918047955
0.19611613513818407
0.17149858514250885
0.0
0.0
0.0
0.0
0.22191801643659273
0.0
0.08178608201095308
0.11566298639324805
0.15534712747612348
0.13584712216226488
0.15534712747612348
0.0
0.15713484026367724
0.08606629658238704
0.04428074427700476
0.19418390934515434
0.13355611265883557
0.0659380473395787
0.07071067811865475
0.0
0.2541642838876745
0.24112141108520604
0.27681826617913324
0.07744030926623663
0.0
0.21693045781865616
0.14907119849998596
0.07647191129018724
0.0
0.10585122480499264
0.1517165212272521
0.18200630207731605
0.31497039417435607
0.2970442628930023
0.24956709924231085
0.22140372138502382
0.253546276418555
0.2545875386086578
0.0890870806374748
0.09166984970282112
0.23543547789870936
0.043852900965351466
0.0
0.12510864843424488
0.10114434748483472
0.12126781251816648
0.24019223070763068
0.3209703693831847
0.2520920866827581
0.2079725827019257
0.25890435250935817
0.2588414429342565
0.05143444998736397
0.0
0.0
0.02782074420373286
0.20295302744752147
0.10425720702853737
0.0
0.055555555555555566
0.14744195615489716
0.1257389226923863
0.0
0.2165063509461097
0.0
0.2656844656620286
0.2656844656620286
0.16169041669088863
0.20851441405707477
0.05057217374241736
0.12964074471043288
0.10690449676496977
0.11094003924504584
0.0
0.0
0.0
0.06201736729460423
0.3308465799422135
0.2546858159868053
0.12524485821702988
0.0
0.22677868380553634
0.0
0.0
0.08444006618414981
0.0
0.0
0.14509525002200233
0.23180022278587675
0.23036491348836272
0.11111111111111113
0.15713484026367724
0.046225016352102424
0.06362847629757777
0.21629522817435007
0.21629522817435004
0.04335549847620599
0.1182165609358651
0.0
0.3042903097250923
0.10540925533894599
0.0512989176042577
0.0
0.1563858105428061
0.24573659359149527
0.11111111111111113
0.0
0.07106690545187014
0.2901294265928297
0.2566001196398337
0.11785113019775793
0.24253562503633297
0.25286086871208685
0.10767638041163309
0.2434322477800738
0.06804138174397718
0.20732210721568237
0.23000322710873394
0.21969401455243584
0.20211302086361083
0.17149858514250885
0.06262242910851494
0.15191090506254998
0.08178608201095308
0.09829463743659811
0.0
0.0899842541331695
0.0
0.10540925533894598
0.149071198499986
0.21320071635561047
0.11197850219117086
0.20341905108624309
0.30860669992418377
0.19920476822239894
0.0890870806374748
0.20965696734438366
0.0
0.0
0.2046468711716402
0.2434322477800738
0.30382181012509996
0.19026059766179765
0.20683507599800763
0.20100756305184242
0.09622504486493764
0.3061862178478973
0.0
0.0
0.06085806194501846
0.1336306209562122
0.14824986333222023
0.13259870882635919
0.07755667343294811
0.0
0.0
0.0
0.23094010767585027
0.11009637651263604
0.0
0.18257418583505536
0.0
0.21320071635561041
0.1875
0.11785113019775793
0.0
0.07755667343294811
0.1025978352085154
0.15811388300841897
0.055555555555555566
0.15075567228888181
0.14213381090374028
0.0
0.04767312946227961
0.052704627669472995
0.10050378152592121
0.0
0.27277236279499045
0.08908708063747481
0.06804138174397718
0.1650245904961124
0.23338001400466826
0.2182178902359924
0.19518001458970666
0.0
0.0
0.0
0.0
0.0
0.0
0.1437770309379179
0.25809709637054695
0.10832372170111786
0.06201736729460423
0.21081851067789198
0.06804138174397718
0.16012815380508716
0.28644594961577313
0.0
0.05892556509887897
0.049147318718299055
0.0761386987626881
0.04188539082916955
0.17699808135119716
0.0727392967453308
0.17149858514250885
0.11961783342433499
0.14704292441876154
0.08451542547285165
0.0
0.05716619504750295
0.04667600280093366
0.10369516947304254
0.07838618016696206
0.10286889997472795
0.05892556509887897
0.22388336779724755
0.5098284237156423
0.02463323195410733
0.0
0.23333333333333334
0.034299717028501764
0.0
0.0
0.0890870806374748
0.15811388300841897
0.14992352790734176
0.10210462507669134
0.04351941398892446
0.09622504486493764
0.223606797749979
0.0
0.0
0.056613851707229795
0.1924500897298753
0.07856742013183862
0.07106690545187014
0.05698028822981897
0.05976143046671968
0.15811388300841897
0.1162476387438193
0.028194193721730043
0.03575992699260758
0.19134594929397594
0.10814761408717502
0.0
0.14625448482542613
0.0
0.15294382258037448
0.16222142113076254
0.07106690545187015
0.07106690545187015
0.051434449987363975
0.10012523486435176
0.10814761408717502
0.16666666666666669
0.41012193308819755
0.0
0.0
0.21081851067789195
0.2780192187427664
0.1970276015597752
0.0
0.1517165212272521
0.049147318718299055
0.15214515486254615
0.0
0.0
0.0
0.19374606457303217
0.0
0.0
0.16012815380508716
0.05103103630798288
0.08333333333333333
0.0
0.0
0.1860521018838127
0.04622501635210244
0.055555555555555566
0.0
0.0
0.0
0.18257418583505536
0.0
0.125
0.19611613513818402
0.07692307692307693
0.12403473458920845
0.0
0.07749842582921286
0.1611432394306458
0.28005601680560194
0.12126781251816648
0.17149858514250885
0.0
0.039590379123244784
0.1450036976414354
0.16070147520167405
0.08084520834544433
0.2872134789517764
0.1574591643244434
0.06271815075053182
0.17143634649587836
0.19425717247145285
0.16222142113076254
0.3554093266554553
0.0
0.0
0.1666666666666667
0.10540925533894599
0.05976143046671968
0.14824986333222026
0.2344036154692477
0.11952286093343936
0.10286889997472795
0.3118047822311618
0.19802950859533489
0.21455956195564546
0.17376201171422898
0.2311250817605122
0.04499212706658475
0.08240856434303291
0.14944064441601537
0.1307440900921227
0.074535599249993
0.12909944487358058
0.10998533626601499
0.31929831471426645
0.13094570021973104
0.1885618083164127
0.09428090415820635
0.0
0.0
0.04233337566673017
0.15713484026367724
0.0
0.10690449676496977
0.0
0.07856742013183862
0.11547005383792518
0.08728715609439697
0.1091089451179962
0.09805806756909202
0.11322770341445959
0.12598815766974242
0.04879500364742666
0.19364916731037088
0.18898223650461363
0.0
0.0
0.0545544725589981
0.18200630207731605
0.2919201796799047
0.0
0.11111111111111113
0.2041241452319315
0.11572751247156893
0.0
0.0
0.29488391230979427
0.0659380473395787
0.1414213562373095
0.07669649888473705
0.0
0.09622504486493763
0.08025723539051281
0.17518714874213512
0.25048971643405976
0.0
0.10425720702853739
0.20228869496966947
0.12298800925361815
0.07049073768502413
0.0
0.0
0.052486388108147805
0.1709408646894569
0.1553424415003
0.0
0.0
0.07715167498104596
0.0
0.24670871720894108
0.11867816581938533
0.10206207261596577
0.1666666666666667
0.08703882797784893
0.0
0.0
0.11470786693528087
0.27144835701531844
0.0
0.03641785203646149
0.0
0.1643989873053573
0.09913631941932194
0.08058229640253803
0.0
0.0
0.0944911182523068
0.16116459280507603
0.17782168978975482
0.04662524041201569
0.11180339887498948
0.0
0.06741998624632421
0.20385887657505022
0.17837651700316892
0.07537783614444091
0.0
0.28288947493050187
0.0
0.0
0.0
0.0
0.16116459280507603
0.14213381090374028
0.0
0.0
0.22613350843332272
0.18463723646899913
0.0
0.4148728575225928
0.0
0.09805806756909202
0.0
0.0
0.04003203845127179
0.0
0.125
0.10425720702853739
0.37234154758203314
0.24840131369742974
0.08219949365267865
0.06401843996644799
0.1619552660357832
0.17541160386140586
0.09962709627734359
0.1796053020267749
0.0
0.0909090909090909
0.2597943666588219
0.15194743527951726
0.0
0.11470786693528087
0.0
0.0
0.3736016110400384
0.0
0.12909944487358055
0.3077935056255462
0.1742014225237369
0.10959932487023819
0.16666666666666666
0.0
0.0
0.17349447958987207
0.26919095102908275
0.0
0.0
0.0
0.04879500364742666
0.14301938838683884
0.21320071635561041
0.0
0.0
0.0
0.0
0.0
0.06741998624632421
0.19069251784911845
0.0472455591261534
0.06131393394849658
0.0
0.1336306209562122
0.09166984970282112
0.06482037235521643
0.10482848367219183
0.0
0.06933752452815364
0.10878565864408425
0.12403473458920847
0.1315587028960544
0.1386750490563073
0.0
0.291161615782696
0.09901475429766744
0.0
0.0
0.15075567228888181
0.0
0.0
0.044280744277004756
0.12909944487358055
0.0
0.28867513459481287
0.3086066999241838
0.2065591117977289
0.12909944487358055
0.0
0.14886458551295736
0.046829290579084706
0.22360679774997896
0.0
0.0
0.1821530222156749
0.20739033894608508
0.04199605255658081
0.0
0.0
0.316227766016838
0.19364916731037082
0.11180339887498948
0.11180339887498948
0.0
0.0
0.19518001458970666
0.0
0.0
0.0
0.0
0.12227899701112961
0.0
0.0
0.11180339887498948
0.0
0.11009637651263607
0.24375747470904355
0.0
0.0
0.0
0.0
0.0
0.0
0.08451542547285165
0.059761430466719674
0.0
0.1965892748731962
0.1805787796286538
0.14433756729740646
0.0
0.0
0.0
0.0
0.15811388300841897
0.31622776601683794
0.17213259316477406
0.09128709291752767
0.08838834764831843
0.09622504486493763
0.0
0.0
0.21128856368212912
0.11180339887498948
0.11180339887498948
0.0
0.10206207261596575
0.28067069969390585
0.0
0.0
0.047836487323493986
0.21052631578947364
0.3154466340720224
0.25
0.12909944487358055
0.15191090506254998
0.0
0.0
0.0
0.08006407690254357
0.14484136487558028
0.15512630699850574
0.0
0.0
0.08980265101338746
0.22580645161290325
0.06350006350009525
0.0
0.0
0.0
0.32969023669789355
0.12909944487358058
0.08908708063747481
0.1091089451179962
0.09805806756909202
0.20016019225635895
0.08333333333333336
0.10540925533894598
0.0
0.1386750490563073
0.09245003270420485
0.08084520834544431
0.06726727939963124
0.0
0.0
0.0
0.06537204504606135
0.0
0.0
0.0
0.08574929257125441
0.12499999999999997
0.27277236279499045
0.07715167498104596
0.0
0.1634301126151534
0.15384615384615385
0.1386750490563073
0.125
0.1386750490563073
0.09245003270420485
0.053376051268362375
0.13977131156292244
0.1091089451179962
0.09284766908852593
0.27468064139978915
0.2538332035028632
0.08178608201095308
0.10425720702853739
0.17677669529663687
0.21759706994462227
0.2321035412742638
0.0
0.0
0.0
0.05547001962252292
0.0
0.0
0.0
0.11470786693528087
0.054453277011733005
0.2691367824097539
0.07881104062391006
0.3127716210856122
0.15075567228888181
0.1257389226923863
0.0
0.0
0.0
0.0
0.11785113019775795
0.24019223070763074
0.21926450482675733
0.11180339887498948
0.125
0.0
0.0
0.06622661785325219
0.0
0.20412414523193154
0.08164965809277262
0.0632455532033676
0.0
0.0
0.0
0.12909944487358058
0.23836564731139806
0.17407765595569785
0.0
0.08980265101338746
0.048001536073731935
0.0
0.21575848566842284
0.0
0.14433756729740646
0.06019292654288461
0.12267912301642962
0.08770580193070293
0.22360679774997896
0.0
0.06454972243679029
0.032274861218395144
0.0
0.0
0.1386750490563073
0.15724272550828775
0.0
0.058925565098878974
0.0
0.11180339887498948
0.18136906252750293
0.3097734590948617
0.21427478217774165
0.0
0.14433756729740646
0.23094010767585035
0.223606797749979
0.21213203435596426
0.0
0.07071067811865475
0.08528028654224418
0.0
0.0
0.0
0.14586499149789456
0.0
0.08660254037844388
0.15460413650478516
0.0
0.0
0.0
0.19920476822239896
0.2335496832484569
0.08703882797784893
0.0
0.16666666666666666
0.1599005372667078
0.34112114616897665
0.0
0.17677669529663687
0.09128709291752767
0.0
0.0
0.0
0.0
0.0
0.0
0.07071067811865475
0.15811388300841897
0.14433756729740646
0.0880450906325624
0.0
0.0
0.0
0.1386750490563073
0.04514086177661889
0.1561502541347454
0.12792042981336627
0.0
0.12909944487358055
0.28603877677367767
0.48280454958526753
0.2048366225996757
0.08703882797784893
0.16012815380508713
0.14121975762272054
0.27500954910846337
0.0
0.0
0.0
0.2831969301619155
0.0
0.10206207261596577
0.10206207261596577
0.1690308509457033
0.2555506259999759
0.11338934190276817
0.11338934190276817
0.0
0.042409446483998546
0.03998400959360448
0.13608276348795437
0.030599503068105233
0.052999894000318
0.0
0.11396057645963795
0.17928429140015903
0.11952286093343936
0.0
0.0
0.11359236684941297
0.0
0.0
0.0
0.11470786693528087
0.18907604749897633
0.16188097705954405
0.15075567228888181
0.0
0.0
0.21693045781865616
0.14625448482542613
0.10050378152592121
0.0
0.0
0.0
0.09986029331567647
0.29493400725830987
0.0
0.06063390625908324
0.23606684260939012
0.31578947368421056
0.36315009352968924
0.053300179088902604
0.09805806756909202
0.2773500981126145
0.15811388300841894
0.0
0.0
0.0
0.22026692946430573
0.2257064381589836
0.3394673699166022
0.1690308509457033
0.0
0.13259870882635919
0.04003203845127179
0.26111648393354675
0.10660035817780521
0.0
0.0
0.0
0.206418738616856
0.0
0.09622504486493763
0.21821789023599236
0.1889822365046136
0.04564354645876384
0.0
0.0
0.0
0.32995600879804493
0.15214515486254615
0.07453559924999299
0.0
0.0
0.0
0.15075567228888181
0.125
0.0
0.1778216897897548
0.11009637651263604
0.20341905108624306
0.0
0.25
0.0
0.04335549847620599
0.06681531047810609
0.0
0.1
0.22283440581246225
0.2653343152526162
0.21081851067789198
0.0
0.15811388300841897
0.10259783520851541
0.1675415633166782
0.0
0.0
0.2773500981126146
0.05783149319662403
0.05212860351426869
0.10660035817780521
0.21320071635561041
0.0
0.05783149319662403
0.09829463743659811
0.2898754521821015
0.05590169943749474
0.0
0.0
0.0
0.13538259026847058
0.06350006350009525
0.22941573387056174
0.3441236008058426
0.0
0.0
0.14433756729740646
0.0
0.0
0.0890870806374748
0.1781741612749496
0.1336306209562122
0.10660035817780521
0.05698028822981897
0.0
0.05547001962252292
0.0
0.0
0.0816496580927726
0.12909944487358058
0.16366341767699433
0.0
0.20412414523193154
0.13443321448446627
0.35351162656376256
0.34934498739263803
0.0
0.0
0.0
0.0
0.0
0.22360679774997896
0.15811388300841897
0.05423261445466404
0.08199200616907876
0.1247219128924647
0.07453559924999299
0.0
0.24120907566221092
0.10776318121606496
0.12361284651454937
0.11470786693528087
0.0
0.11180339887498948
0.2041241452319315
0.20100756305184245
0.08703882797784893
0.0944911182523068
0.050507627227610534
0.0
0.04494665749754947
0.12909944487358055
0.0
0.0
0.0
0.24618298195866548
0.10660035817780521
0.0
0.10540925533894598
0.1217161238900369
0.12909944487358058
0.0
0.0
0.05547001962252292
0.10127393670836667
0.15191090506255
0.0
0.09128709291752768
0.04714045207910316
0.1556997888323046
0.05698028822981897
0.0944911182523068
0.08333333333333333
0.2
0.35000000000000003
0.381356384904845
0.1386750490563073
0.0
0.140028008402801
0.08333333333333336
0.14852213144650114
0.0
0.1
0.3779644730092272
0.0
0.0
0.19611613513818404
0.0
0.0
0.0
0.08362420100070908
0.10660035817780521
0.0
0.269069117598525
0.08770580193070293
0.2449489742783178
0.12909944487358055
0.0
0.1767766952966369
0.0
0.0
0.125
