0.337643303026951
0.5319768557220464
0.6279588090420695
0.6092773852405327
0.4001724191095807
0.36981513863447607
0.38485069981108333
0.5416479737215012
0.5810173458224436
0.4125322303395419
0.40772310814006163
0.4021669817998489
0.329292779969071
0.3928986601246676
0.5663457609767675
0.3541795999837203
0.4144204688117268
0.4103647492759426
0.4148129035052229
0.3421564648086488
0.6222942721786304
0.029424494316824982
0.0861460984507896
0.22982847615424107
0.5011004491878506
0.378777009539285
0.22079630262351754
0.2800996086833359
0.43803596576673326
0.42294721395747786
0.5051749657699093
0.3096904642263539
0.15386436372416593
0.40641005547647197
0.4449404265216509
0.13790029319464991
0.2209855836721007
0.4559642440263094
0.37081394796545786
0.40237918660470906
0.35147974578331886
0.20739033894608502
0.28245300675124113
0.4436995740100522
0.49738929719122227
0.4631975763837956
0.23799864840657534
0.2139448746962008
0.45007472564020073
0.43245056651061314
0.5291886718425706
0.488211547860062
0.46346539187687935
0.5405899027195887
0.31219527052723134
0.4387267976856653
0.5374535078523988
0.48620027638331453
0.21945508678783654
0.35193457179348
0.516552572806529
0.39499260423347116
0.4666328520340627
0.0594018645349865
0.01972574607881179
0.5991370956486072
0.46017422230622157
0.4175364056976574
0.25235211915060474
0.15159800894236589
0.40655200109801115
0.2829908847658441
0.42951170799046967
0.5756437688513658
0.5549888133381033
0.2854496128592251
0.18932061141568832
0.2479517612386092
0.33816111718598063
0.3999999999999999
0.4735680169380809
0.20179913668364655
0.3792500647145326
0.3488216244631547
0.14795454458610455
0.32850688666060146
0.598950424817543
0.5702343860210821
0.5670170152878506
0.47439285195895853
0.44170903497377073
0.43208833025779336
0.5364743462746302
0.4777323813896524
0.223491387782162
0.3627442432935209
0.41633352112595823
0.32148096086822064
0.3199059815535098
0.3865608144014549
0.35186906869248896
0.4121973041894333
0.4388153308554502
0.49698921993754935
0.6309580584415118
0.3841974890877139
0.2878738801178087
0.32084302173794305
0.4430813627947535
0.5575873708344802
0.18562867318184045
0.05179539792436706
0.14929022601411732
0.2830369059149179
0.3734357044420267
0.08945703337056414
0.036037498507822355
0.25075339196407476
0.23622490243735317
0.3491227025841907
0.6655834579546955
0.5937120725185117
0.4760024422570486
0.6287331198650381
0.05069794004195823
0.0
0.23085287817031133
0.1819435304589368
0.33774775708911897
0.4745670265507141
0.19569842191603268
0.1517941851797291
0.5143439247690527
0.1996530786633589
0.13012085969240406
0.45586232882553757
0.3978976323455761
0.39294850963264316
0.2653343152526162
0.3490683879926658
0.5404942377032068
0.3268454313777162
0.0
0.0
0.27757537235967417
0.322549180529821
0.3663458325024016
0.37342554855848514
0.19833220700547943
0.1653796461189446
0.32197475897237376
0.3461561511646579
0.340552978787364
0.44366294419498387
0.4154099094996031
0.3
0.35177335514798524
0.5182808321286555
0.13917155995028474
0.10555008273018728
0.25355335110852434
0.5257833997877666
0.36346642642375493
0.06814662756363819
0.2505333484032213
0.46634560253050683
0.39907727674105914
0.44432081845275445
0.4786969636918915
0.4686030583909953
0.37571373546886194
0.39526287659905146
0.3488571217695299
0.5345207565406132
0.32516784432678303
0.37908769828787275
0.6094394898008089
0.2871517723275919
0.0
0.0
0.48131366621859706
0.4369101380503461
0.5450033541382973
0.305441419328485
0.264575131106459
0.11795356492391772
0.14673236544757112
0.6092266262867568
0.6134563113510929
0.5347522119913719
0.5882691204045644
0.564253550455888
0.45098268154056653
0.3699678750585918
0.4075271479529179
0.3044155501736522
0.39699451847411626
0.49074567141980424
0.35174861417832876
0.454858826147342
0.4367112034794474
0.28978565486712854
0.11190335723100832
0.21445722552013968
0.47034306532958237
0.34259435491376583
0.46541794474133724
0.19372729891222268
0.3157671020851584
0.5159416603730211
0.3327989614488285
0.21295885499998
0.4040610178208843
0.3378927977080472
0.24497227833833424
0.29313667202432975
0.32386296182971086
0.26626461479211516
0.32566185911337303
0.45055581846618853
0.4374278679039571
0.5497406172781797
0.46341157771472047
0.5074728193907356
0.5331935691337668
0.4604920550466503
0.2879130599751087
0.0
0.03572425481028288
0.32151829329254594
0.17380866549724558
0.4169953860978172
0.5493480090138199
0.39454980222563174
0.3654939925441438
0.31727242287498414
0.5294970014336744
0.5050869210416113
0.280883739019421
0.44103519013161097
0.2635432231870227
0.33388519181741544
0.30956959368344517
0.3351331452618176
0.3177130268541787
0.4608446839408574
0.5466381301175446
0.6755803439058761
0.36242504019590127
0.5097261312117766
0.674285961673409
0.43486374193567157
0.2231093404090868
0.1606438657804998
0.42200808863082717
0.5397010826068243
0.6068411474273392
0.018130943107347378
0.10580184237878976
0.2921928951713718
0.2268161771816387
0.2326700202988444
0.23930378199801736
0.36444812375789315
0.25754968174125636
0.12060453783110545
0.27628748855997143
0.30562981866409056
0.18627450980392155
0.1641367041336902
0.3482014588148936
0.19384952863381635
0.24324618014776556
0.32897246075960807
0.2301271021944891
0.25634797778466234
0.18
0.2831104292524653
0.41457809879442503
0.1895438491439364
0.28480570491830987
0.4479842312325861
0.5218685198961077
0.544671334402335
0.3557277518980221
0.5300554949677256
0.6897245742875802
0.4243842621718468
0.22287124708010464
0.2812825095651451
0.20339307661750589
0.23079654558624887
0.46538738604733093
0.29994764554407244
0.3026414820249237
0.33577022570676884
0.35209731328084315
0.3150704324154602
0.3121297482205915
0.44486496731672975
0.41417083928845067
0.3485082457996199
0.4871819375756946
0.5563042508292726
0.6176914696106787
0.5048432056926239
0.17879963496303788
0.10440504200802576
0.5154235035223291
0.5450807400759992
0.35941780120147093
0.17340162366996137
0.03873467559917655
0.254000254000381
0.18564635281550215
0.25264557631995566
0.2285714285714285
0.264887162657459
0.1907641932953064
0.42243626808544904
0.38238613745315875
0.26478425388797394
0.1605672629122938
0.45686103208201745
0.5386660419202856
0.5928547825976823
0.5423261445466404
0.3055555555555556
0.20277677641345315
0.18807795461846105
0.5184587495655034
0.0
0.0
0.5320136734641643
0.45724071239235586
0.4692645386587464
0.5440353124592795
0.3721181808247725
0.349374959569404
0.42590377358998366
0.5923030073834894
0.609481410544214
0.6617455215432386
0.630249523786197
0.516792459474726
0.3677341466926054
0.2948185205998629
0.6249244953233781
0.5080656507703276
0.2481401744582276
0.4218479169376454
0.6650205922181834
0.6622311197972901
0.6895877937521304
0.6844743110336874
0.34109325040967947
0.23570226039551587
0.24174688920761406
0.3476489039169319
0.46242690757177696
0.4204655810663701
0.4252208848425238
0.343754727260945
0.23971634367434053
0.22620539031394965
0.2855777218799656
0.14597595765429935
0.16814321093416315
0.5074592674464795
0.47227749287357107
0.4916840738963401
0.42564013379507404
0.37227205364290017
0.3950502160492692
0.44088264883091133
0.4836715538906653
0.4900690032223913
0.3245800564111407
0.32118784345774526
0.6381929286840575
0.5459670516453141
0.33508312663335643
0.4619348854371559
0.2823926418836876
0.2009535214960729
0.34697038868403707
0.22738081877524796
0.2858309752375147
0.5130903118430261
0.6132134816685693
0.2637493579257628
0.14623832821492141
0.11892657669468333
0.3091761743682707
0.28185793008312676
0.5105818930448118
0.2720298543054458
0.11382490008530152
0.10653312363426526
0.07979313170282182
0.39233578076039005
0.4802005429093761
0.6346547422834644
0.48758589237783
0.29855685391320014
0.1526029856617383
0.3080351950316634
0.38091407123822874
0.5301589619830679
0.3397647942917504
0.27247463045653303
0.15811388300841894
0.1611258466588724
0.23219517677125023
0.3775762197244137
0.35370641089500354
0.14832396974191325
0.27629017532056765
0.3332147082566068
0.2979181982724521
0.35084171837881845
0.26061483842454275
0.32047262395203546
0.3807198975872901
0.37123069759313637
0.23861132986362632
0.08238525545716346
0.3772369180073609
0.5802051101320287
0.5214996484716081
0.33067278529454014
0.20519567041703082
0.4328846484510361
0.5807425410808762
0.45302611053017083
0.557509319192184
0.5207400383251082
0.5065939476132567
0.3807508699834432
0.2950918804366142
0.31067808302242067
0.3747613842549118
0.4498189503728565
0.40748109553052425
0.4597771814219871
0.3781491612552889
0.3211308144666282
0.13483997249264842
0.11891767800211261
0.42876378559573314
0.4709721547981987
0.4163096069976232
0.5090097337879786
0.32876775281970344
0.2193817272381392
0.4376402908177558
0.5965441416052791
0.3415969212560288
0.3701246385503342
0.41936847604366617
0.4960947723409581
0.05126145946300566
0.0
0.12944329207304917
0.1328369173344301
0.27947270635600774
0.2427323766100514
0.39668650148762397
0.3083957557534891
0.42858046434858926
0.4714505737650416
0.019160041630983685
0.07930515857181442
0.46359892842073813
0.6594313705004977
0.3483624855756161
0.39312269655344817
0.1967223688411584
0.23433585896675704
0.5812373553910736
0.02938917502151596
0.06576322233726122
0.6446414008531325
0.3288335261029102
0.11715583722580121
0.33197000110349284
0.16471728186725412
0.21993656590766306
0.5343128260470933
0.49052090078360955
0.4892643178534608
0.4865778275267949
0.35994925835599767
0.2975810152948263
0.41689979752578715
0.5498780860415939
0.261926149392806
0.3461578467068116
0.48420012470625223
0.0
0.004567210044745518
0.6323128454484845
0.37747214964096837
0.5739480686999808
0.6454136006118005
0.20377124731683496
0.3120645859994531
0.5523378293653162
0.3637111092965368
0.1320196723968899
0.0955394632947723
0.19792889571956623
0.5244173507419256
0.2928943208648127
0.28962703759842995
0.19748321925501017
0.21173941937869672
0.2958643729685768
0.6664267821233237
0.4939965985363818
0.45636463611275163
0.6534186081561717
0.5102518932875898
0.5173484653228325
0.5433203584271784
0.3528851857406151
0.39707197224289914
0.343192952923539
0.23693955110363693
0.4493703221367664
0.2913857587071793
0.3517701513050472
0.47859015510453984
0.25022701083851756
0.31998817806712826
0.4250788793762867
0.4023393760249423
0.4843924499178641
0.5275556317288275
0.5949034589893899
0.5383771224139476
0.677026075349922
0.45897604380880175
0.28056585887484736
0.2796985743921603
0.3459510000515285
0.20542163837429125
0.204598301841142
0.25153125820901295
0.40061871653375325
0.45792255933861653
0.33015034226393586
0.1420541171431135
0.34172909488363007
0.1846372364689991
0.2326894604977586
0.3748190431526517
0.6445511827126038
0.5219687718314079
0.1472470090755044
0.2676321806640303
0.19567272453270135
0.08947924869885988
0.09041483013408168
0.34802459844258293
0.22999168433529935
0.43657453463145945
0.5470830019393187
0.4315722753065359
0.5372940658686113
0.4876236385295535
0.5264121596882086
0.4555226374286131
0.11268723396380222
0.052814773301984634
0.6514963930285272
0.5551506408672181
0.4660822079457985
0.187545793137818
0.28192420241396815
0.25135148715187255
0.28375606390908203
0.3228523030130877
0.2200985481713567
0.3524536884251207
0.24683127573848507
0.33216305470617014
0.3118617380782404
0.23523598444848237
0.2956561979945413
0.259870097418821
0.25031812746841814
0.5366000622746756
0.12459003837344572
0.04588314677411236
0.2364790267594304
0.3445732374771533
0.2692464966196437
0.058321184351980436
0.14649340415294287
0.43598257772623
0.3160605824122282
0.10892755023757475
0.07142857142857141
0.21556199545914562
0.1922726345609902
0.17319425645410824
0.1291293393847775
0.28180093098831727
0.18856180831641267
0.17962924780409972
0.4140393356054125
0.5231248319287631
0.45618516463195724
0.07767356373806175
0.07412493166611012
0.23642340630714465
0.5270462766947299
0.5976143046671968
0.5193990823103822
0.42393985662356476
0.38657135446853796
0.2225033383652591
0.28116694429670797
0.22356027599814915
0.27137012155451473
0.4170036474947314
0.24365796154926908
0.307834152956911
0.44681560942253323
0.4201354816999971
0.21627766247584587
0.22831482556870478
0.35637182760071795
0.6834246989432085
0.5837118582001979
0.3476440041064426
0.297351603133406
0.3819862409415467
0.4518529464207495
0.4904148054902421
0.4014266704564009
0.1061766755462923
0.0798935461936961
0.46065247995357517
0.7212756610401477
0.6461921935305994
0.6532248911387626
0.48497613677080265
0.3433508017497365
0.5261353625024292
0.1667763518820053
0.14915408491089419
0.35337918344271557
0.27961639470054006
0.30338957913232256
0.2843432148474573
0.4945136656002502
0.2638814705396668
0.28084105213279675
0.08470926844646215
0.16984155512168936
0.16666666666666669
0.16329931618554522
0.11795356492391772
0.4991877609904888
0.5006364857742541
0.36285742718783354
0.522990555207068
0.284997844711949
0.04481107149482209
0.0907218423253029
0.20851441405707477
0.5290662901006363
0.42065663167186607
0.45601264331616687
0.5140007760187396
0.26403234501527806
0.27602622373694163
0.5139965368196006
0.2768053777656065
0.260397830699287
0.6786675470091357
0.5336507456603667
0.3374707778750995
0.3085887069381368
0.39960858954141143
0.46158217314630495
0.3655329937248705
0.48415151975400567
0.5414447277076333
0.28808779902279696
0.21456602254979504
0.26698094687787577
0.6162913242326475
0.5982224752298512
0.3319764047840349
0.38052631378407165
0.48966467643361805
0.30393727063846016
0.39784946236559143
0.4160133126390101
0.49586100492044827
0.16064386578049977
0.07905694150420949
0.3975239512643153
0.5718427585244943
0.429499071943652
0.40942767235251953
0.4213468166472025
0.3564240777040117
0.48675291705244395
0.5476283890820368
0.4617652751352867
0.38278239815612186
0.4731221598688933
0.36959216776992876
0.31054084379737373
0.40981880329426207
0.19005105362789923
0.26475854543081473
0.4526453880671565
0.3934652341454379
0.2570936061090557
0.19977683068986243
0.4247648865053428
0.3688260577873775
0.37771095216621636
0.3977126777355675
0.17509164311713274
0.11810771907149853
0.24012009007506566
0.10169503597462534
0.4152231405043033
0.1851640199545103
0.15773876057481154
0.15633756855570344
0.10873205644391246
0.4032147093128421
0.6184768881714059
0.2874619767990595
0.2593208922151657
0.217903987630517
0.2392683064955008
0.3012320380383547
0.32472545803136815
0.5270573886643856
0.42027769346166244
0.3071672720050333
0.03329635791060134
0.0
0.24501704402376917
0.21717331672855175
0.21541010921383227
0.09095085938862485
0.2194507694828817
0.5889611116748525
0.6071940840249463
0.4284610688028748
0.3074271372947777
0.21518099008229027
0.34939759036144574
0.5358643563924191
0.5680994286941748
0.4404869531195499
0.5521156561517111
0.4731489172714223
0.14673479641335552
0.21199957600127198
0.43104494285648687
0.3203209419398717
0.29367990947051964
0.4902859620849458
0.49587357298730034
0.23253717985393135
0.3097455402575201
0.14360673947588817
0.07401926528072125
0.44123933445668906
0.48640532947511117
0.360236812356162
0.38668014055609123
0.18829701026587498
0.37940511928786436
0.40467957089042217
0.2678191159929738
0.3278404567459072
0.42429721822705607
0.41065108861708094
0.5306148736871137
0.4156372726690447
0.29691124626104715
0.21148012180278192
0.35306387372217324
0.4356636085326159
0.5669313733246168
0.5515038757754285
0.353568001143132
0.23692415692169536
0.46484075023272536
0.5565837864721145
0.5210316021905806
0.2955013359139378
0.3785009350398816
0.16190612166625978
0.07438270555206973
0.5116730893196755
0.15974461276617433
0.1923944280975527
0.36865730623116794
0.4156851183853697
0.40371702635433004
0.43763225023648505
0.42629353269564874
0.6325199373426424
0.21714640241918481
0.23091958240294164
0.5849072785787885
0.5306255373785422
0.34132277233300756
0.5063803535779767
0.547400898431845
0.5153186927523606
0.3495888248743835
0.3438731924766623
0.39062529771344645
0.4370490275726453
0.44034755759456756
0.3394638275806279
0.40016336533252056
0.14930178053803184
0.1407226051870556
0.5239420878826682
0.5277136903863537
0.5714883364704008
0.5841096737877765
0.5117244002994794
0.44913469598740274
0.4785393473109554
0.35835968759890013
0.4955869607279477
0.45757513044307824
0.44662650911891777
0.5919277580787797
0.3683088886303527
0.340598086161649
0.3399215902285236
0.3958545513044896
0.4914039607318853
0.5795089182704692
0.309855834700385
0.10397504898200727
0.11846207846084768
0.5697456944919121
0.05777114517518151
0.1866272256725398
0.0
0.0
0.43031522036132147
0.3319067867829915
0.23588251730400855
0.1125087900926024
0.15617376188860607
0.48919075471409507
0.3595200017026867
0.23750843439814182
0.263573811002068
0.32356511440498636
0.3755059114026912
0.3688568967078678
0.4290293180051299
0.5034530649746449
0.28973979691221763
0.5570914011273866
0.21871919549171023
0.04426989514189718
0.27652299751171916
0.22386075217339094
0.30705321772782934
0.5379737998244013
0.35384259586911126
0.2439024867212017
0.36029411764705876
0.39886766029888765
0.039675980042907705
0.07377111135633176
0.05634361698190112
0.12909944487358058
0.09263604091852043
0.2761645842202399
0.24111962300730375
0.23635157914750063
0.08770580193070293
0.03739787960033829
0.1886368431677622
0.41770880650441655
0.330455732754554
0.6084388582026075
0.40094337898276533
0.24476773194918958
0.2699105367556033
0.5626294037495825
0.44307094023030213
0.4741859557969906
0.4294024735365385
0.3281080460960298
0.3897559777889521
0.5995775877972542
0.4985239844347433
0.45879521224205533
0.23762824214975264
0.22704744811853877
0.3069867060579905
0.3722353856469429
0.4265580865657992
0.21268202759004598
0.12060453783110546
0.39486862385508215
0.5019073203866937
0.44654484722019117
0.4248066237449591
0.3828491698492472
0.3736272412930321
0.5433312967498313
0.7260264035171583
0.717258250374346
0.3509730511110024
0.48255502011965523
0.2037054285956667
0.1823421848120755
0.036624877106575575
0.26791140054243756
0.4388376610718143
0.4440793165572332
0.4694172601242567
0.36024368461588996
0.38760098798870324
0.38044737167763343
0.5717148029333451
0.42767252257055544
0.4359938121880265
0.4380534618466574
0.5714688195533567
0.5574454750899949
0.39490918378823614
0.297851668118539
0.15964024811538644
0.17201318101501223
0.6094867787601467
0.49431688916007405
0.3956762928743993
0.16169041669088863
0.30804590225940975
0.5413319619607668
0.6179762036799522
0.4192017070770533
0.3163773180545274
0.31799672126372647
0.22384191151455918
0.314457656725793
0.3050985191425529
0.2729345035777691
0.5307071425218953
0.3245229812876359
0.2972239773132692
0.30313014926513887
0.34906354271870427
0.1550404367183188
0.40051338336486425
0.3480530700874731
0.36770776877220596
0.38561671744171283
0.5056863834727883
0.6069542909071934
0.04513511391108638
0.041594516540385144
0.4022612181443303
0.5195885659901146
0.46189822343075104
0.5179739926857083
0.20846909961254165
0.0912870929175277
0.29925895317037976
0.20358626776148886
0.20095682278521249
0.32011482038983374
0.1204950466257556
0.06488856845230502
0.1483997032008904
0.22485950669875845
0.1899342940993966
0.49164957152874633
0.5678108222497183
0.3754074835337033
0.4100170325440138
0.4459830257408015
0.48890685578099713
0.4754158497629103
0.19090281293073605
0.28673039161280606
0.28496810984552273
0.32280183428327647
0.46501844353206356
0.45459383646602064
0.4798769093070893
0.46679463055253334
0.5125635053312865
0.5582602558149574
0.49735131588878145
0.2205233850104013
0.30202629486033683
0.47491973041016544
0.44804793201508286
0.5877101822361682
0.3436787921673443
0.27511572812796947
0.05981486045545792
0.15408338784034142
0.09938079899999064
0.0
0.37041189093237736
0.0
0.09539644305619455
0.3687339743445565
0.28944992946069326
0.28840230310981624
0.05896396560155282
0.06137164119322156
0.07846531817819995
0.5664411840370208
0.5248534758648461
0.4502064273983093
0.05839272948338148
0.10818558060197887
0.4717447656434689
0.5092081831153153
0.4786344211304794
0.5959446786607039
0.5428899909764021
0.5316468456541905
0.19427149135788155
0.29809170544183966
0.33503032143264355
0.5947278837469836
0.5080730281418058
0.4564878651922066
0.34631782240470754
0.21096325392232296
0.16946370914726472
0.22309097976712602
0.2836880022264773
0.492995435621122
0.3924205513621626
0.2931524164007422
0.45718028627008955
0.3406012774981446
0.33668452758493633
0.3615554517669084
0.1510779149200996
0.11858541225631422
0.16279558914833608
0.19411148828098695
0.15622669317698865
0.07669649888473704
0.16395509864449395
0.5196102287318343
0.33787705279148195
0.31952886474551667
0.15493005602250395
0.15307175553672936
0.3664965287702534
0.43260031878289723
0.5220302704562687
0.5752552741835011
0.30171088883824154
0.4395143929982308
0.37986801187633346
0.24253562503633302
0.5375457928884337
0.3618381091430077
0.1153499601456945
0.0
0.01868261597357436
0.4216951100825671
0.2450397465527985
0.24869034516499144
0.3306208168897463
0.3535170761907505
0.36866739894755857
0.39985216486674147
0.19633836312465047
0.2022886949696695
0.35058479572944334
0.25980222978757717
0.4434261469043973
0.4133923464593038
0.32551538350846376
0.34874291623145787
0.26527472604415414
0.4475799472074601
0.5734460549993226
0.42794481716367355
0.0276394996411391
0.0
0.03965257928590721
0.33473042277594867
0.1477454278067491
0.1128066693274418
0.24849895941278619
0.4320744284128739
0.5560354102645446
0.5345686508537779
0.5882781248856682
0.6478966198581632
0.4356289205635321
0.36318678091610707
0.5299686545680236
0.5505466114328819
0.5129991815325158
0.5495319170269094
0.6580579070429001
0.45334165870338483
0.35972321010931996
0.2943920288775949
0.3825184261187248
0.38455155425495013
0.3896108521105776
0.5980841659632001
0.4610959984238435
0.3378886593259095
0.6288543489615
0.34497574474564136
0.1829510163408919
0.36404517361778094
0.2665958601948296
0.2996601701317797
0.23194878477469122
0.1588133334353488
0.320387696177723
0.23283420003487967
0.3617809047790573
0.0506897977565059
0.0
0.33824022914022206
0.3433984185572144
0.4504655976413572
0.6429744544445939
0.41393719410571694
0.16658795749265887
0.20100756305184242
0.1823262913747181
0.16520324111288018
0.35503580124836315
0.42033880911403054
0.6216216971314446
0.07972747887248996
0.019277164398874672
0.5368851136146215
0.32443776126432133
0.3798601193520682
0.43931441127255394
0.4293626390218095
0.21652326748721032
0.22866478019001177
0.40843586147787825
0.3913151824507463
0.2587123285522964
0.351613623550617
0.39197586273616475
0.3181618988267305
0.13034241759113438
0.22599088242832144
0.28086170647826336
0.5514137201012949
0.519501621645449
0.23973165074269204
0.07963451988822423
0.38948850836635285
0.5485356216879165
0.28551273780142544
0.04503773491110449
0.12943545440790588
0.4991172280636471
0.2706171092588956
0.34016461664121883
0.12634904359811808
0.06748819059987712
0.48727422970661494
0.29059533194056464
0.3515722769803368
0.46578313771791036
0.33482476509121256
0.28503603482251416
0.3941260205479983
0.34826869908649494
0.3398355712520623
0.4167054245539805
0.21046802247095636
0.09258200997725514
