0.40904799405193093
0.16810223724982595
0.20009883865194383
0.4574345849675558
0.3663112508510493
0.16055756769971896
0.2268186073940227
0.6378604169704398
0.4997419354666801
0.38570135387728055
0.451308985420092
0.5829876430544286
0.5521568920593692
0.18438074848355174
0.07067142711473182
0.34515991219921416
0.3974492498142411
0.3650335826208402
0.43924786763029244
0.46911925494664736
0.359235465499685
0.2828622883968817
0.27279727237568213
0.28375606390908203
0.2581162052445295
0.5026061579759015
0.5226576762854604
0.2801633303002886
0.1515151515151515
0.47233414020262027
0.5401091974885481
0.3582512062789285
0.41095815480619535
0.13522468075656266
0.1912681946843437
0.3104602102825331
0.5122867711789232
0.13246120535913508
0.158292061860056
0.5743009633459403
0.5408816917454171
0.3869529949759475
0.13151272746117287
0.3009419175453115
0.2179449471770337
0.381450061137435
0.5947755473239502
0.6036083941296314
0.5115617324246878
0.6128127997092633
0.517362890996276
0.31615734451145144
0.36106837353937604
0.309408552423167
0.11846977555181845
0.3405574568898749
0.3928362656341784
0.43133631192806654
0.48773159366558594
0.26940795304016235
0.28864834364760894
0.5771526790437527
0.48210574863391886
0.48053739027004827
0.378661182306514
0.2672612419124244
0.028194193721730043
0.2507784139231543
0.29240888936535714
0.34401045807689073
0.22188007849009164
0.13719886811400706
0.08312115136152574
0.4695197906645353
0.5065651553435714
0.37479091160905864
0.3777403169315834
0.5366289362709977
0.5473246478576544
0.28912165479145596
0.16296216206593894
0.42830441755553517
0.4336081195755195
0.4544745639818725
0.35277813055608476
0.4061982461165031
0.4894177926193736
0.4146560446452083
0.37685618531198684
0.4279669808851281
0.3750021400384066
0.23170341173428086
0.2943028597012718
0.2670882572717043
0.20751023642374988
0.10243293100033338
0.6663938158067921
0.42971679039878996
0.1457226918679578
0.25019554168026714
0.28228515509921237
0.26995888299417503
0.15975241260567344
0.35783002674779546
0.38875313014742235
0.30677371992541314
0.25564476660451096
0.61742687937001
0.5940210636570653
0.6046020904371754
0.2053988647955044
0.18433299963121214
0.3688558515452835
0.41156551044295414
0.49822538808379163
0.2786711614049855
0.6416756615965412
0.6745553805057887
0.6480495032248482
0.3915256335329455
0.3765330307163267
0.45369972993286545
0.18625322946656703
0.27774602993176545
0.41805962755713094
0.45790546988962544
0.6154941826632163
0.6420504628486622
0.6133385708941793
0.43575075739140323
0.3686819640713862
0.5765925506435318
0.42320655220373554
0.39799535343531656
0.4520487149271182
0.4531778801287012
0.12080808993852436
0.15126584522688322
0.3875507284791499
0.18418218405447617
0.5186135362676141
0.5501778368617851
0.29488391230979427
0.2516132830427542
0.3716389491342043
0.36064975486538736
0.43142514944595906
0.524777138198797
0.31367244210560485
0.24987096773334008
0.40159291796153096
0.10176568762666319
0.12168240453959095
0.7021165550790114
0.38597748940552346
0.42661385913338007
0.6741413650968975
0.6809605150014287
0.38668592238643396
0.34648137647066635
0.6451627709218366
0.45752287671576797
0.4488767235731018
0.3939487415878219
0.3198567241064099
0.22466675742712403
0.09352195295828244
0.11227217828476795
0.2144210416873845
0.4159787012764036
0.47511798612250067
0.41379378492515784
0.3463235914358239
0.24388184191689483
0.2488941003557231
0.4007292622280526
0.2913143337846949
0.34042677004733746
0.9958431750096404
0.9957807441838376
0.9958071094158636
0.9979144919948452
0.9979951290158403
0.9958431750096404
0.995815899581589
0.995815899581589
0.9958431750096404
0.995735588247265
0.9958160492007593
0.9958431750096404
0.9958431750096404
0.9979144919948452
0.9979951290158403
0.995735588247265
0.9958160492007595
0.995815899581589
0.9958160492007593
0.9957716512507256
0.9957805907172982
0.9957807441838374
0.9958431750096404
0.9979144919948452
0.9979233007628104
0.9958071094158636
0.9959538834991516
0.9959538834991516
0.9958431750096404
0.9956989047964625
0.9958889576968909
0.995815899581589
0.995815899581589
0.9958071094158636
0.9958071094158636
0.995815899581589
0.995815899581589
0.995815899581589
0.995815899581589
0.995815899581589
0.9959538834991516
0.9959538834991516
0.995815899581589
0.9937040297517008
0.9937040297517007
0.995815899581589
0.995815899581589
0.995815899581589
0.995815899581589
0.995815899581589
0.995815899581589
0.9979144919948452
0.9979144919948452
0.995815899581589
0.995815899581589
0.9958071094158636
0.9979233007628106
0.9979144919948453
0.995815899581589
0.995815899581589
0.995815899581589
0.9958160492007593
0.9957716512507256
0.9958071094158636
0.9958160492007593
0.9957448382980193
0.9958889576968909
0.9958071094158636
0.9958071094158636
0.995815899581589
0.9958431750096404
0.995735588247265
0.9958160492007595
0.9958071094158636
0.9958071094158636
0.995815899581589
0.9958889576968909
0.9958889576968909
0.9958160492007593
0.9958160492007593
0.9959538834991516
0.9957083160726617
0.9958431750096404
0.9958889576968909
0.9958889576968909
0.995815899581589
0.995815899581589
0.995815899581589
0.9958071094158636
0.9958083373816495
0.9957448382980193
0.9957729110700313
0.9959538834991516
0.995815899581589
0.995815899581589
0.995815899581589
0.9958160492007595
0.9958160492007595
0.995815899581589
0.9959538834991516
0.9959538834991516
0.995815899581589
0.9958431750096404
0.9958431750096404
0.9958431750096404
0.9958431750096404
0.9959538834991516
0.9958549140045537
0.9957805907172981
0.9958071094158636
0.9958431750096404
0.9958431750096404
0.995815899581589
0.9958071094158636
0.9958071094158636
0.9979144919948452
0.9979144919948452
0.995815899581589
0.995815899581589
0.9958071094158636
0.9958071094158636
0.995815899581589
0.995815899581589
0.9958071094158636
0.9937303457175886
0.9958333333333327
0.9958333333333327
0.9958333333333327
0.9958333333333327
0.9958333333333327
0.9958333333333327
0.9958333333333327
0.9958333333333327
0.9958333333333327
0.9958333333333327
0.9958333333333327
0.9958333333333327
0.9958333333333327
0.9958333333333327
0.9958333333333327
0.9958333333333327
0.9958333333333327
0.9958333333333327
0.9958333333333327
0.9958333333333327
0.9958333333333327
0.9958333333333327
0.9958333333333327
0.9958333333333327
0.9958333333333327
0.9958333333333327
0.9958333333333327
0.9958333333333327
0.9958333333333327
0.9958333333333327
0.9958333333333327
0.9958333333333327
0.9958333333333327
0.9958333333333327
0.9958333333333327
0.9958333333333327
0.9958333333333327
0.9958333333333327
0.9958333333333327
0.9958333333333327
0.9958333333333327
0.9958333333333327
0.9958333333333327
0.9958333333333327
0.9958333333333327
0.9958333333333327
0.9958333333333327
0.9958333333333327
0.9958333333333327
0.991666666666666
0.9958333333333327
0.9958333333333327
0.9958333333333327
0.9958333333333327
0.9958333333333327
0.9958333333333327
0.9958333333333327
0.9958333333333327
0.9958333333333327
0.9958333333333327
0.9958333333333327
0.9958333333333327
0.9958333333333327
0.9958333333333327
0.9958333333333327
0.9958333333333327
0.9958333333333327
0.9958333333333327
0.9958333333333327
0.9958333333333327
0.9958333333333327
0.9958333333333327
0.9958333333333327
0.9958333333333327
0.9958333333333327
0.9958333333333327
0.9958333333333327
0.9958333333333327
0.9958333333333327
0.9958333333333327
0.9958333333333327
0.9958333333333327
0.9958333333333327
0.9958333333333327
0.9958333333333327
0.9958333333333327
0.9958333333333327
0.9958333333333327
0.9958333333333327
0.9958333333333327
0.9958333333333327
0.9958333333333327
0.9958333333333327
0.9958333333333327
0.9958333333333327
0.9958333333333327
0.9958333333333327
0.9958333333333327
0.9958333333333327
0.991666666666666
0.9958333333333327
0.9958333333333327
0.9958333333333327
0.9958333333333327
0.9958333333333327
0.9958333333333327
0.9958591954639389
0.9958591954639389
0.9958333333333327
0.9958333333333327
0.9958333333333327
0.9958333333333327
0.9958333333333327
0.9958333333333327
0.9958333333333327
0.9958333333333327
0.9958333333333327
0.9958333333333327
0.9958333333333327
0.9958333333333327
0.9958333333333327
0.9958333333333327
0.9958591954639389
0.9958591954639389
0.9958333333333327
0.9958333333333327
0.9958333333333327
0.9958333333333327
0.9958333333333327
0.9958333333333327
0.9958333333333327
0.9958333333333327
0.9958333333333327
0.9958333333333327
0.9958333333333327
0.9958333333333327
0.9958333333333327
0.9958333333333327
0.9958333333333327
0.9958333333333327
0.9958333333333327
0.9958333333333327
0.9958333333333327
0.9958333333333327
0.9958333333333327
0.9958333333333327
0.9958333333333327
0.9958333333333327
0.9958333333333327
0.991666666666666
0.9958333333333327
0.9958333333333327
0.9958333333333327
0.9958333333333327
0.9958333333333327
0.9958333333333327
0.9958333333333327
0.9958333333333327
0.9958333333333327
0.9958333333333327
0.9958333333333327
0.9958333333333327
0.9958333333333327
0.9958333333333327
0.9958333333333327
0.9958333333333327
0.9958333333333327
0.9958333333333327
0.9958333333333327
0.9958333333333327
0.9958333333333327
0.9958333333333327
0.9958333333333327
0.9958333333333327
0.9958333333333327
0.9958333333333327
0.9958333333333327
0.9958333333333327
0.9958333333333327
0.9958333333333327
0.9958333333333327
0.9958333333333327
0.9958333333333327
0.9958591954639389
0.9958591954639389
0.9958333333333327
0.9958333333333327
0.9958333333333327
0.9958333333333327
0.9958333333333327
0.9958333333333327
0.9958333333333327
0.9958333333333327
0.9958333333333327
0.9958333333333327
0.9958333333333327
0.9958333333333327
0.9958333333333327
0.9958333333333327
0.991666666666666
0.9958333333333327
0.9958333333333327
0.9958333333333327
0.9958591954639389
0.9958677685950409
0.9958591954639389
0.9958333333333327
0.9960354880968788
0.9960354880968788
0.9958333333333327
0.9958333333333327
0.9958333333333327
0.9958591954639389
0.9958591954639389
0.9958333333333327
0.9958333333333327
0.9958333333333327
0.9958333333333327
0.9959606766216702
0.9959350964735744
0.9958591954639389
0.9958333333333327
0.9958333333333327
0.9958333333333327
0.9958333333333327
0.9958333333333327
0.9958591954639389
0.9958591954639389
0.9958591954639389
0.9958591954639389
0.9958333333333327
0.9958591954639389
0.9958591954639389
0.9958333333333327
0.9958333333333327
0.9958333333333327
0.9958333333333327
0.9958333333333327
0.9958333333333327
0.9958333333333327
0.9958591954639389
0.9958591954639389
0.9958333333333327
0.9958333333333327
0.9958333333333327
0.9958333333333327
0.9958333333333327
0.9958333333333327
0.9958333333333327
0.41749093387520014
0.9900990099009904
0.9950859653474032
0.9952890855710634
0.9901010513401425
0.9900990099009904
0.9902600181748342
0.9902600181748342
0.9900990099009904
0.9900990099009904
0.9901010513401425
0.9896907216494845
0.9896370260347824
0.9902600181748342
0.9950859653474032
0.9950859653474032
0.9900990099009904
0.9900990099009904
0.9950859653474032
0.9950859653474032
0.9900990099009904
0.9900990099009904
0.9900990099009904
0.9900990099009904
0.990049503712809
0.990049503712809
0.9902600181748342
0.9902600181748342
0.9950859653474032
0.9950859653474032
0.9900990099009904
0.9900990099009904
0.9950859653474032
0.9950859653474032
0.9901010513401424
0.9901010513401424
0.9900990099009904
0.9901010513401424
0.9901010513401424
0.9900990099009904
0.990049503712809
0.990049503712809
0.9901010513401425
0.9896907216494842
0.9901010513401424
0.9900990099009904
0.9900990099009904
0.9950859653474032
0.9952890855710634
0.9896907216494844
0.9901010513401424
0.9900990099009904
0.9950859653474032
0.9950859653474032
0.9902600181748342
0.9902600181748342
0.9901010513401425
0.9896907216494842
0.9901010513401424
0.9900990099009904
0.9900990099009904
0.9900990099009904
0.9900990099009904
0.9900990099009904
0.9900990099009904
0.9900990099009904
0.9900990099009904
0.9901010513401424
0.9901010513401424
0.9900990099009904
0.9900990099009904
0.9852336290568349
0.9901960784313724
0.9901960784313724
0.9901960784313724
0.9901960784313724
0.9901960784313724
0.9901960784313724
0.9901960784313724
0.9901960784313724
0.9901960784313724
0.9901960784313724
0.9901960784313724
0.9901960784313724
0.9901960784313724
0.9901960784313724
0.9901960784313724
0.9901960784313724
0.9901960784313724
0.9901960784313724
0.9901960784313724
0.9901960784313724
0.9901960784313724
0.9901960784313724
0.9901960784313724
0.9901960784313724
0.9901960784313724
0.9901960784313724
0.9901960784313724
0.9901960784313724
0.9901960784313724
0.9901960784313724
0.9901960784313724
0.9901960784313724
0.9901960784313724
0.9901960784313724
0.9950859653474032
0.9950859653474032
0.9901960784313724
0.9901960784313724
0.9901960784313724
0.9901960784313724
0.9901960784313724
0.9901960784313724
0.9901960784313724
0.9901960784313724
0.9901960784313724
0.9901960784313724
0.9901960784313724
0.9901960784313724
0.9901960784313724
0.980392156862745
0.9901960784313724
0.9901960784313724
0.9901960784313724
0.9901960784313724
0.9901960784313724
0.9901960784313724
0.9901960784313724
0.9901960784313724
0.9901960784313724
0.9901960784313724
0.9901960784313724
0.9901960784313724
0.9901960784313724
0.9901960784313724
0.9901960784313724
0.9901960784313724
0.9901960784313724
0.9901960784313724
0.9901960784313724
0.9901960784313724
0.9901960784313724
0.9901960784313724
0.9901960784313724
0.9901960784313724
0.9901960784313724
0.9901960784313724
0.9901960784313724
0.9901960784313724
0.9901960784313724
0.9901960784313724
0.9901960784313724
0.9901960784313724
0.9901960784313724
0.9901960784313724
0.9901960784313724
0.9901960784313724
0.9901960784313724
0.9901960784313724
0.9901960784313724
0.9901960784313724
0.9901960784313724
0.9901960784313724
0.9901960784313724
0.9901960784313724
0.9901960784313724
0.9901960784313724
0.9901960784313724
0.9901960784313724
0.9901960784313724
0.980392156862745
0.9901960784313724
0.9901960784313724
0.9901960784313724
0.9901960784313724
0.9901960784313724
0.9901960784313724
0.9901960784313724
0.9901960784313724
0.9901960784313724
0.9901960784313724
0.9901960784313724
0.9901960784313724
0.9901960784313724
0.9901960784313724
0.9901960784313724
0.9901960784313724
0.9901960784313724
0.9901960784313724
0.9901960784313724
0.9901960784313724
0.9901960784313724
0.9901960784313724
0.9901960784313724
0.9901960784313724
0.9901960784313724
0.9901960784313724
0.9901960784313724
0.9901960784313724
0.9901960784313724
0.9901960784313724
0.9901960784313724
0.9901960784313724
0.9901960784313724
0.9901960784313724
0.9901960784313724
0.9901960784313724
0.9901960784313724
0.9901960784313724
0.9901960784313724
0.9901960784313724
0.9901960784313724
0.9901960784313724
0.9901960784313724
0.9901960784313724
0.9901960784313724
0.9901960784313724
0.9901960784313724
0.9901960784313724
0.9901960784313724
0.980392156862745
0.9901960784313724
0.9901960784313724
0.9901960784313724
0.9901960784313724
0.9901960784313724
0.9901960784313724
0.9901960784313724
0.9901960784313724
0.9901960784313724
0.9901960784313724
0.9901960784313724
0.9901960784313724
0.9901960784313724
0.9901960784313724
0.9901960784313724
0.9901960784313724
0.9901960784313724
0.9901960784313724
0.9901960784313724
0.9901960784313724
0.9901960784313724
0.9901960784313724
0.9901960784313724
0.9901960784313724
0.9901960784313724
0.9901960784313724
0.9901960784313724
0.9901960784313724
0.9901960784313724
0.9901960784313724
0.9901960784313724
0.9901960784313724
0.9901960784313724
0.9901960784313724
0.9901960784313724
0.9901960784313724
0.9901960784313724
0.9901960784313724
0.9901960784313724
0.9901960784313724
0.9901960784313724
0.9901960784313724
0.9901960784313724
0.9901960784313724
0.9901960784313724
0.9901960784313724
0.9901960784313724
0.9901960784313724
0.9901960784313724
0.17327582002091801
0.9375
0.9375
0.9375
0.9375
0.9375
0.9354143466934852
0.9354143466934852
0.9375
0.9375
0.9375
0.9375
0.9375
0.9354143466934852
0.9354143466934852
0.9095085938862488
0.9411764705882353
0.9411764705882353
0.9411764705882353
0.9411764705882353
0.9411764705882353
0.9411764705882353
0.9411764705882353
0.9411764705882353
0.9411764705882353
0.9411764705882353
0.9411764705882353
0.9411764705882353
0.9411764705882353
0.9411764705882353
0.9411764705882353
0.9411764705882353
0.9411764705882353
0.9411764705882353
0.9411764705882353
0.9411764705882353
0.9411764705882353
0.9411764705882353
0.9411764705882353
0.9411764705882353
0.9411764705882353
0.9411764705882353
0.9411764705882353
0.9411764705882353
0.9411764705882353
0.9411764705882353
0.9411764705882353
0.9411764705882353
0.9411764705882353
0.9411764705882353
0.9411764705882353
0.9411764705882353
0.9411764705882353
0.9411764705882353
0.9411764705882353
0.9411764705882353
0.9411764705882353
0.9411764705882353
0.9411764705882353
0.9411764705882353
0.9411764705882353
0.9411764705882353
0.9411764705882353
0.9411764705882353
0.9411764705882353
