0.9900990099009904
0.9950859653474032
0.9952890855710634
0.9901010513401425
0.9900990099009904
0.9902600181748342
0.9902600181748342
0.9900990099009904
0.9900990099009904
0.9901010513401425
0.9896907216494845
0.9896370260347824
0.9902600181748342
0.9950859653474032
0.9950859653474032
0.9900990099009904
0.9900990099009904
0.9950859653474032
0.9950859653474032
0.9900990099009904
0.9900990099009904
0.9900990099009904
0.9900990099009904
0.990049503712809
0.990049503712809
0.9902600181748342
0.9902600181748342
0.9950859653474032
0.9950859653474032
0.9900990099009904
0.9900990099009904
0.9950859653474032
0.9950859653474032
0.9901010513401424
0.9901010513401424
0.9900990099009904
0.9901010513401424
0.9901010513401424
0.9900990099009904
0.990049503712809
0.990049503712809
0.9901010513401425
0.9896907216494842
0.9901010513401424
0.9900990099009904
0.9900990099009904
0.9950859653474032
0.9952890855710634
0.9896907216494844
0.9901010513401424
0.9900990099009904
0.9950859653474032
0.9950859653474032
0.9902600181748342
0.9902600181748342
0.9901010513401425
0.9896907216494842
0.9901010513401424
0.9900990099009904
0.9900990099009904
0.9900990099009904
0.9900990099009904
0.9900990099009904
0.9900990099009904
0.9900990099009904
0.9900990099009904
0.9901010513401424
0.9901010513401424
0.9900990099009904
0.9900990099009904
0.9852336290568349
0.9901960784313724
0.9901960784313724
0.9901960784313724
0.9901960784313724
0.9901960784313724
0.9901960784313724
0.9901960784313724
0.9901960784313724
0.9901960784313724
0.9901960784313724
0.9901960784313724
0.9901960784313724
0.9901960784313724
0.9901960784313724
0.9901960784313724
0.9901960784313724
0.9901960784313724
0.9901960784313724
0.9901960784313724
0.9901960784313724
0.9901960784313724
0.9901960784313724
0.9901960784313724
0.9901960784313724
0.9901960784313724
0.9901960784313724
0.9901960784313724
0.9901960784313724
0.9901960784313724
0.9901960784313724
0.9901960784313724
0.9901960784313724
0.9901960784313724
0.9901960784313724
0.9950859653474032
0.9950859653474032
0.9901960784313724
0.9901960784313724
0.9901960784313724
0.9901960784313724
0.9901960784313724
0.9901960784313724
0.9901960784313724
0.9901960784313724
0.9901960784313724
0.9901960784313724
0.9901960784313724
0.9901960784313724
0.9901960784313724
0.980392156862745
0.9901960784313724
0.9901960784313724
0.9901960784313724
0.9901960784313724
0.9901960784313724
0.9901960784313724
0.9901960784313724
0.9901960784313724
0.9901960784313724
0.9901960784313724
0.9901960784313724
0.9901960784313724
0.9901960784313724
0.9901960784313724
0.9901960784313724
0.9901960784313724
0.9901960784313724
0.9901960784313724
0.9901960784313724
0.9901960784313724
0.9901960784313724
0.9901960784313724
0.9901960784313724
0.9901960784313724
0.9901960784313724
0.9901960784313724
0.9901960784313724
0.9901960784313724
0.9901960784313724
0.9901960784313724
0.9901960784313724
0.9901960784313724
0.9901960784313724
0.9901960784313724
0.9901960784313724
0.9901960784313724
0.9901960784313724
0.9901960784313724
0.9901960784313724
0.9901960784313724
0.9901960784313724
0.9901960784313724
0.9901960784313724
0.9901960784313724
0.9901960784313724
0.9901960784313724
0.9901960784313724
0.9901960784313724
0.9901960784313724
0.980392156862745
0.9901960784313724
0.9901960784313724
0.9901960784313724
0.9901960784313724
0.9901960784313724
0.9901960784313724
0.9901960784313724
0.9901960784313724
0.9901960784313724
0.9901960784313724
0.9901960784313724
0.9901960784313724
0.9901960784313724
0.9901960784313724
0.9901960784313724
0.9901960784313724
0.9901960784313724
0.9901960784313724
0.9901960784313724
0.9901960784313724
0.9901960784313724
0.9901960784313724
0.9901960784313724
0.9901960784313724
0.9901960784313724
0.9901960784313724
0.9901960784313724
0.9901960784313724
0.9901960784313724
0.9901960784313724
0.9901960784313724
0.9901960784313724
0.9901960784313724
0.9901960784313724
0.9901960784313724
0.9901960784313724
0.9901960784313724
0.9901960784313724
0.9901960784313724
0.9901960784313724
0.9901960784313724
0.9901960784313724
0.9901960784313724
0.9901960784313724
0.9901960784313724
0.9901960784313724
0.9901960784313724
0.9901960784313724
0.9901960784313724
0.980392156862745
0.9901960784313724
0.9901960784313724
0.9901960784313724
0.9901960784313724
0.9901960784313724
0.9901960784313724
0.9901960784313724
0.9901960784313724
0.9901960784313724
0.9901960784313724
0.9901960784313724
0.9901960784313724
0.9901960784313724
0.9901960784313724
0.9901960784313724
0.9901960784313724
0.9901960784313724
0.9901960784313724
0.9901960784313724
0.9901960784313724
0.9901960784313724
0.9901960784313724
0.9901960784313724
0.9901960784313724
0.9901960784313724
0.9901960784313724
0.9901960784313724
0.9901960784313724
0.9901960784313724
0.9901960784313724
0.9901960784313724
0.9901960784313724
0.9901960784313724
0.9901960784313724
0.9901960784313724
0.9901960784313724
0.9901960784313724
0.9901960784313724
0.9901960784313724
0.9901960784313724
0.9901960784313724
0.9901960784313724
0.9901960784313724
0.9901960784313724
0.9901960784313724
0.9901960784313724
0.9901960784313724
0.9901960784313724
0.9901960784313724
0.17327582002091801
0.9375
0.9375
0.9375
0.9375
0.9375
0.9354143466934852
0.9354143466934852
0.9375
0.9375
0.9375
0.9375
0.9375
0.9354143466934852
0.9354143466934852
0.9095085938862488
0.9411764705882353
0.9411764705882353
0.9411764705882353
0.9411764705882353
0.9411764705882353
0.9411764705882353
0.9411764705882353
0.9411764705882353
0.9411764705882353
0.9411764705882353
0.9411764705882353
0.9411764705882353
0.9411764705882353
0.9411764705882353
0.9411764705882353
0.9411764705882353
0.9411764705882353
0.9411764705882353
0.9411764705882353
0.9411764705882353
0.9411764705882353
0.9411764705882353
0.9411764705882353
0.9411764705882353
0.9411764705882353
0.9411764705882353
0.9411764705882353
0.9411764705882353
0.9411764705882353
0.9411764705882353
0.9411764705882353
0.9411764705882353
0.9411764705882353
0.9411764705882353
0.9411764705882353
0.9411764705882353
0.9411764705882353
0.9411764705882353
0.9411764705882353
0.9411764705882353
0.9411764705882353
0.9411764705882353
0.9411764705882353
0.9411764705882353
0.9411764705882353
0.9411764705882353
0.9411764705882353
0.9411764705882353
0.9411764705882353
0.19026059766179765
0.9929674489269137
0.991489206929469
0.991489206929469
0.9915254237288134
0.9929674489269138
0.9929674489269137
0.991489206929469
0.9913793103448273
0.991489206929469
0.9915254237288134
0.9915254237288134
0.9929674489269137
0.9929674489269137
0.9915254237288134
0.9915254237288134
0.991489206929469
0.991489206929469
0.9915254237288134
0.9929674489269138
0.9929674489269137
0.9929674489269137
0.9929674489269138
0.991489206929469
0.991489206929469
0.9915254237288134
0.9915254237288134
0.991489206929469
0.991489206929469
0.9915254237288134
0.9929674489269137
0.9929674489269137
0.9915254237288134
0.991489206929469
0.991489206929469
0.9915254237288134
0.9915254237288134
0.9915254237288134
0.9915254237288134
0.9915254237288134
0.9915254237288134
0.991489206929469
0.992386467993576
0.9929674489269137
0.9915254237288134
0.9915254237288134
0.9929674489269137
0.9929674489269137
0.9915254237288134
0.991489206929469
0.9913793103448274
0.991489206929469
0.9915254237288134
0.9873505612967644
0.9915966386554623
0.9915966386554623
0.9915966386554623
0.9915966386554623
0.9915966386554623
0.9915966386554623
0.9915966386554623
0.9915966386554623
0.9915966386554623
0.9915966386554623
0.9915966386554623
0.9915966386554623
0.9915966386554623
0.9915966386554623
0.9915966386554623
0.9915966386554623
0.9915966386554623
0.9915966386554623
0.9915966386554623
0.9915966386554623
0.9915966386554623
0.9915966386554623
0.9915966386554623
0.9915966386554623
0.9915966386554623
0.9915966386554623
0.9915966386554623
0.9915966386554623
0.9915966386554623
0.9915966386554623
0.9915966386554623
0.9915966386554623
0.9915966386554623
0.9915966386554623
0.9915966386554623
0.9915966386554623
0.9915966386554623
0.9915966386554623
0.9915966386554623
0.9915966386554623
0.9915966386554623
0.9915966386554623
0.9915966386554623
0.9915966386554623
0.9915966386554623
0.9915966386554623
0.9915966386554623
0.9915966386554623
0.9915966386554623
0.9831932773109245
0.9915966386554623
0.9915966386554623
0.9915966386554623
0.9915966386554623
0.9915966386554623
0.9915966386554623
0.9915966386554623
0.9915966386554623
0.9915966386554623
0.9915966386554623
0.9915966386554623
0.9915966386554623
0.9915966386554623
0.9915966386554623
0.9915966386554623
0.9915966386554623
0.9915966386554623
0.9915966386554623
0.9915966386554623
0.9915966386554623
0.9915966386554623
0.9915966386554623
0.9915966386554623
0.9915966386554623
0.9915966386554623
0.9915966386554623
0.9915966386554623
0.9915966386554623
0.9915966386554623
0.9915966386554623
0.9915966386554623
0.9915966386554623
0.9915966386554623
0.9915966386554623
0.9915966386554623
0.9915966386554623
0.9915966386554623
0.9915966386554623
0.9915966386554623
0.9915966386554623
0.9915966386554623
0.9915966386554623
0.9915966386554623
0.9915966386554623
0.9915966386554623
0.9915966386554623
0.9915966386554623
0.9915966386554623
0.9915966386554623
0.9831932773109245
0.9915966386554624
0.9915966386554624
0.9915966386554624
0.9915966386554624
0.9917011013305196
0.9917011013305196
0.9915966386554624
0.9915966386554624
0.9915966386554624
0.9915966386554624
0.9915966386554624
0.9915966386554624
0.9915966386554624
0.9915966386554624
0.9915966386554624
0.9915966386554624
0.9915966386554624
0.9915966386554624
0.9915966386554624
0.9915966386554624
0.9915966386554624
0.9915966386554624
0.9915966386554624
0.9915966386554624
0.9915966386554624
0.9915966386554624
0.9915966386554624
0.9915966386554624
0.9915966386554624
0.9915966386554624
0.9915966386554624
0.9915966386554624
0.9915966386554624
0.9915966386554624
0.9915966386554624
0.9915966386554624
0.9915966386554624
0.9915966386554624
0.9915966386554624
0.9915966386554624
0.9915966386554624
0.9915966386554624
0.9915966386554624
0.9915966386554624
0.9915966386554624
0.9915966386554624
0.9915966386554624
0.9915966386554624
0.9915966386554624
