0.9958431750096404
0.9957807441838376
0.9958071094158636
0.9979144919948452
0.9999999999999993
0.9979951290158403
0.9958431750096404
0.995815899581589
0.40990284972637037
0.40990284972637037
0.9958431750096404
0.995735588247265
0.9958160492007593
0.06275330162139615
0.04766711126753718
0.9958431750096404
0.9979144919948452
0.9979951290158403
0.41437891557245843
0.41261183325480577
0.9958160492007595
0.995815899581589
0.9958160492007593
0.46607565594993905
0.4641049255330366
0.9957805907172982
0.9957807441838374
0.9958431750096404
0.40664293905306237
0.4057948819484282
0.9979233007628104
0.9958071094158636
0.9959538834991516
0.13255648089772595
0.12975370172821174
0.9958431750096404
0.9956989047964625
0.9958889576968909
0.5438766366303248
0.5438766366303248
0.995815899581589
0.9958071094158636
0.9958071094158636
0.506646711630433
0.506646711630433
0.995815899581589
0.995815899581589
0.995815899581589
0.42096194471396864
0.43499400953776757
0.9959538834991516
0.9959538834991516
0.995815899581589
0.41883860425683916
0.42494716226111473
0.9937040297517007
0.995815899581589
0.995815899581589
0.5500335825195256
0.5467789459365698
0.995815899581589
0.995815899581589
0.995815899581589
0.4318554105766693
0.43929583277685935
0.9979144919948452
0.995815899581589
0.995815899581589
0.3907212860523732
0.388006808523608
0.9979233007628106
0.9979144919948453
0.995815899581589
0.22212790644327685
0.22212790644327685
0.995815899581589
0.9958160492007593
0.9957716512507256
0.33420090622040594
0.3327996383875049
0.9958160492007593
0.9957448382980193
0.9958889576968909
0.565193298114462
0.5643844571428143
0.9958071094158636
0.995815899581589
0.9958431750096404
0.3378532624623334
0.3498690177207568
0.9958160492007595
0.9958071094158636
0.9958071094158636
0.5019854077187615
0.496469084557017
0.9958889576968909
0.9958889576968909
0.9958160492007593
0.3733228480420081
0.3758807891034188
0.9959538834991516
0.9957083160726617
0.9958431750096404
0.46884914899839014
0.4768986495078047
0.9958889576968909
0.995815899581589
0.995815899581589
0.4783937315861695
0.4726985681149055
0.9958071094158636
0.9958083373816495
0.9957448382980193
0.3205238872689996
0.31220744259462885
0.9959538834991516
0.995815899581589
0.995815899581589
0.47695803440608187
0.47695803440608187
0.9958160492007595
0.9958160492007595
0.995815899581589
0.28637103240522915
0.292556865670001
0.9959538834991516
0.995815899581589
0.9958431750096404
0.4277867196636424
0.42238288100797683
0.9958431750096404
0.9958431750096404
0.9959538834991516
0.4708107174443179
0.4762758373125393
0.9957805907172981
0.9958071094158636
0.9958431750096404
0.4465836108180261
0.4675051190721158
0.995815899581589
0.9958071094158636
0.9958071094158636
0.24823454227850844
0.2477168471534311
0.9979144919948452
0.995815899581589
0.995815899581589
0.41372423713084744
0.39700107532900397
0.9958071094158636
0.995815899581589
0.995815899581589
0.4919650224943719
0.49403646332968665
0.9937303457175886
0.9958333333333327
0.9958333333333327
0.40705748105182754
0.40705748105182754
0.9958333333333327
0.9958333333333327
0.9958333333333327
0.46491621001437733
0.46491621001437733
0.9958333333333327
0.9958333333333327
0.9958333333333327
0.4830705361095239
0.4830705361095239
0.9958333333333327
0.9958333333333327
0.9958333333333327
0.2405626121623441
0.2405626121623441
0.9958333333333327
0.9958333333333327
0.9958333333333327
0.42540163761788913
0.42540163761788913
0.9958333333333327
0.9958333333333327
0.9958333333333327
0.3722511927026438
0.3722511927026438
0.9958333333333327
0.9958333333333327
0.9958333333333327
0.44872838689624717
0.44872838689624717
0.9958333333333327
0.9958333333333327
0.9958333333333327
0.16112584665887242
0.16112584665887242
0.9958333333333327
0.9958333333333327
0.9958333333333327
0.4862942367441277
0.4862942367441277
0.9958333333333327
0.9958333333333327
0.9958333333333327
0.4782945644438885
0.4782945644438885
0.9958333333333327
0.9958333333333327
0.9958333333333327
0.4260429614980359
0.4260429614980359
0.9958333333333327
0.9958333333333327
0.9958333333333327
0.37951823527874246
0.37951823527874246
0.9958333333333327
0.9958333333333327
0.991666666666666
0.4402448337309984
0.4402448337309984
0.9958333333333327
0.9958333333333327
0.9958333333333327
0.3163924251094938
0.3163924251094938
0.9958333333333327
0.9958333333333327
0.9958333333333327
0.44956118955921304
0.44956118955921304
0.9958333333333327
0.9958333333333327
0.9958333333333327
0.5048540480091418
0.5048540480091418
0.9958333333333327
0.9958333333333327
0.9958333333333327
0.4763301461391941
0.4763301461391941
0.9958333333333327
0.9958333333333327
0.9958333333333327
0.5545092691696106
0.5545092691696106
0.9958333333333327
0.9958333333333327
0.9958333333333327
0.3906927758103834
0.3906927758103834
0.9958333333333327
0.9958333333333327
0.9958333333333327
0.4579421595631661
0.4579421595631661
0.9958333333333327
0.9958333333333327
0.9958333333333327
0.5108214401864657
0.5108214401864657
0.9958333333333327
0.9958333333333327
0.9958333333333327
0.3175426480542942
0.3175426480542942
0.9958333333333327
0.9958333333333327
0.9958333333333327
0.5409968177523615
0.5409968177523615
0.9958333333333327
0.9958333333333327
0.9958333333333327
0.2221308291596596
0.2221308291596596
0.9958333333333327
0.9958333333333327
0.9958333333333327
0.36666666666666664
0.36666666666666664
0.991666666666666
0.9958333333333327
0.9958333333333327
0.4011010047814082
0.4011010047814082
0.9958333333333327
0.9958333333333327
0.9958333333333327
0.3932418788198072
0.39814043341529115
0.9958591954639389
0.9958333333333327
0.9958333333333327
0.5042076478125614
0.5042076478125614
0.9958333333333327
0.9958333333333327
0.9958333333333327
0.4107919181288746
0.4107919181288746
0.9958333333333327
0.9958333333333327
0.9958333333333327
0.24593468841898233
0.24593468841898233
0.9958333333333327
0.9958333333333327
0.9958333333333327
0.5145793489888906
0.5124485764864337
0.9958591954639389
0.9958333333333327
0.9958333333333327
0.5010511693132718
0.5010511693132718
0.9958333333333327
0.9958333333333327
0.9958333333333327
0.42552488596018523
0.4255248859601851
0.9958333333333327
0.9958333333333327
0.9958333333333327
0.4901395488713124
0.4901395488713124
0.9958333333333327
0.9958333333333327
0.9958333333333327
0.40237390808147827
0.40237390808147827
0.9958333333333327
0.9958333333333327
0.9958333333333327
0.17712297710801903
0.17712297710801903
0.9958333333333327
0.9958333333333327
0.9958333333333327
0.2971334519846062
0.3077453609840564
0.9958333333333327
0.9958333333333327
0.991666666666666
0.40281461664718105
0.40281461664718105
0.9958333333333327
0.9958333333333327
0.9958333333333327
0.35228193837119165
0.35228193837119165
0.9958333333333327
0.9958333333333327
0.9958333333333327
0.19693159036084404
0.19693159036084404
0.9958333333333327
0.9958333333333327
0.9958333333333327
0.4324831403264949
0.4324831403264949
0.9958333333333327
0.9958333333333327
0.9958333333333327
0.12177204676176306
0.12177204676176306
0.9958333333333327
0.9958333333333327
0.9958333333333327
0.5683562439270597
0.5683562439270597
0.9958333333333327
0.9958333333333327
0.9958333333333327
0.4352176632610566
0.4352176632610566
0.9958333333333327
0.9958333333333327
0.9958333333333327
0.50787450018337
0.50787450018337
0.9958333333333327
0.9958333333333327
0.9958333333333327
0.26648544566940835
0.26648544566940835
0.9958591954639389
0.9958591954639389
0.9958333333333327
0.42649025709145966
0.42649025709145966
0.9958333333333327
0.9958333333333327
0.9958333333333327
0.45873490213598367
0.45873490213598367
0.9958333333333327
0.9958333333333327
0.9958333333333327
0.3977058393342029
0.3977058393342029
0.9958333333333327
0.9958333333333327
0.9958333333333327
0.11846977555181845
0.11846977555181845
0.991666666666666
0.9958333333333327
0.9958333333333327
0.4890876326725683
0.4869042057409943
0.9958591954639389
0.9958677685950409
0.9958591954639389
0.35360090801712835
0.35360090801712835
0.9960354880968788
0.9960354880968788
0.9958333333333327
0.5039858718406218
0.5039858718406218
0.9958333333333327
0.9958591954639389
0.9958591954639389
0.5246606686271624
0.5246606686271624
0.9958333333333327
0.9958333333333327
0.9958333333333327
0.37654004754794324
0.37191974928694727
0.9959350964735744
0.9958591954639389
0.9958333333333327
0.5417482416919461
0.5441139545377625
0.9958333333333327
0.9958333333333327
0.9958333333333327
0.3272672075485291
0.325912058011008
0.9958591954639389
0.9958591954639389
0.9958591954639389
0.4853781003625179
0.4853781003625179
0.9958591954639389
0.9958591954639389
0.9958333333333327
0.3122836804035931
0.3122836804035931
0.9958333333333327
0.9958333333333327
0.9958333333333327
0.5111192990419237
0.5111192990419237
0.9958333333333327
0.9958591954639389
0.9958591954639389
0.28091660935968416
0.28091660935968416
0.9958333333333327
0.9958333333333327
0.9958333333333327
0.2863930819264462
0.2863930819264462
0.9958333333333327
0.9958333333333327
0.41749093387520014
0.24001200090007502
0.24001200090007502
0.9950859653474032
0.9952890855710634
0.9901010513401425
0.4784934604407648
0.4784934604407648
0.9902600181748342
0.9902600181748342
0.9900990099009904
0.1779976637959939
0.1779976637959939
0.9901010513401425
0.9896907216494845
0.9896370260347824
0.4129237575240505
0.4232619488926117
0.9950859653474032
0.9950859653474032
0.9900990099009904
0.47296811781798
0.47296811781798
0.9950859653474032
0.9950859653474032
0.9900990099009904
0.3927174062320822
0.3927174062320822
0.9900990099009904
0.9900990099009904
0.990049503712809
0.1550588578423112
0.21256053958115342
0.9902600181748342
0.9902600181748342
0.9950859653474032
0.26092678795214563
0.26221532313648027
0.9900990099009904
0.9900990099009904
0.9950859653474032
0.4105714555413657
0.4125989812327698
0.9901010513401424
0.9901010513401424
0.9900990099009904
0.29229217462418433
0.2855661089438304
0.9901010513401424
0.9900990099009904
0.990049503712809
0.23854214911071148
0.23616853634164686
0.9901010513401425
0.9896907216494842
0.9901010513401424
0.36344432944624694
0.36344432944624694
0.9900990099009904
0.9950859653474032
0.9952890855710634
0.4089885955191192
0.3749062125591926
0.9901010513401424
0.9900990099009904
0.9950859653474032
0.2585438449975096
0.25982061249074817
0.9902600181748342
0.9902600181748342
0.9901010513401425
0.3962077019091467
0.33656353172927517
0.9901010513401424
0.9900990099009904
0.9900990099009904
0.4349094999167963
0.4349094999167963
0.9900990099009904
0.9900990099009904
0.9900990099009904
0.4056979673470311
0.4015155140754122
0.9900990099009904
0.9901010513401424
0.9901010513401424
0.4490213380410797
0.4490213380410797
0.9900990099009904
0.9852336290568349
0.9901960784313724
0.15035521186416326
0.15035521186416326
0.9901960784313724
0.9901960784313724
0.9901960784313724
0.45024193049865
0.45024193049865
0.9901960784313724
0.9901960784313724
0.9901960784313724
0.35887028128263676
0.35887028128263676
0.9901960784313724
0.9901960784313724
0.9901960784313724
0.4313788387803666
0.4313788387803666
0.9901960784313724
0.9901960784313724
0.9901960784313724
0.37497010880390613
0.37497010880390613
0.9901960784313724
0.9901960784313724
0.9901960784313724
0.3060162560152908
0.3060162560152908
0.9901960784313724
0.9901960784313724
0.9901960784313724
0.4477429674768376
0.4477429674768376
0.9901960784313724
0.9901960784313724
0.9901960784313724
0.4119078824786904
0.4119078824786904
0.9901960784313724
0.9901960784313724
0.9901960784313724
0.5376460108181608
0.5376460108181608
0.9950859653474032
0.9950859653474032
0.9901960784313724
0.386514023768299
0.386514023768299
0.9901960784313724
0.9901960784313724
0.9901960784313724
0.45240412980502875
0.45240412980502875
0.9901960784313724
0.9901960784313724
0.9901960784313724
0.4564117036638822
0.4564117036638822
0.9901960784313724
0.9901960784313724
0.9901960784313724
0.2520504151250418
0.2520504151250418
0.9901960784313724
0.9901960784313724
0.9901960784313724
0.42133242030890683
0.42133242030890683
0.9901960784313724
0.9901960784313724
0.9901960784313724
0.47422866268638586
0.47422866268638586
0.9901960784313724
0.9901960784313724
0.9901960784313724
0.41425900660299597
0.41425900660299597
0.9901960784313724
0.9901960784313724
0.9901960784313724
0.4397399619038688
0.4397399619038688
0.9901960784313724
0.9901960784313724
0.9901960784313724
0.42121311675562917
0.42121311675562917
0.9901960784313724
0.9901960784313724
0.9901960784313724
0.491873022731923
0.491873022731923
0.9901960784313724
0.9901960784313724
0.9901960784313724
0.2933184213952714
0.2933184213952714
0.9901960784313724
0.9901960784313724
0.9901960784313724
0.4489321653206229
0.4489321653206229
0.9901960784313724
0.9901960784313724
0.9901960784313724
0.44739011557610364
0.44739011557610364
0.9901960784313724
0.9901960784313724
0.9901960784313724
0.35387879645193343
0.35387879645193343
0.9901960784313724
0.9901960784313724
0.9901960784313724
0.43952453649576634
0.43952453649576634
0.9901960784313724
0.9901960784313724
0.9901960784313724
0.5255495577132281
0.5255495577132281
0.9901960784313724
0.980392156862745
0.9901960784313724
0.3931043138784222
0.3931043138784222
0.9901960784313724
0.9901960784313724
0.9901960784313724
0.036155076303109365
0.036155076303109365
0.9901960784313724
0.9901960784313724
0.9901960784313724
0.3737169253758734
0.3737169253758734
0.9901960784313724
0.9901960784313724
0.9901960784313724
0.22578837914485933
0.22578837914485933
0.9901960784313724
0.9901960784313724
0.9901960784313724
0.3168472137525358
0.3168472137525358
0.9901960784313724
0.9901960784313724
0.9901960784313724
0.5166350401452483
0.5166350401452483
0.9901960784313724
0.9901960784313724
0.9901960784313724
0.36497322654611486
0.36497322654611486
0.9901960784313724
0.9901960784313724
0.9901960784313724
0.18702786922892736
0.18702786922892736
0.9901960784313724
0.9901960784313724
0.9901960784313724
0.27061136656999807
0.27061136656999807
0.9901960784313724
0.9901960784313724
0.9901960784313724
0.3269835454479486
0.3269835454479486
0.9901960784313724
0.9901960784313724
0.9901960784313724
0.34722813233740846
0.34722813233740846
0.9901960784313724
0.9901960784313724
0.9901960784313724
0.4039348941262818
0.4039348941262818
0.9901960784313724
0.9901960784313724
0.9901960784313724
0.42196080607241454
0.42196080607241454
0.9901960784313724
0.9901960784313724
0.9901960784313724
0.2634319380891059
0.2634319380891059
0.9901960784313724
0.9901960784313724
0.9901960784313724
0.33730859725669865
0.33730859725669865
0.9901960784313724
0.9901960784313724
0.9901960784313724
0.4403840808155263
0.4403840808155263
0.9901960784313724
0.9901960784313724
0.9901960784313724
0.07204381596421112
0.07204381596421112
0.9901960784313724
0.9901960784313724
0.9901960784313724
0.4873041203981411
0.4873041203981411
0.9901960784313724
0.9901960784313724
0.9901960784313724
0.3764033403680317
0.3764033403680317
0.9901960784313724
0.9901960784313724
0.9901960784313724
0.2940588176458821
0.2940588176458821
0.9901960784313724
0.9901960784313724
0.9901960784313724
0.5852229247194437
0.5852229247194437
0.9901960784313724
0.9901960784313724
0.9901960784313724
0.33152591848280627
0.33152591848280627
0.9901960784313724
0.9901960784313724
0.9901960784313724
0.5402727957435843
0.5402727957435843
0.9901960784313724
0.9901960784313724
0.9901960784313724
0.28867513459481287
0.28867513459481287
0.9901960784313724
0.9901960784313724
0.9901960784313724
0.4093864699013664
0.4093864699013664
0.9901960784313724
0.17327582002091801
0.9375
0.19900743804199783
0.21144540291962272
0.9375
0.9375
0.9375
0.15075567228888181
0.16116459280507606
0.9354143466934852
0.9375
0.9375
0.1717795002941605
0.04294487507354012
0.9375
0.9375
0.9354143466934852
0.0674775200240361
0.06311944030978031
0.9095085938862488
0.9411764705882353
0.9411764705882353
0.23309479542697095
0.23309479542697095
0.9411764705882353
0.9411764705882353
0.9411764705882353
0.03464794643376185
0.03464794643376185
0.9411764705882353
0.9411764705882353
0.9411764705882353
0.05292561240249632
0.05292561240249632
0.9411764705882353
0.9411764705882353
0.9411764705882353
0.08318903308077029
0.08318903308077029
0.9411764705882353
0.9411764705882353
0.9411764705882353
0.14639034596463876
0.14639034596463876
0.9411764705882353
0.9411764705882353
0.9411764705882353
0.11277677488692019
0.11277677488692019
0.9411764705882353
0.9411764705882353
0.9411764705882353
0.16993235521110622
0.17937304161172324
0.9411764705882353
0.9411764705882353
0.9411764705882353
0.09046625460638014
0.09046625460638014
0.9411764705882353
0.9411764705882353
0.9411764705882353
0.13511320473331348
0.13511320473331348
0.9411764705882353
0.9411764705882353
0.9411764705882353
0.16988409953635472
0.16988409953635472
0.9411764705882353
0.9411764705882353
0.9411764705882353
0.05170876899950191
0.05170876899950191
0.9411764705882353
0.9411764705882353
0.9411764705882353
0.24865460222269445
0.24865460222269445
0.9411764705882353
0.9411764705882353
