0.9900990099009904
0.4110679964309663
0.40904799405193093
0.9952890855710634
0.9952890855710634
0.9950859653474032
0.9900990099009904
0.16893237680338338
0.17418541062770382
0.9902600181748342
0.4287100754737556
0.4287100754737556
0.9900990099009904
0.41753303114488577
0.37999499275278315
0.9896907216494845
0.47102297853341285
0.43147348794034796
0.9902600181748342
0.18424508614352228
0.18333969940564226
0.9950859653474032
0.4739010251527304
0.4739010251527304
0.9900990099009904
0.4376139768157933
0.43961079825087157
0.9950859653474032
0.4101223591158002
0.4101223591158002
0.9900990099009904
0.3749587436051339
0.3749587436051339
0.9900990099009904
0.5006575448249273
0.4955756172680769
0.990049503712809
0.4628802874501446
0.45517776545459887
0.9902600181748342
0.35394737474746907
0.3522080650827642
0.9950859653474032
0.19135041743602826
0.20501830439574456
0.9900990099009904
0.3242301935418621
0.33961780540566217
0.9950859653474032
0.44204231427617946
0.45355658517245434
0.9901010513401424
0.19499747477204465
0.19499747477204465
0.9901010513401424
0.4372745101059272
0.4412566948467464
0.9900990099009904
0.32415011650079223
0.3097102593677743
0.990049503712809
0.4394224849412408
0.41914830992768637
0.9896907216494842
0.2950076089376267
0.2891068606628687
0.9900990099009904
0.30087096577784056
0.30087096577784056
0.9950859653474032
0.47900375120346916
0.48723284787056553
0.9896907216494844
0.2087024221970791
0.22026087143464346
0.9900990099009904
0.398129553911508
0.39617313148736377
0.9950859653474032
0.45426586692491927
0.44710096142299216
0.9902600181748342
0.4535602074000362
0.4378003306706154
0.9896907216494842
0.2597670357064914
0.2545711701038922
0.9900990099009904
0.28285685567099134
0.28285685567099134
0.9900990099009904
0.4295265966119486
0.4295265966119486
0.9900990099009904
0.44119767436930585
0.44119767436930585
0.9900990099009904
0.4306915000575914
0.4341370320580521
0.9901010513401424
0.36841418709760143
0.3760887072223008
0.9900990099009904
0.16316452514632776
0.1483313864966616
0.9852336290568349
0.29450754468697576
0.29450754468697576
0.9901960784313724
0.407862331228005
0.407862331228005
0.9901960784313724
0.4431156104305284
0.44486705553104433
0.9901960784313724
0.16477051091432696
0.16477051091432696
0.9901960784313724
0.38992386540013696
0.38992386540013696
0.9901960784313724
0.4392964564517665
0.4438252858997228
0.9901960784313724
0.4084500440173022
0.4084500440173022
0.9901960784313724
0.3134677528639293
0.3134677528639293
0.9901960784313724
0.2983904700399789
0.2983904700399789
0.9901960784313724
0.360078967373961
0.360078967373961
0.9901960784313724
0.30888126640977454
0.30888126640977454
0.9901960784313724
0.3514132854159258
0.3514132854159258
0.9901960784313724
0.44678693706120076
0.44678693706120076
0.9901960784313724
0.4570723737516692
0.4570723737516692
0.9901960784313724
0.48178646659327506
0.48178646659327506
0.9901960784313724
0.45051722955206647
0.45051722955206647
0.9901960784313724
0.4356617621152788
0.4356617621152788
0.9901960784313724
0.26568446566202863
0.2669964956939909
0.9950859653474032
0.46875012378687214
0.46875012378687214
0.9901960784313724
0.18172434016970185
0.18172434016970185
0.9901960784313724
0.24287224646833397
0.24287224646833397
0.9901960784313724
0.3830869476506332
0.3830869476506332
0.9901960784313724
0.3217096034169094
0.3217096034169094
0.9901960784313724
0.40027837133154187
0.40027837133154187
0.9901960784313724
0.4107488246482162
0.4107488246482162
0.980392156862745
0.15089863644835708
0.15089863644835708
0.9901960784313724
0.4668795226171138
0.4668795226171138
0.9901960784313724
0.4423788574877583
0.4423788574877583
0.9901960784313724
0.36150944058247236
0.36150944058247236
0.9901960784313724
0.4390744124042098
0.4390744124042098
0.9901960784313724
0.3902967087276443
0.3902967087276443
0.9901960784313724
0.13584712216226488
0.13584712216226488
0.9901960784313724
0.3418364320313313
0.3418364320313313
0.9901960784313724
0.23342489046196313
0.23342489046196313
0.9901960784313724
0.3315942567826254
0.3315942567826254
0.9901960784313724
0.32954102182865386
0.32954102182865386
0.9901960784313724
0.4356649189097368
0.4356649189097368
0.9901960784313724
0.13584712216226488
0.13584712216226488
0.9901960784313724
0.47990019113928517
0.47990019113928517
0.9901960784313724
0.39134786718871123
0.39134786718871123
0.9901960784313724
0.40749989700141775
0.40749989700141775
0.9901960784313724
0.2189839359276689
0.2189839359276689
0.9901960784313724
0.3604809621383231
0.3604809621383231
0.9901960784313724
0.4222003309207491
0.4222003309207491
0.9901960784313724
0.3466209711698763
0.3466209711698763
0.9901960784313724
0.15900879764848913
0.15900879764848913
0.9901960784313724
0.3684146426892085
0.3684146426892085
0.9901960784313724
0.3112125598879407
0.3112125598879407
0.9901960784313724
0.4475720741400234
0.4475720741400234
0.9901960784313724
0.43173776539391057
0.43173776539391057
0.980392156862745
0.3795565581410585
0.3795565581410585
0.9901960784313724
0.5225526508053957
0.5225526508053957
0.9901960784313724
0.3765037352813516
0.3765037352813516
0.9901960784313724
0.4602586297186938
0.4602586297186938
0.9901960784313724
0.38990105725714036
0.38990105725714036
0.9901960784313724
0.4573457087375923
0.4573457087375923
0.9901960784313724
0.27578010133067693
0.27578010133067693
0.9901960784313724
0.27237029893824427
0.27237029893824427
0.9901960784313724
0.23883257361061286
0.23883257361061286
0.9901960784313724
0.47614212699511776
0.47614212699511776
0.9901960784313724
0.17712297710801908
0.17712297710801908
0.9901960784313724
0.417942163277792
0.417942163277792
0.9901960784313724
0.4706439360974486
0.4706439360974486
0.9901960784313724
0.38210341086053123
0.38210341086053123
0.9901960784313724
0.21151600972387688
0.21151600972387688
0.9901960784313724
0.26092678795214563
0.26092678795214563
0.9901960784313724
0.4105714555413657
0.4105714555413657
0.9901960784313724
0.2908558407493981
0.2908558407493981
0.9901960784313724
0.23500799597021083
0.23500799597021083
0.9901960784313724
0.36165835141705815
0.36165835141705815
0.9901960784313724
0.39883841281406157
0.39883841281406157
0.9901960784313724
0.2585438449975096
0.2585438449975096
0.9901960784313724
0.3905292792137686
0.3905292792137686
0.9901960784313724
0.4327723395634614
0.4327723395634614
0.9901960784313724
0.4037043534769995
0.4037043534769995
0.980392156862745
0.44681483162619035
0.44681483162619035
0.9901960784313724
0.15035521186416326
0.15035521186416326
0.9901960784313724
0.45024193049865
0.45024193049865
0.9901960784313724
0.35887028128263676
0.35887028128263676
0.9901960784313724
0.4313788387803666
0.4313788387803666
0.9901960784313724
0.3838979685373325
0.37497010880390613
0.9901960784313724
0.3060162560152908
0.3060162560152908
0.9901960784313724
0.4477429674768376
0.4477429674768376
0.9901960784313724
0.4119078824786904
0.4119078824786904
0.9901960784313724
0.5376460108181608
0.5376460108181608
0.9901960784313724
0.386514023768299
0.386514023768299
0.9901960784313724
0.45240412980502875
0.45240412980502875
0.9901960784313724
0.4564117036638822
0.4564117036638822
0.9901960784313724
0.2520504151250418
0.2520504151250418
0.9901960784313724
0.42133242030890683
0.42133242030890683
0.9901960784313724
0.47422866268638586
0.47422866268638586
0.9901960784313724
0.41425900660299597
0.41425900660299597
0.9901960784313724
0.4397399619038688
0.4397399619038688
0.9901960784313724
0.42121311675562917
0.42121311675562917
0.9901960784313724
0.491873022731923
0.491873022731923
0.9901960784313724
0.2933184213952714
0.2933184213952714
0.9901960784313724
0.4489321653206229
0.4489321653206229
0.9901960784313724
0.44739011557610364
0.44739011557610364
0.9901960784313724
0.35387879645193343
0.35387879645193343
0.9901960784313724
0.43952453649576634
0.43952453649576634
0.17327582002091801
0.12841428274545366
0.12841428274545366
0.9375
0.11028219331407116
0.11028219331407116
0.9375
0.0
0.04564354645876384
0.9354143466934852
0.12301695782628073
0.11507182723729042
0.9375
0.0657793514480272
0.0657793514480272
0.9375
0.0
0.1
0.9375
0.11858541225631422
0.1267731382092775
0.9354143466934852
0.07372097807744857
0.07151985398521515
0.9411764705882353
0.053896805563629545
0.053896805563629545
0.9411764705882353
0.11363310286178553
0.11363310286178553
0.9411764705882353
0.14134285422946363
0.14134285422946363
0.9411764705882353
0.10006255865485199
0.10006255865485199
0.9411764705882353
0.1377693440387329
0.1377693440387329
0.9411764705882353
0.14576250422615275
0.14576250422615275
0.9411764705882353
0.16980890270283108
0.16980890270283108
0.9411764705882353
0.11803342130469506
0.11803342130469506
0.9411764705882353
0.12211882515199583
0.12211882515199583
0.9411764705882353
0.0
0.0
0.9411764705882353
0.22018720821449791
0.22018720821449791
0.9411764705882353
0.21276833570326595
0.21276833570326595
0.9411764705882353
0.10289915108550529
0.10289915108550529
0.9411764705882353
0.19567028890719604
0.19567028890719604
0.9411764705882353
0.12993109388646495
0.12993109388646495
0.9411764705882353
0.15311981322894058
0.15311981322894058
0.9411764705882353
0.12478354962115543
0.12478354962115543
0.9411764705882353
0.1937204011429476
0.1937204011429476
0.9411764705882353
0.193065573489581
0.193065573489581
0.9411764705882353
0.1096908636190696
0.1096908636190696
0.9411764705882353
0.16665059388909262
0.16665059388909262
0.9411764705882353
0.06123485162990431
0.06123485162990431
0.9411764705882353
0.23309479542697095
0.23309479542697095
0.9411764705882353
0.03464794643376185
0.03464794643376185
0.9411764705882353
0.05292561240249632
0.17118419700436519
0.9929674489269137
0.29996676452656945
0.3025416337667789
0.991489206929469
0.5159542697940216
0.5159542697940216
0.9929674489269138
0.4787587902169309
0.4922672778435994
0.991489206929469
0.5746404082085435
0.59993904253219
0.991489206929469
0.3948825184657211
0.3948825184657211
0.9915254237288134
0.4957446034647345
0.4734320764739994
0.9929674489269137
0.41375729955676394
0.41375729955676394
0.9915254237288134
0.29440075199207233
0.2771326538627135
0.991489206929469
0.4954949838097017
0.4954949838097017
0.9929674489269138
0.26893625964118095
0.2593026164520209
0.9929674489269137
0.3374831964839026
0.34960674288657445
0.991489206929469
0.5129976047925503
0.5316020471604013
0.9915254237288134
0.4414920772078341
0.4414920772078341
0.991489206929469
0.692268140283302
0.6863763893920292
0.9915254237288134
0.5827285702521046
0.5689866601230589
0.9929674489269137
0.503925002431054
0.503925002431054
0.991489206929469
0.5053263316945533
0.5071356721920739
0.9915254237288134
0.480754414848157
0.480754414848157
0.9915254237288134
0.23470139701908868
0.23470139701908868
0.9915254237288134
0.35078604227880433
0.361415922347859
0.991489206929469
0.6721584551499213
0.6400543381591256
0.9929674489269137
0.432578445529084
0.432578445529084
0.9915254237288134
0.21259760138109357
0.20758412292650924
0.9929674489269137
0.3967373803861775
0.3967373803861775
0.991489206929469
0.29402726854185485
0.32598675425292606
0.991489206929469
0.6433826814324798
0.6433826814324798
0.9873505612967644
0.3972157518537232
0.3972157518537232
0.9915966386554623
0.5639372394903831
0.5639372394903831
0.9915966386554623
0.2946773386155736
0.2946773386155736
0.9915966386554623
0.5188329934285483
0.5188329934285483
0.9915966386554623
0.5745711903856027
0.5745711903856027
0.9915966386554623
0.6264084476223123
0.6264084476223123
0.9915966386554623
0.5443882285808236
0.5443882285808236
0.9915966386554623
0.43054414983023526
0.43054414983023526
0.9915966386554623
0.33858461280237906
0.33858461280237906
0.9915966386554623
0.565798595986671
0.565798595986671
0.9915966386554623
0.4656386066408806
0.4656386066408806
0.9915966386554623
0.5093554596175004
0.5093554596175004
0.9915966386554623
0.685851219344099
0.685851219344099
0.9915966386554623
0.34717689267500973
0.34717689267500973
0.9915966386554623
0.37122239402082874
0.37122239402082874
0.9915966386554623
0.6539646629279716
0.6539646629279716
0.9915966386554623
0.3402360797303335
0.3402360797303335
0.9915966386554623
0.5124661784612694
0.5124661784612694
0.9915966386554623
0.5815277948549469
0.5815277948549469
0.9915966386554623
0.6166945150152872
0.6166945150152872
0.9915966386554623
0.48034601374131003
0.48034601374131003
0.9915966386554623
0.5113360791439753
0.5113360791439753
0.9915966386554623
0.03464794643376185
0.03464794643376185
0.9915966386554623
0.21573523958898588
0.21573523958898588
0.9915966386554623
0.4609457458423311
0.4609457458423311
0.9831932773109245
0.3241018617760822
0.3241018617760822
0.9915966386554623
0.37055340491100713
0.37055340491100713
0.9915966386554623
0.3222856152473353
0.3222856152473353
0.9915966386554623
0.4008599078358754
0.4008599078358754
0.9915966386554623
0.2944056213253191
0.2944056213253191
0.9915966386554623
0.300282202425936
0.300282202425936
0.9915966386554623
0.35638802046374707
0.35638802046374707
0.9915966386554623
0.714786943423661
0.714786943423661
0.9915966386554623
0.31126486012524596
0.31126486012524596
0.9915966386554623
0.4214581997166453
0.4214581997166453
0.9915966386554623
0.5797710356524484
0.5797710356524484
0.9915966386554623
0.5519585849470682
0.5519585849470682
0.9915966386554623
0.34035940580690105
0.34035940580690105
0.9915966386554623
0.20819138611089075
0.20819138611089075
0.9915966386554623
0.40765088866480864
0.40765088866480864
0.9915966386554623
0.510153941466758
0.510153941466758
0.9915966386554623
0.5263794411902422
0.5263794411902422
0.9915966386554623
0.2826383798805686
0.2826383798805686
0.9915966386554623
0.23975191460737838
0.23975191460737838
0.9915966386554623
0.5988863930227767
0.5988863930227767
0.9915966386554623
0.4157882468663673
0.4157882468663673
0.9915966386554623
0.5809812344494361
0.5809812344494361
0.9915966386554623
0.22000763928677072
0.22000763928677072
0.9915966386554623
0.5698225021457378
0.5698225021457378
0.9915966386554623
0.4116646537108159
0.4116646537108159
0.9831932773109245
0.559636276314611
0.559636276314611
0.9915966386554624
0.4958374328490877
0.4958374328490877
0.9915966386554624
0.4612613444546143
0.4574333832968371
0.9917011013305196
0.4590287881734023
0.4590287881734023
0.9915966386554624
0.5052623752411838
0.5052623752411838
0.9915966386554624
0.46411487451158007
0.46411487451158007
0.9915966386554624
0.6157935373745561
0.6157935373745561
0.9915966386554624
0.2808739517298806
0.2808739517298806
0.9915966386554624
0.6187720692591762
0.6187720692591762
0.9915966386554624
0.5550218111694142
0.5550218111694142
0.9915966386554624
0.5246197478418196
0.5246197478418196
0.9915966386554624
0.5609150757894871
0.5609150757894871
0.9915966386554624
0.39595344368028007
0.39595344368028007
0.9915966386554624
0.42167317458383374
0.42167317458383374
0.9915966386554624
0.4278071220942501
0.4278071220942501
0.9915966386554624
0.4234048992199705
0.43399002170046974
0.9915966386554624
0.5528895992057596
0.5528895992057596
0.9915966386554624
0.3447427142313616
0.3447427142313616
0.9915966386554624
0.12298800925361816
0.12298800925361816
0.9915966386554624
0.14494275891311212
0.14494275891311212
0.9915966386554624
0.2619684159977919
0.2619684159977919
0.9915966386554624
0.5011162223116523
0.5011162223116523
0.9915966386554624
0.2696690494862323
0.2696690494862323
0.9915966386554624
0.14827521168896396
0.14827521168896396
0.9915966386554624
0.4792983316852903
0.4792983316852903
