0.29647538309516724
0.38149780258008914
0.468500224774893
0.41890093430565406
0.36621045797368434
0.5399655402538188
0.435819730263945
0.28262201834919887
0.3973601215989171
0.375844498549098
0.21566084484656925
0.2767359727929939
0.33339043557374876
0.4169159056722871
0.544009565683964
0.5197197879625531
0.44264684137267507
0.4021310442605802
0.4727331861001374
0.3922605286396602
0.34251001006487
0.2689946593202418
0.4214024228410717
0.4585087084470086
0.46128095634366995
0.43803491462187916
0.22474672241970903
0.6289143558445128
0.5528926467404508
0.30598504042307645
0.423075748922255
0.4690957327270206
0.3417761557662852
0.40959493105974915
0.459931107463043
0.5058821942437208
0.36163275329206074
0.51732230178295
0.49360982517724844
0.3766825228719378
0.4413262410071617
0.5537887399616804
0.5875571004219361
0.529654316974716
0.5891145490501963
0.5827276327576075
0.4763618618688291
0.3822831023815735
0.32714229275278234
0.4490350545766592
0.41028598831962787
0.4404933543038836
0.4595878928049716
0.4291152176353963
0.48222045331176716
0.39866138610029817
0.40015779503806176
0.413137285501446
0.5301985866345291
0.5696206369621616
0.5183015168421213
0.2809403895149985
0.2767478931131348
0.43238629862162875
0.4791277806700161
0.48611558493964346
0.4766047548543752
0.48848623936145774
0.4326269245485009
0.3066158908572046
0.4031903818849407
0.4970267414613681
0.5077545922600324
0.3778053788667384
0.4119492608930992
0.4566731980865865
0.4134696235920825
0.23360140574109553
0.3634032392838177
0.5116460362917971
0.5346739233450549
0.5290190191583659
0.5431586406402272
0.2876703252543223
0.48615168313652773
0.5384844452544668
0.3431063379191134
0.3051462298112251
0.34591351922804797
0.4126272256241547
0.5894081423761262
0.5582510906932666
0.6618370260622851
0.6113692733752896
0.3717967465263013
0.5026529364650273
0.21556595788110944
0.31964018950567846
0.4787823398858335
0.5201068191429288
0.3810138074838064
0.2973597577364458
0.39463035044420036
0.3006987327963022
0.30007377703945876
0.49696180380305166
0.5230974786536849
0.3224820749262916
0.310009184975076
0.35744657003188846
0.47142637617110045
0.4816387868862942
0.3848284394892028
0.2814352665338139
0.21489204176769114
0.5406514465870916
0.479661156723988
0.3017760468444455
0.21299111735631918
0.43452043548809716
0.4667331964055775
0.3558189363916486
0.40609200746530555
0.4898595227509314
0.540437565681883
0.445943483558238
0.2514987164876746
0.3653014652838528
0.3459833389441067
0.4053132186745154
0.2935083097245079
0.29506984881277765
0.317630729251791
0.368663673982149
0.4639882850874752
0.4051156439431864
0.48894778591654975
0.413360350650461
0.33134815044121746
0.4879050958691896
0.482916488946179
0.4083814524440522
0.32059775265674023
0.5599231127872526
0.6293061367641616
0.36841562062713507
0.39272463657480217
0.28569410171078324
0.4724544885039504
0.41801041431732033
0.4352886950439683
0.6412778789330847
0.6718780942157273
0.24540243672524256
0.30895162188314657
0.3911116063749828
0.2999326753337275
0.18867949462098896
0.28832079625564794
0.18922495198939163
0.18170353874922623
0.47991708978257025
0.46362615921230166
0.28104130744129546
0.22348534354283478
0.2546404187474698
0.4413623776681603
0.4909779305584513
0.4608793377747327
0.36547153374790114
0.46496523321204986
0.5569682655881323
0.39946082046801845
0.36452512155427386
0.5158116878034975
0.6331629937295981
0.3575916709779701
0.35531386930387954
0.31131242067899184
0.31599677504330204
0.22782073020419644
0.2453949485351272
0.28525761704054087
0.3587073390374176
0.3824643957269391
0.52725342545332
0.38994302906053424
0.4227616186624815
0.41111307648392564
0.5611305871238881
0.4134668877500321
0.28074709246247875
0.3111882886243728
0.29329865882510725
0.38597505368727525
0.3683434829108589
0.42424378684211084
0.2909516861710197
0.15775826749320118
0.30427569749051425
0.48581526055428453
0.44615768305888714
0.3700019084378568
0.42123539161762175
0.3573160332721315
0.3157055508774697
0.4431361057019398
0.528448359689521
0.2949149950896411
0.2516680416017267
0.3819758328888683
0.29449897466038294
0.37365916258328924
0.30936630282861965
0.5305789128507453
0.7345364385342025
0.4454980397228091
0.493589470786814
0.6014540805890567
0.5749460972443138
0.5130773504946483
0.5077559206118514
0.3462981836949474
0.48892477655694944
0.474134451607234
0.3872952957953391
0.5242925652869732
0.6219736982765078
0.5417317850465798
0.37386220484830235
0.37064522190638693
0.5420128746077244
0.5222420152043655
0.5081104694083429
0.3713539523014812
0.398923093098865
0.4177008004772553
0.3077235604765005
0.3073966199789506
0.4640984568875119
0.4752868102772382
0.37045030366769705
0.40649473553923476
0.4082601915660694
0.2563187164104236
0.49422151492856087
0.518284683744845
0.3871184397235642
0.414997773767661
0.4048754139725947
0.3805041025536294
0.44887978201155027
0.31194761777528435
0.21227621825983442
0.33996638999667805
0.44804485120165194
0.4701259836332256
0.4163609234361689
0.3835116831249933
0.3486696045080492
0.5144483477258903
0.45111988336093695
0.5242423640443739
0.427459986328357
0.4407239825461256
0.44713919436116034
0.5901049399560454
0.5321163721254927
0.30163658216717204
0.523158759960847
0.5938652138763035
0.623036824302099
0.5454500105518811
0.26150808022914024
0.3914968573700035
0.44175199082771016
0.3966353170490822
0.5637592172567337
0.5209265176753368
0.3680924976997582
0.32709055265574766
0.4379919947989454
0.18051012465158692
0.40656543143224255
0.46249744260844444
0.4954281705020333
0.42701772126919046
0.475693205176169
0.4248692433163651
0.39536829640880516
0.3414918020149027
0.47728356181786796
0.41532984916795157
0.23142521854865494
0.4031195097273801
0.3767935823061627
0.41738810118161007
0.35402917296817926
0.2729183596935524
0.23191629318507928
0.48972293511494297
0.44294799147775377
0.5535138643669809
0.4941791226149242
0.3781057650125304
0.2928547407808474
0.2732016243128871
0.37466852199242723
0.48877915471004774
0.5366519736543459
0.469175997440349
0.4154808536010011
0.3463128772467764
0.3807971096792286
0.2720450361798717
0.16016979768734985
0.3178163933023506
0.2935023507537065
0.48123196435543547
0.4646881970333488
0.5376380903481861
0.324055797591776
0.44183389147427643
0.5252254320654862
0.43805399110770915
0.3500447873690874
0.40591850545549174
0.29757383131627063
0.2854341954801909
0.29887010348137244
0.3244733732483038
0.330954335824463
0.36671536357011536
0.4097806055603804
0.21511178884993482
0.3269562623434179
0.35668878606289345
0.34125424866634485
0.28751234938804887
0.4134832222705088
0.4190452591292636
0.2732262188321882
0.6604333556312832
0.7037871734729605
0.43737049288518864
0.0
0.2320100457230751
0.4239287457667967
0.4057130403759359
0.45733777989303487
0.37531003789707235
0.3670351934408748
0.3732412952633652
0.31475870072534035
0.48300980963123963
0.4614907174507037
0.2984136633929292
0.377528911101177
0.4175665829823485
0.448817750612291
0.4256256760159541
0.4009189928378972
0.3887475843419579
0.33109498916748903
0.33560787479802084
0.44497950796289343
0.3154122541393826
0.30487060592831267
0.2880644372517624
0.4900060693089885
0.523122440189566
0.41903881392114584
0.2966808621374275
0.34501633916006286
0.5387071289116311
0.4628281338687694
0.2552080410395781
0.46498174729823594
0.45636664782097547
0.38618488157258024
0.4302086146685249
0.35872529237347917
0.3977746435504439
0.2790251498436764
0.3543945694932193
0.44415922295527865
0.28558470523706364
0.2398038107468247
0.4093790350544616
0.376035399026793
0.4132561270270412
0.563972789377406
0.6219181956429627
0.4496458599458459
0.33299816811935623
0.4717483998741564
0.4124429978718432
0.4023410067396307
0.3788872779636845
0.4290397985586404
0.4884161560016748
0.6163967724566711
0.2832013741135438
0.4058726639455942
0.3988658296537168
0.40458629421620956
0.33364494065184014
0.3995548663762728
0.27404808589747
0.2702770030965733
0.6168525408767997
0.6729922562994329
0.3956335047257447
0.49917002990039855
0.6214266716507367
0.35458204655202413
0.36290511278042276
0.312621655655936
0.2944267068366905
0.37107504933364643
0.9820968896348626
1.0
0.5185769881529402
0.438950115487189
0.4021483864003369
0.3769280146053107
0.3953062559752045
0.3887146238220844
0.3823603962548453
0.5013797226041197
0.47107094847686615
0.27331374305538086
0.31071860806106943
0.4354759316850123
0.6245319804896416
0.6967462298745912
0.5755292948065183
0.2818721071640269
0.2845378791516828
0.40896368863975174
0.6119389079552141
0.6038881906310175
0.631722588720757
0.5793915167851089
0.5223513065879187
0.30990452843183186
0.3416753131170555
0.34195915724926607
0.5022271530333352
0.49936448178052084
0.46671177984831674
0.5228948826947846
0.4737065562534618
0.3566260574446847
0.2254681152063581
0.11655573149048264
0.3209206875663422
0.3998251022094533
0.27329335217638673
0.23315807966609617
0.43444887156569506
0.41110060668166826
0.3851702050333099
0.3093695940456027
0.3559178422799846
0.4148473545281954
0.48672692366359666
0.5384452965715048
0.444656466189154
0.5237428306169292
0.4670790598427292
0.4161030834679153
0.5242576031241176
0.3458184654830952
0.4556823252906015
0.22738857806865748
0.49147058151476264
0.604120320090197
0.3812729815006086
0.37721133558369496
0.3827987900191997
0.5482947103308632
0.2984871148078691
0.2751483637551649
0.41150176399743893
0.2866053917177127
0.3968362128199649
0.5561650325804207
0.5927321942517872
0.2801104863057665
0.3415585745399357
0.418395912943877
0.3858090812976768
0.37113568909777206
0.3581199468730456
0.6953343465552907
0.6595792249116084
0.3961165025572859
0.49747189532439057
0.6904615333275339
0.6990289476343681
0.3410929976890154
0.32085991290280985
0.39889397421231987
0.48985379471308516
0.22894267957929978
0.4516481447877456
0.6325628745600917
0.2480279053863835
0.37715703646810816
0.3919387271728674
0.5784680660957674
0.6384479744704706
0.6827708251849748
0.4866832492814009
0.20087898176323132
0.29641070494224453
0.40764320382051034
0.4332407051175908
0.43485557238337197
0.49696521348935313
0.5669933881220476
0.5271690548751218
0.3938288644059315
0.3659290081573686
0.4215344314639974
0.3511326859163768
0.4940094899714827
0.3364328274632199
0.3840840164739953
0.2660797359328084
0.34484203200681046
0.3699021279327766
0.42227068251053834
0.5325808525928973
0.2786911426495829
0.322235898554315
0.44937386092198434
0.47885909412181454
0.3007144061708155
0.36882871514265575
0.43972491459265445
0.32147250591447435
0.41708471411135384
0.5060575691298734
0.3919251225055266
0.39737249101024175
0.38542532554358766
0.4286176835525409
0.48385856461482896
0.4608337533654984
0.41208570410660905
0.24220041656081662
0.4154629904534848
0.2815776306046636
0.3988482953574936
0.4228099276189349
0.4077245832591183
0.5323055893262699
0.411806213015792
0.3283096532507207
0.30986813289709375
0.3762270291177408
0.37013012429617104
0.41575620256878987
0.4908871347084616
0.4193453566392331
0.5163656678055734
0.5343984213345414
0.4133633946963312
0.5211915232581912
0.539219529383979
0.4449502999759671
0.47874205682401316
0.28485362530109914
0.3096203393098439
0.2951150299401677
0.4452403120289968
0.37166697767513746
0.3937504672030428
0.4387163298975565
0.4799934377758757
0.471510558368808
0.4391708921030244
0.4646404522512914
0.4651491299618616
0.4399365454289593
0.4092349511360726
0.47168765243403526
0.47518567286786184
0.3327629771099571
0.36575739157437787
0.31152693149593824
0.18818259496969866
0.1963579708123519
0.32036687121549506
0.6535287699658828
0.757191740070318
0.46406568872592574
0.37194425033990447
0.6059284129685732
0.602672760599166
0.5747446594788466
0.46222235407565804
0.5202485134646226
0.4598195865085235
0.3443321043394546
0.31996514224707584
0.4238075226316254
0.516807128574254
0.49945331820834604
0.33349641169830824
0.35710136373791607
0.3243728868333878
0.3649101279842207
0.4741066560826698
0.45303832980550673
0.3513044342217141
0.43901110242945596
0.5174215940518138
0.3577402209767657
0.368176852036198
0.24300646471220305
0.3678450445292686
0.23548163211103582
0.36307741805214033
0.3480605217519906
0.39693378210425334
0.13039558631602136
0.3638146193764952
0.3788630207366959
0.4378547794523904
0.5123543881291301
0.3700681737778901
0.22368648913539393
0.19140685550470532
0.4528495207724389
0.36173065196059556
0.518040937508633
0.5859109008628275
0.4216923429696902
0.22352948773929665
0.2291854119998845
0.4208968150575663
0.48705824136532283
0.176016803018728
0.31359644747728704
0.3635638943136322
0.3260143059081663
0.511380530706732
0.46759183237584123
0.3984809773301687
0.46086643161624935
0.41997251584781603
0.21016356712184148
0.20323679829156585
0.19753523610750345
0.5653167656609351
0.6865291164153572
0.5021503626687841
0.3310079260632098
0.5242066702720011
0.5065538560691506
0.48119395292634587
0.3310622190395178
0.39079501196586275
0.436936225252841
0.3448351228950903
0.27863836155758254
0.29518373309892043
0.5338279295231153
0.5124115763087541
0.47263539878116395
0.5386858909065692
0.34685009273871475
0.2918476497450144
0.36371865812272874
0.4228760778335188
0.3177687147983161
0.36190360072270694
0.4635083585247686
0.4062692863526685
0.5730478822024161
0.5763973797656764
0.478706193018276
0.4601647427441454
0.24851459257405903
0.3531743141286136
0.37850771259105354
0.4019980201984584
0.45399103597535273
0.4540614386671662
0.5681131186438857
0.4872594757630346
0.43293888385450446
0.41637043848015454
0.32595874405551367
0.3417136757338101
0.4682363410984079
0.6362298867933995
0.44768650660452775
0.49855636396670294
0.3254230852930564
0.36277398310773995
0.38504800500779096
0.3395935750580576
0.4560113361817806
0.4576288667584752
0.2739367992256617
0.38591443556873917
0.4669497881602902
0.43157143302765316
0.45184730697087444
0.39389754738448013
0.3160970203180659
0.4116950217312491
0.2211153489120904
0.566383892830383
0.6234878576058307
0.6363403463748977
0.5894916012575177
0.5477741767106441
0.5663806516932735
0.46814690205011605
0.42559035789294325
0.37782612430424994
0.5251554585322112
0.478343733879298
0.4674661429685694
0.3959148924576122
0.3227788293079922
0.3919886403741412
0.4466843059485892
0.5234657419334123
0.49815121658751527
0.3356495492741053
0.5336682796745081
0.571901850173482
0.3216203768058677
0.3651154883673883
0.46402621097629493
0.4696199936194297
0.3138658002298917
0.2754813211307527
0.4280246654956003
0.44970777797443257
0.33763716506247404
0.42519967335098563
0.3687276245520043
0.4176432983826069
0.42031267276096507
0.514450643177439
0.4416169246356881
0.38695889988594656
0.45914529557612777
0.5069365855768
0.3869921132789975
0.3678937910398729
0.31981691372779597
0.5046573073877969
0.6297346338284118
0.594920781335232
0.30919109572413794
0.3994910799041206
0.35850112180688115
0.31979591780617117
0.46818635611962545
0.3836057181457551
0.19447889010241934
0.2662856182359456
0.28349480824812856
0.3697202533596532
0.47793597221312883
0.47360994028498465
0.31861140837201285
0.47257871434481424
0.3441804573880112
0.3739104897485116
0.24385118635207273
0.5302135025706642
0.49458075265308205
0.26482557867910644
0.30044077252498197
0.3323047493993687
0.3034637121629207
0.4050025311665902
0.37173952416383366
0.5445324450196184
0.7131960469703521
0.4917029725614105
0.4044547132991286
0.44634304824120824
0.42690968859578615
0.33646002911354755
0.410845904677213
0.5259999041263838
0.398311933013347
0.3451564700774706
0.39209371248099684
0.22944539174970574
0.4209569034781025
0.42665081701085145
0.40663108124472686
0.44058602065412283
0.3132157538518375
0.4958591892798337
0.42384244214713634
0.3344990982681001
0.513772430529071
0.5081491860335481
0.32607937087268685
0.2276571931521596
0.3892021455231296
0.4742386750066908
0.32420914606513584
0.35705829891077
0.41202202665200227
0.43490020237612365
0.29824660092289834
0.5735209907508468
0.5860640458618086
0.28224987442504446
0.42864480420055323
0.3839000478627485
0.44254227948987157
0.44504462536426564
0.31659339521071095
0.40416748854782175
0.3871996509205528
0.1939477568216989
0.40361482420712114
0.3042296261331671
0.28546282209567475
0.5594471521896025
0.5381931853685761
0.5284982230371745
0.5125221555949042
0.3504880901833295
0.2923850639526408
0.2525065676793436
0.4596161854907259
0.4073957095611644
0.33517781047800566
0.5168282459351744
0.44541064465707964
0.3058552660102704
0.40159420606701757
0.3927526771374904
0.37229524966448324
0.42913524706129813
0.383452146176841
0.20003370267775347
0.2060013522469386
0.26881570646762043
0.23325980987353265
0.501985231612767
0.4198189219786979
0.30515947581600134
0.3305620529845467
0.40101322249234733
0.5295577814526606
0.4105439519051417
0.47850933181874206
0.36423514801546464
0.4275638406913601
0.5373024497575066
0.4272009101546652
0.4599607337661686
0.3669670876060689
0.39456626256535726
0.5189539593242533
0.3185331160531732
0.4560637632289619
0.5662447557345616
0.4409795101622294
0.3172225163182809
0.4257049602685933
0.5216141932814289
0.3516149213673704
0.3981872272353733
0.4181213090512761
0.5261140039971867
0.4376441010579229
0.44325776153604834
0.5405585090661164
0.5067186260220968
0.47438934599971805
0.4670208154563363
0.43557483276345077
0.39067627513290604
0.21796756544088314
0.3070776227562518
0.10223003365503976
0.32502042918681884
0.5087378899519653
0.48372785567515314
0.2780211026884997
0.5828416385817514
0.565991000747981
0.42978012358361256
0.3726147895568684
0.38872243295882897
0.3996019825369382
0.3117162899852901
0.3239685778395562
0.45132249676671904
0.13763535207520253
0.25222724759234744
0.37040919117197757
0.4673376757945127
0.46447186241585836
0.34932747279079757
0.7505615256969626
0.7656031117852464
0.5300096944224418
0.6305334706745442
0.4825453660867
0.3478833844850479
0.3730969460207021
0.40413488905821726
0.4281212747589267
0.5832623512506996
0.43565548154275296
0.37944987631713545
0.3896938068724561
0.48626024456193656
0.46232341840142616
0.3311305904644932
0.3920764500830759
0.491546804812861
0.4316093645590062
0.6294516349527484
0.6474777319427745
0.28097855981781983
0.4968020964556543
0.46405360491630016
0.377832995399266
0.2073357255318138
0.1540850813986522
0.19199424439835128
0.5402994643515688
0.47544950552903714
0.5493983353113487
0.4207846660780853
0.28605985449154797
0.3349725366622072
0.3802919057015227
0.5805147991922438
0.25722221173821325
0.4300774124172986
0.3967185514777602
0.3911036652361789
0.15910820434529377
0.2492044473622891
0.41903771735627066
0.24377935936629422
0.19429606364083696
0.4913866039069896
0.4788977797201381
0.434733020483818
0.43147578704112627
0.6245740661301439
0.6027787964539479
0.26060143238530203
0.3253542401633421
0.33662264087569854
0.35075155113263023
0.3214917889478727
0.2863669060715438
0.368965306777086
0.3978837074864101
0.24029214574673016
0.32896367579050545
0.3125200956576821
0.4100729159602052
0.312552590189119
0.24582566017195623
0.3973570956968991
0.5060352976374296
0.43664999608778193
0.4790568902710802
0.33430785805190893
0.4712199823035723
0.5526594595867329
0.3789653343186006
0.3441866294080855
0.3596647310798591
0.3480055347302923
0.2945211443337396
0.36898124454493036
0.4344267024384286
0.28714947579731154
0.2888984786889869
0.216759899355387
0.23968467203661206
0.3696751824228951
0.246326531173416
0.2777712358308046
0.3648945532106254
0.5345745297903582
0.38713249974156094
0.219559132373999
0.3831124700534874
0.36640793207203776
0.2440444969417069
0.25452598780568336
0.3892251127457343
0.39787293848992983
0.381884774070235
0.5921683160208644
0.5333977958336581
0.2718024854545392
0.41771679216948593
0.4483790036726499
0.4366848476693575
0.4202124725794563
0.3131643682406558
0.2698470069253875
0.42975913573797725
0.34102611554389645
0.5034379675183892
0.35583114695859025
0.34505870136077543
0.3814314533590783
0.48875208534747056
0.6056798145897583
0.5182964282719503
0.45091856965319055
0.3419049782799627
0.32467191541898177
0.3151167254668002
0.2432944516386321
0.3711577608728618
0.6767759718934382
0.5451008347105127
0.26879269455398397
0.3224546797823133
0.3235066336362452
0.2823746542970391
0.49644269116699
0.3102202593760951
0.339685076519316
0.39279035493807235
0.385897488855197
0.5436580349579119
0.5301138522359147
0.4015375136932639
0.2848047339088832
0.3863658878068561
0.40799910242492504
0.3758448097486617
0.38126868758192195
0.1538817085611598
0.21640287192666793
0.5574790205436854
0.4338744161274467
0.4366419444893091
0.49238219435215114
0.2471405355023288
0.3462685072347904
0.4808024204164988
0.3920745450560462
0.3694573152274181
0.3907484294094038
0.4723099236103325
0.25041707277596137
0.2547205716967885
0.4693868492757972
0.4070995812710126
0.33971917930829115
0.3094486555941284
0.30027591395706
0.40894048224374097
0.38128000308901955
0.47351730436509293
0.31893444551490385
0.30639976690902304
0.2709551606034576
0.32149837890138366
0.3907382806961947
0.6302183823735655
0.5410179306377179
0.47399931979159166
0.6887299018759451
0.6393436368180313
0.5208569748311077
0.3609568486610902
0.1963638513373852
0.4390258140111899
0.6606111014759787
0.6614364576727539
0.5928765569749145
0.4044714582264862
0.3424402556605429
0.20691001107702842
0.47712990207238154
0.57177034370166
0.4942584391159272
0.2555345574185333
0.3787546359303593
0.3478459470511649
0.4844493981567479
0.56138997430824
0.4081895792072954
0.3039207426867294
0.33967072181739666
0.3756447675969458
0.4898261603112144
0.5429717212213998
0.3319688693256994
0.3217447709475053
0.2756532063700644
0.19983159772901116
0.26742915880732593
0.34043897813674034
0.48951651495176796
0.5355245700122467
0.5668946027680339
0.46129713584891324
0.45974854768093737
0.6593306514172363
0.6429462173527315
0.4935227215926631
0.3500144939491304
0.46134323910148384
0.37475621301495865
0.3750203586706986
0.30919907765230753
0.6404878871862351
0.6582451652623246
0.34601550093788813
0.41917771367537865
0.3143574953618238
0.3154143598759189
0.4606966958213122
0.30243478546473546
0.1909739145957045
0.412703384248264
0.28069722220445564
0.37237547087392103
0.46190389509061447
0.29855142041823346
0.3287322465214245
0.4952915698992748
0.3705758419785154
0.26372438289518446
0.14117189246160589
0.380851573178654
0.48384761600170406
0.3225169332025773
0.4460133526500431
0.5745857610639051
0.5877767011298939
0.3049767289332853
0.3282402844352872
0.40515036502620916
0.34972078176404947
0.3939250464813293
0.41490619420133756
0.38069661877718103
0.5408470433934103
0.6206338305195008
0.4369933099445887
0.4005711513760214
0.44590153131640914
0.49507793284465107
0.4999572178654999
0.45763659446868377
0.40350922334927714
0.4287811444283728
0.4225863215761737
0.3058472187879955
0.41759784658846993
0.39603588973906456
0.4372949454015452
0.3191493409276904
0.364964109081555
0.3424566832118494
0.29945272707308007
0.29768650855212303
0.4249517626548086
0.2784052150206378
0.31882084621860335
0.29792097373578674
0.3226113840311722
0.27351328429109406
0.4993731234362522
0.5759186857866676
0.41254198091580807
0.48158776171380857
0.4840500017178657
0.6262460500160942
0.6220228918106103
0.2537144977711895
0.27950943444950377
0.26132450325967455
0.5201282429333882
