0.25857568598954056
0.1874985859913691
0.08826917306101283
0.1805119847722047
0.2256272297140924
0.3162103986353834
0.35042622746229407
0.2912405389577196
0.2569306371912269
0.326217850631474
0.4021120537201867
0.4438681690226284
0.31129619193012026
0.25332791117785375
0.1899076500621926
0.2342803425432457
0.35144828366293235
0.38246039070453985
0.44588532645507695
0.3573601691756911
0.13401140096457512
0.5059863892132284
0.5862978197358345
0.4068265181055127
0.07395566980733288
0.376681308025997
0.4426083818040233
0.2600446184108815
0.22860824805767116
0.32680001328687763
0.3665745409432537
0.5005439861384674
0.46796511859051526
0.393244167985283
0.37537791646965946
0.3458529049746466
0.2599934177429997
0.2184647114900152
0.3919241501550691
0.4141787827518532
0.5797279528374272
0.5336305827267329
0.20365109040785595
0.23044529553881093
0.3401943027674939
0.38114357205226995
0.471477897811604
0.32895242643916595
0.33266228849022633
0.2440910277106613
0.28190798806030204
0.13998423146042152
0.21343869663497447
0.2901621547191698
0.31677895909944065
0.15763661763699838
0.15258746499692105
0.14401593139925564
0.34426302743289633
0.21218353939108736
0.17686134406091097
0.32307681556454765
0.38714868820033843
0.9288702977466177
1.0
0.3263963432430578
0.3444086015366355
0.26092542631636695
0.3751776647445564
0.28106387752192274
0.11370452233765141
0.34096122165060694
0.3364634636081413
0.12390658551958773
0.3354105339734336
0.3623688625106284
0.35848794137324386
0.3271155952577483
0.33925008469201595
0.30560163162366855
0.044472121999325105
0.3391468979138961
0.2765688495431283
0.3243337327306536
0.32303339091905886
0.27290349031586775
0.20862095026361682
0.210743790781047
0.18013720731044094
0.2929946738714607
0.20473438054079626
0.21655881974743107
0.18660769688323103
0.0
0.18328146043168209
0.29927847764029225
0.2417819621057136
0.19906295430565285
0.13847461363631278
0.17926486537575714
0.35418282755690234
0.3444250357707659
0.1861005674779038
0.22533238774376727
0.24244113339485562
0.17070121869916002
0.2803919564043198
0.33893647855919945
0.3239956543951068
0.17274487580313436
0.2542471889105591
0.3927834628154235
0.381108034021409
0.31467713547443843
0.3937393632504598
0.41543915314173213
0.36138021976813095
0.34391599835202386
0.3268278000395502
0.35230833361071906
0.18346465887293398
0.172208640593985
0.17263169873469286
0.07455376678750851
0.38378928252917316
0.3541376068134515
0.24541125659180105
0.3316800842280981
0.33300230764749483
0.15451743345690927
0.24182746376719072
0.3642867118829857
0.2045998730927875
0.2299758948977218
0.17693448866225092
0.12748207080054852
0.2676353468625327
0.3726239574020849
0.37772464426595426
0.3468235820812816
0.39708226537670893
0.42435827583546126
0.43763443150363396
0.39594674025168375
0.4026846337794944
0.5873410977761163
0.4395625862883579
0.2398441569052697
0.2636839475252301
0.37291190071467745
0.40343628923168234
0.34643389416745357
0.39474668226083165
0.2723811713254431
0.28099073230416455
0.35754833823456184
0.2726572639032167
0.38256543024468115
0.3741098914744637
0.5833437925906237
0.5272255672199885
0.3097741302277283
0.4071427571476453
0.5181209293140645
0.5483812004715691
0.41695499825620536
0.27440738014055843
0.23485380018311983
0.24494863290702013
0.1405014153084231
0.29682198323893744
0.4769288466089058
0.45202403786743084
0.2018294490705308
0.440041809758656
0.5093258107262938
0.3031385225812249
0.3610203352419784
0.3687463365238664
0.3737691624624514
0.275868716505544
0.3114922542597119
0.30254250873369193
0.3681819361687759
0.3116680376191154
0.32801258857722704
0.32663416280079155
0.09653911294888769
0.1638866046643494
0.18995470852457363
0.2679657159868267
0.2950040070814965
0.3852671783860158
0.3606310125507812
0.3032737630271302
0.3257959547456753
0.2629886728833173
0.10189235271789084
0.2969410976370356
0.20482692389958107
0.2293071318874975
0.46974867012822896
0.4555055289850431
0.4401699227465652
0.270419854360568
0.13955301974220372
0.34462220405510136
0.30233471298835485
0.23298540299398593
0.195633777183401
0.20901131034301673
0.24069891411822147
0.2440642761088675
0.3738486466528634
0.48671265429115257
0.587704399526009
0.49599508425087874
0.3556141991005482
0.2862637961488658
0.371977989235874
0.3618571507289168
0.3164641112406908
0.2662669263088757
0.24559554565585703
0.25543489446157885
0.20439003976251455
0.3958603592714761
0.537121205813857
0.4561670141945554
0.24118405244980637
0.2981442909952729
0.2256352670521697
0.0753838382310275
0.3973764100727616
0.47174640039223886
0.3460105696446638
0.18917086847266493
0.1769886577968802
0.24329407797793584
0.3604831513454694
0.36853143559090407
0.36519487555098035
0.24828613170427144
0.15809713104082368
0.27914085135748146
0.2746287444095217
0.2540589349743601
0.1510314997453615
0.31417056450052266
0.2790430819910741
0.2902923390085182
0.352027138955533
0.4169147788773496
0.437747044911699
0.40348961162678865
0.28847732437448875
0.24427403942498052
0.5068814909472187
0.5085635361765647
0.4162543164099728
0.3484451414850792
0.30050795518161977
0.34812847678564357
0.33957965583873656
0.40464555336199765
0.3823100043725435
0.27564902551855286
0.31235387134094833
0.3201063293603872
0.15581245271892866
0.22649103357359257
0.37861095275564405
0.33659274991303806
0.47938448143734036
0.44496862761158973
0.32573160691129627
0.3429609255855891
0.43066725272979683
0.3758348129382511
0.3525316223822218
0.3139107006840749
0.13118229340446275
0.18308200319362175
0.4598694166320307
0.3525728431980366
0.2580624671184448
0.11489785967738896
0.22906383877011316
0.3346098393942295
0.2606963001919361
0.3429790904855071
0.4107444433263822
0.17115027607185437
0.40491405800737634
0.4343763782943729
0.2586331342201924
0.37152631087891047
0.38111048565131445
0.23676086500058555
0.15273436341094954
0.1997093366698046
0.34832875229016197
0.27122209496229044
0.1680936717362379
0.04263386536139061
0.17726256083925443
0.32055320717641556
0.23192854311231212
0.11217834536933605
0.24774354282877561
0.26567883959166555
0.360715372535201
0.48574668042106206
0.4708933411177343
0.4674367287237251
0.3270048483433804
0.18311156525737587
0.2088081751126227
0.23534845836826052
0.06111682270002127
0.31753263678348
0.5596333531756416
0.5439348291377282
0.28097235441440116
0.258049676292616
0.1823431024052495
0.3322875060504376
0.2593332893251583
0.4608106733581173
0.4478795299602892
0.35839386882645896
0.29996818674969755
0.23700809587775903
0.14229060019002704
0.33289234014482294
0.29019976738784536
0.23344931115163212
0.2897010522892964
0.21602732013605566
0.28034766325624
0.22875738954928082
0.2511645381721934
0.24821479849502415
0.3130345459835194
0.2366557799427075
0.3393774000187163
0.16243063135595917
0.26073480234579427
0.25788083839745074
0.20927129471036515
0.1860817480210987
0.25383364450928897
0.37483096507031954
0.3854994077263581
0.42612375543432895
0.4797313419206217
0.408933182382745
0.3648610855490311
0.308837002118664
0.2605092494406114
0.2439796201491982
0.29019585204724496
0.40501437330179946
0.3556329459014863
0.34840738002418115
0.3843535934661136
0.3629734688542206
0.42249256552381653
0.2793112155243101
0.3230210064251007
0.3529105949266585
0.21082899497598329
0.2525656327375671
0.3548484328486154
0.3421748291592303
0.32603876006161764
0.3491073819567527
0.21091603678917756
0.2225774858124321
0.28188610171796336
0.32909390952875456
0.36985862300376265
0.4088594164772534
0.23915315199564435
0.6286402043617447
0.48062197878505913
0.09538725501107222
0.09141534835372406
0.3956868111611893
0.42714998313117575
0.3543501371572511
0.23800427125386442
0.40273539452392637
0.38785396975348885
0.34348196092752487
0.5060738256131212
0.4231604851933397
0.4386605586648085
0.3726905328453963
0.2996856177029156
0.24949325140949133
0.23025779323398307
0.2547412970420448
0.24994431340639142
0.27166115173810235
0.3395566821562736
0.3450674404284497
0.32235729125889667
0.4754138971721765
0.49198952108718214
0.34305295358791127
0.2538040707837173
0.28768959414872725
0.3325751287714846
0.5003929117342898
0.4929515822243935
0.366219003302625
0.3139985804181779
0.2832681248365682
0.43088842570369074
0.4000023567472365
0.3820976319995569
0.2581285600240858
0.37387346085535844
0.43750063720644844
0.36424539207470025
0.20536394457282073
0.23376130049714006
0.3572294233402936
0.566113177327368
0.45647401189161585
0.29931219055483727
0.32692579258176624
0.21390539348609744
0.1207216214019311
0.1505962515046603
0.31018997545101723
0.3236987420843667
0.31162367976838473
0.24085584656157663
0.2679333680661439
0.4285439936879807
0.3236783817446504
0.24586115660716545
0.2199391346216237
0.3486741919327916
0.20765862109226008
0.26941013380378614
0.36933209025489677
0.18882879875369732
0.23689119098213704
0.4759868921552532
0.5300018549840126
0.31203109288267467
0.23290318601159815
0.1492873827942224
0.08427724397156665
0.17164471178268026
0.1480818696383466
0.5267669888207936
0.5619247490846149
0.33527655820720265
0.4312233006991383
0.42445199289600055
0.32374962866103757
0.24349406723703346
0.19462975948205985
0.0850537301288627
0.18245898839228117
0.41892333418940403
0.3738059505490644
0.32115235696105754
0.36800941189849123
0.4728876917566351
0.4563537442348422
0.4590054362357727
0.385953204196225
0.2581628500746555
0.37658946999176185
0.4038441607781147
0.13718126641523304
0.31349825793749586
0.40323137996550285
0.2502866115154712
0.4534966836119991
0.27351839150628987
0.22643530981697643
0.37010836767712757
0.3592664334728857
0.37364904558777284
0.36212305797078687
0.34489710242791666
0.1723594833562453
0.058306005073123314
0.4487913559721873
0.5127636961852629
0.39444048508205753
0.3135874268374696
0.49059620982069113
0.27970802939818934
0.295303058782765
0.38394090035925277
0.4266070902779914
0.3964990067565111
0.13840895401681827
0.2626748077541871
0.46288109550776524
0.43949515063041744
0.5056133267653261
0.3792554388633748
0.31689250297742844
0.44878609512283596
0.3452947165373314
0.4156282213282505
0.426818706532923
0.23884740482652494
0.216730649094529
0.24942574390391348
0.22202574535320785
0.14609202080941625
0.28193636692360313
0.2940040554429304
0.28735593712361723
0.29949307168262457
0.2924329828699356
0.4083166052928521
0.4349067741255025
0.2589575913941652
0.4070878688715471
0.4175198339204931
0.293292433114516
0.295727583254816
0.2546984428770707
0.2629092001313412
0.2968111324373969
0.30933132388142864
0.2661374834643083
0.21777209442715967
0.24097295757895407
0.09731644819851962
0.3484185814956966
0.3411112187040539
0.20624423585063617
0.40111245926911016
0.34191627206768055
0.23899573185158549
0.264630913796434
0.38981109677999065
0.37324282625885646
0.28692343906337436
0.2823942913124501
0.31087714337969313
0.6345770529253466
0.5791165334492716
0.437606859159988
0.32029616419908175
0.2832645125211748
0.3024991846404254
0.21253572514355748
0.31446005536450244
0.48973669997627794
0.4857642021050194
0.2755645319123493
0.3023009080600261
0.2816509728152192
0.3627074212215564
0.26384084250068496
0.21863749328633095
0.22487403825718366
0.2766565531896623
0.23201456070851867
0.5404835569817535
0.5510843644110381
0.2799189891732449
0.34392530687586176
0.3278955503639585
0.4467134085649599
0.364385242733512
0.4728653155308039
0.528751904433418
0.4451366285499755
0.40965328612371554
0.3416589029207918
0.2419928535291555
0.3304911337449239
0.6030287039402921
0.6035450244980288
0.3396555175381391
0.2304484143752421
0.2376129772626925
0.027929368917726228
0.5184560011101564
0.6083890578208094
0.35138325841995793
0.30606099831163774
0.44864068264869916
0.4997707634295839
0.39254765311995926
0.2180465646513066
0.19586743693471567
0.5886031844947618
0.6074723229239833
0.46773755271663986
0.39651466346874087
0.37199879555511056
0.47369807043019674
0.2905342980286327
0.35865586329559695
0.31929571218858727
0.1782924542027567
0.3476928552333327
0.2349822861368247
0.3751098849901363
0.19061696605108344
0.27945789047160624
0.2660025759249294
0.3857991426360168
0.28479485006741273
0.2504288709123914
0.34525580511472465
0.2783385691298612
0.3093295231630578
0.5098296944215394
0.438485021238644
0.2760693002835182
0.4082319675802089
0.3221240109436854
0.297373634182174
0.302790559520208
0.37075018178021896
0.19329028770724452
0.2645706376667538
0.1548014889787996
0.3510108091390455
0.25394602209578365
0.21950186626167478
0.22787374108325636
0.28152088551882243
0.32622648053654646
0.3556579030396213
0.3978603102348863
0.387713205446931
0.1868736131142528
0.15702995595510383
0.31284898843439146
0.19490539157051184
0.24489736558859146
0.2002753442009116
0.2951921177501444
0.3916734014208942
0.31112671454757135
0.32347670222300334
0.32211660157424665
0.2293167747451083
0.34071751856715715
0.45249217078727333
0.3700724945539977
0.37431635243470823
0.4937320625092832
0.5782002554458597
0.3241829397191108
0.3268213862537152
0.24661433378088263
0.14199528413818954
0.2561933800582029
0.3051555066285467
0.19821616190258187
0.2719410374609646
0.5643397774043154
0.6793914263806876
0.3052458023651725
0.3106795496629641
0.3691722575945387
0.1787822350799683
0.20765714852919936
0.2189177976622271
0.2902056975882188
0.3375937966687712
0.3941352762560271
0.3906454050628538
0.16103123140029002
0.22486364309947393
0.2618746419271655
0.3374952700521118
0.3099496708038666
0.47277281002756427
0.5408338097698198
0.4458374092959242
0.35822365116538213
0.3629386979679556
0.28642690525301706
0.3122097069533136
0.11144477280281598
0.15958673564561598
0.26024128865085305
0.3436568370732754
0.22273514001200548
0.273158934459876
0.335943253688492
0.326091720591134
0.18181072574005985
0.18066318901147146
0.33892605182847546
0.253809041895846
0.09943936531851964
0.21086306636563262
0.20975920498666656
0.1543325518747329
0.21078440014187866
0.2072089104095419
0.2632496304409194
0.31280657153620167
0.33513084544247246
0.28585684856552845
0.22077929326400214
0.27566950435993276
0.3143686538819965
0.39980985032280336
0.34447163021620325
0.36922460903728127
0.13437966336549367
0.2781881084860331
0.3507214181272446
0.2486293826000386
0.24132836709971206
0.31346409862130764
0.29843833296276406
0.4539480295851687
0.5261855967207355
0.3080981164684947
0.28067056573904176
0.20723666252082423
0.4320970766474574
0.39636437913910455
0.4446873501272466
0.3338511867966553
0.21047004051930687
0.2132777649219508
0.1766801780429797
0.2576180114635537
0.2632682451317604
0.2837798600052509
0.3438465048055191
0.253012280326311
0.2523155112232267
0.10954218696000392
0.382783175205063
0.6297062601527796
0.6737084261055715
0.49201473589051925
0.4080661007042354
0.4968172563082638
0.39594137408567376
0.17100302234354872
0.1974073880763299
0.23563821676215718
0.31871185420785847
0.272868406090569
0.4900529894293378
0.41768943662138425
0.357948839663248
0.2342138987126104
0.3811504087554504
0.40378596793782356
0.2860196109798996
0.42375464319126155
0.4375808183509496
0.3617478578911192
0.25805234325610704
0.28585398167967196
0.23172659591878822
0.34932716830920885
0.4633329242000906
0.4216326759997371
0.44739677370747427
0.5234096895222324
0.335673613023785
0.22059439908252834
0.21665023257766006
0.3271182437359888
0.3761850421726615
0.21364263424729665
0.4833222262912571
0.36317371227400064
0.37306230582821415
0.5765531273399003
0.4784850898315301
0.10143276064777781
0.16253356295426674
0.12041023710876426
0.28186224776467567
0.2722217174583293
0.2597694625276697
0.18153606434493896
0.29304395476474293
0.3286257700626176
0.2304173257090587
0.1757096168826471
0.2233227427941114
0.37828757263290474
0.3538771120784153
0.31213833380991746
0.4401942505551651
0.3680614833776445
0.14035914923634027
0.44010599557542074
0.3285581495462871
0.449273410349986
0.3813592706275018
0.346747470891541
0.3247902313767123
0.301097511357192
0.3463619104586631
0.5693059989166056
0.40515185783226254
0.2377422977613567
0.1773003890476679
0.3616221484034491
0.2612895382085003
0.16700201702136244
0.20136378357348964
0.2557948555466903
0.1505031232509651
0.14002523506772774
0.20381612696315535
0.24948788496371363
0.43982449277949054
0.4037298970802895
0.41355282913396196
0.5352321693983533
0.28270899261012544
0.2728571587528466
0.09281440880787538
0.10031814541952562
0.2555210583931071
0.298183157933509
0.18801263052539507
0.29705540916632006
0.347787825631715
0.08985729304842706
0.24966352303777403
0.2262782011362475
0.1888462644837752
0.3768324426936958
0.4335972010622105
0.21327058753543282
0.3043163894599277
0.328906709530299
0.2855208245126124
0.3040248974808839
0.35902191146720114
0.1991650384007931
0.5090194432875554
0.4496661190427382
0.6462253109462629
0.6156274966304244
0.3688922621821672
0.32833601878842444
0.25463332201028294
0.35297974052926884
0.37909028905154013
0.26066841192442014
0.4119377249263835
0.4463052236861543
0.36754287298773497
0.3591193261561008
0.4078431504104486
0.4725796028331494
0.3149821561189499
0.20776712018912155
0.30094374466411783
0.15910425578835077
0.3878973390716114
0.4685334819760639
0.4444378715202148
0.42673087566383955
0.3053876419670738
0.20603957983522397
0.37120273279453836
0.4677387149495277
0.35355635966461096
0.4635468896083075
0.46838465713347505
0.44987101498999393
0.6425930255461445
0.6176937612667935
0.4775449977474893
0.33660162194043536
0.30167416401601177
0.4542391510786256
0.45725285479028793
0.4658816626582351
0.3936370978544067
0.36132902299853054
0.20395594988528817
0.12706868228487514
0.27130938462118553
0.3099203741539652
0.27670492850245276
0.11193593237493348
0.2547820869287338
0.3157397574598881
0.36901676678087597
0.37498288852361805
0.08435912809955486
0.1784229115683781
0.22950055724210128
0.11807075310916922
0.2016525718198879
0.3480613067663966
0.41264404950851613
0.43099875544627597
0.42294778326363375
0.36992765999259875
0.4863949277873019
0.515246838061876
0.30885059116078734
0.3484620583520741
0.2885970178368239
0.2939941124098155
0.22462607024021056
0.259511445275167
0.20991341184445694
0.16457959748767598
0.24791306980191286
0.28204974762661444
0.4478886134463751
0.5475305920120707
0.4184473555012272
0.29254997083515133
0.14156859951580178
0.22992385789998276
0.25283010821841445
0.30023736411592933
0.2508684143501104
0.21861499058717354
0.14928274829883492
0.4737389729845877
0.33955451613501364
0.1074220151409082
0.07840112560419464
0.2497344075801963
0.4004726124200515
0.2581830577508269
0.2021607250437506
0.339532630208784
0.30785240517740803
0.2551114916287339
0.21073056299182538
0.13013767257831838
0.2866981395595523
0.2652762337049408
0.14682859452052768
0.26411583042214587
0.3130114212077151
0.4180882011963608
0.3568053490622042
0.30448182767124565
0.404481089055094
0.41119153421851495
0.20677267279854336
0.3227911589586313
0.3614281381909686
0.17218408358215048
0.18455995011127319
0.271687659128745
0.20975993082057012
0.49026983795598567
0.4714255076563349
0.31573533595181474
0.16917412068929083
0.21446944343239768
0.546616372547914
0.5485372444298611
0.36783575154142356
0.13628850245758375
0.14459869251922855
0.13905220784636788
0.37863733328708526
0.4479298046623329
0.23563337289247446
0.13160973973299264
0.28209105614280716
0.40751110088437625
0.43007734366111205
0.29394409601970095
0.21277582545101775
0.20788575124243852
0.3830737034369807
0.09654630597034423
0.2639697831085999
0.20131833876120142
0.29570619337849
0.3624654602193711
0.311020805485002
0.4317276570581134
0.42769546523227775
0.15506458317837715
0.08946358025223666
0.11568243391755906
0.14054211074122802
0.13237639754700598
0.3511608149379624
0.36612166227322035
0.3161493669866186
0.2328882723064214
0.1164926880221519
0.35740764037884476
0.44566703965983545
0.13203332032246215
0.3389038425402403
0.22608040802385362
0.1517982822737789
0.32391922850257504
0.37806907688603364
0.29842739239099864
0.4670590848713886
0.38156837191281945
0.3478160365277427
0.26520681857547534
0.21306730435982746
0.2856514316143939
0.23842229531501735
0.29897057062957383
0.3476190941233855
0.20266180365987346
0.24054754126040861
0.23329503846840421
0.2445685456540202
0.2757351361324426
0.6209138105764548
0.5088929355399412
0.24456503075771205
0.23543359096848435
0.3863606790415306
0.42117108595186487
0.33832561942133665
0.288655559885369
0.4950499806001138
0.4584364009104771
0.28527415722051785
0.23556567652627408
0.27310566050001334
0.2701695218153693
0.4107160390341531
0.3511988053967444
0.3417935992383954
0.5365078042564448
0.3760512648449446
0.1184221825266558
0.23967133106703212
0.27321611283821085
0.23776106677288433
0.125596324423445
0.15120405170898263
0.2091744156015783
0.4101254760898994
0.3794805470541206
0.3828509755945331
0.36558804011403895
0.39893744867645087
0.4397175659557248
0.4311213239599003
0.18641113044946206
0.3337160838952259
0.2596599353127185
0.3017333668819856
0.46290452313066455
0.3624673520067734
0.2849828776571468
0.28504678183923965
0.03528234209114552
0.2114825271328917
0.1998587772397876
0.1795370565760353
0.2369520943592392
0.2880495825058061
0.2731959464272757
0.4044551682209115
0.6541560483771105
0.6464585014098432
0.3308234800165963
0.3556723590086022
0.315625703380582
0.2590643778870509
0.3561420495128695
0.37177453672545774
0.26809660461370155
0.26347774949918035
0.39147368403218036
0.3543404617737139
0.27857376650868193
0.4038656237922584
0.37673323834391437
0.30537531883650837
0.2957000182916851
0.3251489432603386
0.1961338589958518
0.23329229033622384
0.392803995561656
0.5889112666655664
0.5830336074077185
0.4368219816771216
0.507697362988115
0.4139871260638428
0.2721905957787331
0.26327466514167
0.249438312016229
0.03233467552570842
0.12494670299720917
0.22992783304076445
0.2695128017099233
0.39781490940584746
0.3427793526842195
0.2840708413906011
0.24490390098051654
0.30489967211526003
0.10479237254578734
0.11371295288303117
0.22627719667680835
0.2206346273681239
0.3463234218139219
0.3612787369879052
0.20550229255921545
0.26542155650832855
0.16694498076744957
0.18055886898432835
0.28217508269038877
0.15085092925470242
0.21394346155519245
0.38764430409506173
0.4070585801332447
0.4405951267365801
0.356549168645689
0.41636596550154426
0.37626737003085825
0.2911159250972451
0.2520649448657756
0.2588418346329861
0.3295958812243846
0.39219011673423504
0.33939862162860607
0.2913637444258145
0.4052335805969909
0.25110720432733474
0.3014491471110552
0.3266364699410152
0.081340192783765
0.18220651269093438
0.3717796639013606
0.3678445327668839
0.3253684701415936
0.11735258412423916
0.32986218004035633
0.3389602656792962
0.2871735416242431
0.3314346426836096
0.20254098090460168
0.2989176156395571
0.1951095228257996
0.202902807889473
0.13539237969107684
0.14849636583112372
0.2433365558173347
0.13263767472263657
0.16133666250829834
0.35842943718482023
0.42826061394517
0.428342872307941
0.21914263282956595
0.23174346652432093
0.10723764707749527
0.23435576335823358
0.2620256832341916
0.31665881182897965
0.2771936807875981
0.22192330951693842
0.2332802828882329
0.246852317499237
0.26849023323494486
0.17985601324092773
0.44745803893437197
0.4603409834259652
0.3888388399904668
0.3835619240293212
0.2701513534730692
0.2804127025981203
0.2381549722217762
0.31751566640937595
0.30106199494639485
0.3543364246516048
0.4262081384690622
0.40715040711881006
0.1992476575113488
0.2694719780756301
0.2757186422469597
0.40924058685492143
