0.6443647787767481
0.6873440381173584
0.7313241987552815
0.7062515087389062
0.67961620877013
0.7674502740473638
0.7148040449243909
0.6373618334387525
0.6953625199129113
0.684486264584786
0.6035126244988505
0.6343864078982497
0.6630255228917821
0.7052480668120724
0.769494549178502
0.7572159447546485
0.7182551838200714
0.6977742452391469
0.7334639819286917
0.6927846501033333
0.6676355135213644
0.6304731351238685
0.707516023735687
0.7262734371554161
0.7276748223668568
0.7159238317239632
0.6081055811674415
0.8124143463058641
0.7739849911911304
0.6491719582361498
0.7083618984595572
0.7316252310108788
0.667264546493983
0.7015472774390519
0.7269924669897391
0.750220971749944
0.6773021561015733
0.7560040034701857
0.7440172276548334
0.6849098900817229
0.7175876137139916
0.774437970807353
0.7915080463300322
0.7622378989806898
0.7922953444204559
0.7890667262114125
0.7352982957234578
0.6877410111043964
0.6598670553684353
0.7214844576243276
0.7018966103487888
0.7171665853095025
0.7268189702592518
0.7114148801751344
0.738259843072053
0.6960203156427247
0.6967767578635575
0.7033379553702187
0.7625130300226203
0.7824410741200996
0.7564990015922494
0.6365117616316034
0.6343924336798479
0.7130684280144353
0.7366964815454029
0.7402288516396108
0.7354210793454842
0.7414272293359806
0.7131900656269352
0.6494908562936009
0.6983097457196377
0.7457444959684147
0.7511674783351413
0.6854774994169436
0.7027374029741037
0.7253455774652207
0.703505953941334
0.6125816679825943
0.6781971456473852
0.7531346228043757
0.7647753351685277
0.761916752749227
0.7690644023024693
0.6399137778908247
0.7402470994591274
0.7667015730991801
0.6679369602415921
0.6487479352661752
0.6693560044680883
0.7030801175448763
0.7924437573187509
0.7766937114757965
0.8290569211707909
0.8035452191489867
0.6824401056423778
0.7485885657517499
0.6034646586620601
0.6560747045624871
0.736521859497005
0.7574115909568506
0.6870993761695012
0.64481183459205
0.6939826069074964
0.6464997032259796
0.6461837849574511
0.7457116696565471
0.7589233843343026
0.6575112918914385
0.6512061834837054
0.6751860194745961
0.7328033829573941
0.7379658077775791
0.6890276917742811
0.6367619244458614
0.6031239906878023
0.7677970031378754
0.7369661058149616
0.6470442908788239
0.6021630638668743
0.7141472449007105
0.7304309570549499
0.6743632425087186
0.6997765319988727
0.7421214309748179
0.7676888852679221
0.7199216529737942
0.6216288482997002
0.679156708407853
0.6693912986846227
0.6993828503603859
0.6428649083113729
0.6436542741498403
0.6550589123289833
0.6808563217625041
0.7290433906210327
0.6992829753430859
0.7416605434337119
0.7034507159214645
0.6619931375175443
0.7411334583868637
0.7386116925750773
0.7009338579145984
0.6565587575364417
0.7775389270276004
0.8126123935250834
0.6807309295478384
0.6930192589915224
0.6389147869810465
0.7333230988964669
0.7058013464198559
0.7145356039581534
0.81866416921618
0.8341327314669219
0.6185471483138636
0.650671580038256
0.6922038641379972
0.6461124573377389
0.5898734166789565
0.6402425942433689
0.590149148113534
0.5863470360092755
0.7370954812592888
0.7288603341754821
0.6365627761493354
0.6074679478207974
0.6232169945440995
0.7176058809773107
0.7426867917290655
0.7274718021665976
0.6792426788691298
0.7295372427962918
0.7760452369532385
0.6964244337238638
0.6787642627600677
0.755240380529557
0.8145620540588739
0.675259368730357
0.6741079285635129
0.6518649756662835
0.6542329402841655
0.6096595075151616
0.6185433629962155
0.6386941417917635
0.6758233445282174
0.6878326557994592
0.7610242362788768
0.6916131424464538
0.7082031040382348
0.7023147075627502
0.7781493113588837
0.7035045709594603
0.6364140490023892
0.6518022262902922
0.6427589287305644
0.6896073110003763
0.6806944635705721
0.7089523474844295
0.6415725222865177
0.5742425813309836
0.6483078768133239
0.7400770361570258
0.7200299318953398
0.6815328059895921
0.707431588614761
0.6751200324880452
0.6540857250081784
0.7185025093916202
0.761628281526516
0.6435759948163791
0.6217144429938269
0.6875856848352261
0.6433656944035185
0.6833815662970889
0.650881203335347
0.762705286831822
0.8658068386804267
0.7196964788815893
0.7440069384084145
0.7985330394821022
0.7851331209938694
0.753858159310334
0.751168149823646
0.6695504542847619
0.7416489120870682
0.7341723286682859
0.690274700005519
0.7595275066194336
0.8089058091057135
0.7683431196458184
0.6834842051800797
0.6818580041734214
0.7684852118283222
0.7584909432714929
0.7513473760179326
0.6822162709416204
0.6961526098426639
0.7056448350713409
0.6500507888398616
0.6498855187791144
0.7290990830183379
0.7347548517537444
0.6817594720264698
0.6999801130594683
0.7008725599327924
0.6240653824274816
0.744326439891052
0.7564904923771774
0.6901852983745043
0.7042784415170285
0.699161537888471
0.6868417177717048
0.7214059665641492
0.6521860709832522
0.6018016787891933
0.6663497008235243
0.7209839048535148
0.732146028009505
0.7049675205091084
0.6883620648301338
0.67074921939577
0.7545512052847226
0.7225383490278312
0.7595021296395973
0.7105781524503189
0.7172831690422948
0.7205260907798047
0.7927959919890495
0.763482480203821
0.646973790785205
0.7589543623423294
0.7946968293092479
0.8094432246420208
0.7702227012814311
0.6266886318566154
0.6923986104475768
0.7178028323829312
0.6949961275788972
0.7794780970706352
0.7578259526748411
0.6805675892879546
0.6598409004899664
0.715902135538276
0.585743759199301
0.7000158501878434
0.7282897622729989
0.7449364103334511
0.7103545852454526
0.7349602864127633
0.7092685188681197
0.694355642292566
0.6671208042469476
0.7357642196689766
0.7044463072968568
0.6114815944457055
0.6982739194886473
0.6849660311825606
0.70548676400956
0.6734585081245216
0.6324565853354832
0.6117298351366002
0.7420523852399936
0.7184074167081147
0.774299019816043
0.7443050103639592
0.6856293461197371
0.6425345259334456
0.6325997770208076
0.6838918025392006
0.741575299513331
0.7657752495175526
0.7316658052259029
0.7045226407948791
0.669557881948883
0.6869898343427935
0.6320151159205909
0.575461621935214
0.6551527664374358
0.6428618960217553
0.7377601569484765
0.7293971996189362
0.7662737364505454
0.6583068165892747
0.7178442335704093
0.7599990754532405
0.7159334749831971
0.6714443812270069
0.699688825862996
0.6449200498599876
0.6387834030783471
0.645575321938781
0.6585179031773177
0.6617940622542414
0.6798714410806547
0.701641136830068
0.6032350739396588
0.6597730160637701
0.6748029558788422
0.6670007198381911
0.6398339202983537
0.7035128281414603
0.706324465660866
0.6326122096736279
0.8283473587301046
0.8502629310192873
0.7155879632047448
0.4944949861344236
0.6117772275146197
0.7087930926412845
0.6995849622351062
0.7256815269005041
0.6842160920454732
0.6800331166839075
0.6831703322717367
0.6536070875088976
0.7386588666492728
0.7277808576581764
0.6453445891855437
0.68533774357528
0.7055769874547171
0.7213746093808066
0.7096508993904138
0.6971615471679178
0.6910088391474144
0.661865163224358
0.6641464495375937
0.7194343584771034
0.6539374620365249
0.648608606011422
0.6401130034815552
0.7421955109946804
0.7589360025158444
0.7063212075758472
0.6444686494628551
0.6689024754453816
0.7668141408043826
0.7284569283631347
0.6235039304587421
0.7295455907496583
0.7251906147689524
0.6897133800484467
0.7119675978575267
0.6758324200296121
0.6955720628377655
0.6355435983749957
0.6736432178999784
0.7190197002929554
0.638859486515082
0.6157170148110153
0.7014381409259055
0.6845827657334101
0.7033980303572624
0.7795860588484571
0.8088777522461738
0.7217932228009475
0.6628272297268103
0.7329661675538726
0.7029869894923896
0.6978803823250306
0.6860244048349464
0.7113767554536932
0.7413918018462218
0.8060866451418297
0.6376547006824408
0.6996656527498997
0.6961236628840304
0.6990153864020108
0.6631541764848115
0.6964719744020199
0.6330276675958588
0.6311213663323033
0.8063170383633663
0.834695945986494
0.6944897064264978
0.7468279390205047
0.8086292844036683
0.673737988493189
0.6779453402023797
0.652526800511457
0.6433291626563008
0.682075284092998
0.9909498879466343
1.0
0.7566382537210445
0.7163864703500714
0.697783011777745
0.6850339873838054
0.6943242805423184
0.6909921774393587
0.6877800835448765
0.747944949761338
0.7326237124758921
0.6326564536072865
0.6515648004106271
0.7146302530189805
0.8101990335913358
0.8467036987279669
0.785427930285638
0.6369827495746943
0.6383303106802767
0.7012281812307786
0.8038331722852098
0.799763494312614
0.8138339221049077
0.7873803028604774
0.7585461906138514
0.6511532790763617
0.6672135700291859
0.6673570546611747
0.7483733300922086
0.7469262354208621
0.7304201308778748
0.7588209710612895
0.7339560254215443
0.6747712462478248
0.608470248838059
0.5534144927976324
0.6567220027523977
0.6966085799706188
0.6326461459157178
0.6123575644289047
0.7141110689791244
0.7023084040151871
0.6892004559703938
0.6508828670620337
0.6744132399311732
0.7042024038372967
0.7405378864297394
0.7666817832436565
0.71927105924079
0.7592496129874305
0.7306057927565428
0.7048371811123813
0.7595098330708145
0.6693079543234279
0.7248446862987472
0.609441052443894
0.7429358292575666
0.7998808369180951
0.6872303899344584
0.6851772075589119
0.688001693790805
0.7716607112826488
0.6453817192440714
0.6335838635695689
0.7025111910496581
0.6393754486486349
0.6950976813983427
0.7756391986405379
0.7941240822082468
0.6360922413983134
0.6671545580931403
0.7059962179084186
0.689523411125271
0.6821059377978032
0.675526414844022
0.8459899846310673
0.8279155913688123
0.694733864252028
0.7459695234781142
0.8435267531128058
0.8478576240007741
0.6669192066606604
0.6566912808552661
0.6961378900995172
0.7421185354229669
0.6102266585495797
0.7228053878277148
0.8142586908097716
0.6198743358858173
0.6851497590837343
0.6926219778484003
0.7869134939069576
0.817233638321568
0.8396390615865653
0.7405158088105619
0.5960403185959487
0.6443320836461581
0.7005606695339187
0.7135003347820235
0.7143166582816032
0.7457133932700681
0.7811129866587494
0.7609815865285748
0.6935774516966082
0.6794739344768308
0.7075827547564495
0.6719943193972387
0.7442192602121843
0.6645634672460536
0.6886513822076569
0.6289996267364868
0.6688143623054599
0.6814823664439881
0.7079549333519397
0.7637172774089367
0.6353747560637143
0.6573868485011091
0.6132948375748881
0.027964324928481735
0.0
0.0
0.03528543711727782
0.03528543711727782
0.026039762104575606
0.0250531757208436
0.03966511868217698
0.03810715550104083
0.0
0.0
0.029309046129025785
0.029309046129025785
0.02933389978499046
0.02875081497946804
0.027182868282131636
0.051830403340893644
0.024613538469572097
0.02641770040391107
0.027887637600475537
0.0
0.02646682126110809
0.02646682126110809
0.0
0.0
0.03143715978446897
0.03143715978446897
0.03133563439868904
0.03362752882967948
0.030801093895953435
0.0
0.03614716313620513
0.03614716313620513
0.0272179735234694
0.0
0.0272179735234694
0.0
0.0
0.0
0.0
0.0
0.0
0.0
0.026373013916969064
0.028674510234480314
0.02877333603134256
0.0
0.0
0.0
0.0
0.0
0.02655716380705888
0.02655716380705888
0.0
0.0
0.0
0.0
0.0
0.023488973817593246
0.0
0.023488973817593246
0.04024497973613806
0.06446943355198156
0.023856595379649848
0.0
0.025751687058500967
0.02841967429481298
0.0
0.02841967429481298
0.030800280309122567
0.017808564689420277
0.03292835801811364
0.0
0.03865514017845344
0.03607238960519486
0.03323609510617005
0.03105372900490806
0.029071897436015105
0.03278132039793506
0.034678998681636035
0.02505913505453774
0.034452558273073614
0.03126218008895379
0.033755456300326045
0.04134349527650719
0.026684925396795175
0.0343299318688671
0.04049288977890911
0.04383010281264946
0.04370190937616095
0.035057465845601696
0.01671867023610253
0.030748090498156477
0.03476401632899084
0.03964307079429689
0.023400156663872577
0.022089469814358585
0.019114383843961465
0.022602799652432472
0.02257211541352972
0.018542585414171378
0.019850146571696273
0.015505960871528652
0.014961271289619108
0.026569082254141802
0.03882742691901589
0.044187510215513884
0.03411288355764261
0.024832124843111286
0.03233188858573654
0.03151578572086407
0.03616172870195089
0.023258963477985825
0.028954316461260645
0.0
0.02829368607804191
0.03060752830549502
0.030534488209876403
0.03339600908551455
0.02308705029134033
0.0
0.0
0.0
0.0
0.0
0.0
0.0
0.0
0.0
0.0
0.0
0.0
0.0
0.0
0.0
0.0
0.0
0.0
0.0
0.0
0.0
0.0
0.0
0.0
0.0
0.0
0.0
0.0
0.0
0.0
0.0
0.0
0.0
0.0
0.0
0.0
0.0
0.0
0.0
0.0
0.0
0.0
0.0
0.0
0.0
0.0
0.0
0.0
0.0
0.027019898040461704
0.015678753306925752
0.038323102316224
0.0349609579381187
0.03326889804223555
0.04145215705028425
0.0310548751158921
0.028060678048571874
0.020692998014620424
0.0311923623193095
0.03389458690341615
0.034956262336909086
0.02826338715279076
0.035196646828692425
0.03039437015137588
0.02293416151595542
0.030163133490174972
0.03217416557622696
0.03495419627237686
0.033260868564167115
0.03650224207916125
0.037242268829795866
0.03425276736368524
0.030228120610915985
0.03046285371538441
0.030615789446781425
0.018742867876257084
0.03139436708334695
0.028469383177856373
0.04135524140526357
0.044399246196205784
0.025304876654663567
0.04341805319567436
0.0380058045478701
0.033187570229285104
0.03537942991791918
0.03990171648688296
0.035894537370613454
0.03378949934834507
0.02601752805024615
0.03272655610252554
0.03674547422181907
0.03490212205496228
0.03961026051980244
0.03301261212821501
0.030437920072961377
0.03530195249796061
0.03853797302757578
0.03692555052820763
0.03991345548990699
0.03965923564041868
0.0
0.0
0.0
0.0
0.0
0.0
0.0
0.0
0.0
0.0
0.0
0.0
0.0
0.0
0.0
0.0
0.0
0.0
0.0
0.0
0.0
0.0
0.0
0.0
0.0
0.0
0.0
0.0
0.0
0.0
0.0
0.0
0.0
0.0
0.0
0.0
0.0
0.0
0.0
0.0
0.0
0.0
0.0
0.0
0.0
0.0
0.0
0.0
0.0
0.6954503439386064
0.0
0.10189893376296612
0.11808257191227363
0.1396724133599035
0.09759200755124797
0.07671782054242475
0.09032789543583149
0.0
0.09767262140374701
0.08919734554753266
0.09905532650691293
0.09905532650691293
0.07671782054242475
0.0
0.16319710883217278
0.10376515558232209
0.08900536238289825
0.12064605703792725
0.09975405711008527
0.12025595993566762
0.11238079171923777
0.12154906144780134
0.11376507941904174
0.11221555242506959
0.10336834598328982
0.08195180056487246
0.06847907958480111
0.09328844343044283
0.07359786182779235
0.10604172889483841
0.11033083056807116
0.07507526220252278
0.08885397460342892
0.0934564403226506
0.10269226033718551
0.09233718579006181
0.10313349845144217
0.1151249787468039
0.11495325531246624
0.111120209803037
0.10938058642013258
0.10893218161290419
0.09021035162456945
0.11294287622255017
0.10258734425179229
0.10461166066962241
0.1028253360676094
0.10970306216118582
0.12109648145348137
0.09052033906190081
0.11371186402861003
0.11438913844944287
0.10452873808681454
0.10923806853973242
0.06981678752234455
0.10921751081771837
0.1088169775887192
0.09193639401972964
0.09646325353933437
0.10680347825919313
0.11396722370098918
0.1258131422546129
0.11967614775185896
0.12148373914423957
0.741419550193085
0.037366444876325726
0.037366444876325726
0.0
0.03206965663246593
0.03206965663246593
0.035301586070292955
0.035301586070292955
0.0
0.03640240161000343
0.03640240161000343
0.027671597223201977
0.027671597223201977
0.035592828413778914
0.03733667009606119
0.03425791617877907
0.03431937336720036
0.0
0.0
0.0
0.0
0.0
0.04129451187929964
0.04129451187929964
0.041606693471687745
0.041606693471687745
0.03324176853927929
0.03324176853927929
0.04067153177347242
0.04067153177347242
0.0
0.03262156540110296
0.03747869374948141
0.04121199288459483
0.0
0.037011290647952645
0.03639683373673357
0.034230950800592935
0.0
0.0
0.0
0.03595628332016746
0.03595628332016746
0.038804210036671415
0.038804210036671415
0.035065820131099344
0.035065820131099344
0.03536415270003192
0.03239349894611147
0.03367311754431818
0.03595628332016746
0.04263716409683706
0.0
0.07196425549529128
0.028549442196904393
0.04116563400450735
0.029469131699513172
0.02739251286717657
0.033008078766080515
0.03305852979478478
0.03738874807019151
0.035318769377835804
0.0490392147611503
0.051461789219084654
0.05116667977407744
0.049636113550522075
0.023409181244062643
0.038195310920124625
0.035491922894355
0.05261902308159746
0.050093848723738864
0.03933024091616656
0.04547864316904589
0.05407598915189775
0.049469567977013705
0.033694193966503715
0.03144301645384583
0.03711265044775779
0.0448118814120576
0.04142611945219846
0.03356872404316191
0.038257992144096184
0.0391330873151686
0.03311743630316015
0.03990587118222064
0.04322483485267804
0.05439031881288251
0.05856317113935707
0.047340960312407414
0.03918526252279145
0.04763425775927032
0.045039407908577515
0.043623933951637335
0.03498421831499214
0.028881475862371296
0.04466932717882867
0.05716972187604521
0.04661254520738826
0.03596496000706633
0.04703788516847004
0.05351063088938706
0.031565029538824056
0.03998436923303783
0.07155431593214735
0.030868999868652817
0.022789804700295013
0.02010071406131878
0.03227390664850076
0.03624519393803377
0.03664730559248015
0.03994363749069756
0.03108411519651949
0.033677919184491506
0.027974233142524615
0.020104092315890356
0.030505390380279572
0.027459744843358974
0.02916183866507721
0.03031342603227107
0.02467467203037849
0.033179924716469446
0.03454513700510134
0.02659799184632081
0.033280129708688176
0.035737412467797
0.033115340437895165
0.035990135717879616
0.03630654900267934
0.03714674078671656
0.037458335090730356
0.0367071205704828
0.032593996269157786
0.030251077363339738
0.028647698127411587
0.030459585222706118
0.03504670844855213
0.036829383577845355
0.03827463069169508
0.031452146223964354
0.03351496808162715
0.02661249846889288
0.025757800062283603
0.037225036804434314
0.03907011028287317
0.029814040518248954
0.03229248704864444
0.03606962406074028
0.040362938499287564
0.038214666673049576
0.03828203304362398
0.03349777872748353
0.034599586519960895
0.03880755035036154
0.058523789233306145
0.04327405001591649
0.017353596932054256
0.044238672494089644
0.03346121010801271
0.03874500679063395
0.05176479115499323
0.052392622471327345
0.034569866259784095
0.030841205736802237
0.03558601773622137
0.03731267270243819
0.04595057156067788
0.04285464964689792
0.04734022007044315
0.048429344710563475
0.047732480877973986
0.04245203588215271
0.03724357276951794
0.05804317040049179
0.05742560215133978
0.052199695419450895
0.039422690763674495
0.04198276135453949
0.04933063601120664
0.044522918411954465
0.044629338118847665
0.03238222887651036
0.044476731445930805
0.042222976894193326
0.05017287360966516
0.03834462110483448
0.04420833612581502
0.043345043042133914
0.0428611170755771
0.04330875112766244
0.04248200878655653
0.0507594985624406
0.04435712836760731
0.039451853049461506
0.0489665580096686
0.04607962512244614
0.04157818546071253
0.04499382999392122
0.04469216822075256
0.04829247029023458
0.05421245897093771
0.05375076836177752
0.04013397906623654
0.03473999862837202
