0.6443647787767481
0.6873440381173584
0.7313241987552815
0.7062515087389062
0.67961620877013
0.7674502740473638
0.7148040449243909
0.6373618334387525
0.6953625199129113
0.684486264584786
0.6035126244988505
0.6343864078982497
0.6630255228917821
0.7052480668120724
0.769494549178502
0.7572159447546485
0.7182551838200714
0.6977742452391469
0.7334639819286917
0.6927846501033333
0.6676355135213644
0.6304731351238685
0.707516023735687
0.7262734371554161
0.7276748223668568
0.7159238317239632
0.6081055811674415
0.8124143463058641
0.7739849911911304
0.6491719582361498
0.7083618984595572
0.7316252310108788
0.667264546493983
0.7015472774390519
0.7269924669897391
0.750220971749944
0.6773021561015733
0.7560040034701857
0.7440172276548334
0.6849098900817229
0.7175876137139916
0.774437970807353
0.7915080463300322
0.7622378989806898
0.7922953444204559
0.7890667262114125
0.7352982957234578
0.6877410111043964
0.6598670553684353
0.7214844576243276
0.7018966103487888
0.7171665853095025
0.7268189702592518
0.7114148801751344
0.738259843072053
0.6960203156427247
0.6967767578635575
0.7033379553702187
0.7625130300226203
0.7824410741200996
0.7564990015922494
0.6365117616316034
0.6343924336798479
0.7130684280144353
0.7366964815454029
0.7402288516396108
0.7354210793454842
0.7414272293359806
0.7131900656269352
0.6494908562936009
0.6983097457196377
0.7457444959684147
0.7511674783351413
0.6854774994169436
0.7027374029741037
0.7253455774652207
0.703505953941334
0.6125816679825943
0.6781971456473852
0.7531346228043757
0.7647753351685277
0.761916752749227
0.7690644023024693
0.6399137778908247
0.7402470994591274
0.7667015730991801
0.6679369602415921
0.6487479352661752
0.6693560044680883
0.7030801175448763
0.7924437573187509
0.7766937114757965
0.8290569211707909
0.8035452191489867
0.6824401056423778
0.7485885657517499
0.6034646586620601
0.6560747045624871
0.736521859497005
0.7574115909568506
0.6870993761695012
0.64481183459205
0.6939826069074964
0.6464997032259796
0.6461837849574511
0.7457116696565471
0.7589233843343026
0.6575112918914385
0.6512061834837054
0.6751860194745961
0.7328033829573941
0.7379658077775791
0.6890276917742811
0.6367619244458614
0.6031239906878023
0.7677970031378754
0.7369661058149616
0.6470442908788239
0.6021630638668743
0.7141472449007105
0.7304309570549499
0.6743632425087186
0.6997765319988727
0.7421214309748179
0.7676888852679221
0.7199216529737942
0.6216288482997002
0.679156708407853
0.6693912986846227
0.6993828503603859
0.6428649083113729
0.6436542741498403
0.6550589123289833
0.6808563217625041
0.7290433906210327
0.6992829753430859
0.7416605434337119
0.7034507159214645
0.6619931375175443
0.7411334583868637
0.7386116925750773
0.7009338579145984
0.6565587575364417
0.7775389270276004
0.8126123935250834
0.6807309295478384
0.6930192589915224
0.6389147869810465
0.7333230988964669
0.7058013464198559
0.7145356039581534
0.81866416921618
0.8341327314669219
0.6185471483138636
0.650671580038256
0.6922038641379972
0.6461124573377389
0.5898734166789565
0.6402425942433689
0.590149148113534
0.5863470360092755
0.7370954812592888
0.7288603341754821
0.6365627761493354
0.6074679478207974
0.6232169945440995
0.7176058809773107
0.7426867917290655
0.7274718021665976
0.6792426788691298
0.7295372427962918
0.7760452369532385
0.6964244337238638
0.6787642627600677
0.755240380529557
0.8145620540588739
0.675259368730357
0.6741079285635129
0.6518649756662835
0.6542329402841655
0.6096595075151616
0.6185433629962155
0.6386941417917635
0.6758233445282174
0.6878326557994592
0.7610242362788768
0.6916131424464538
0.7082031040382348
0.7023147075627502
0.7781493113588837
0.7035045709594603
0.6364140490023892
0.6518022262902922
0.6427589287305644
0.6896073110003763
0.6806944635705721
0.7089523474844295
0.6415725222865177
0.5742425813309836
0.6483078768133239
0.7400770361570258
0.7200299318953398
0.6815328059895921
0.707431588614761
0.6751200324880452
0.6540857250081784
0.7185025093916202
0.761628281526516
0.6435759948163791
0.6217144429938269
0.6875856848352261
0.6433656944035185
0.6833815662970889
0.650881203335347
0.762705286831822
0.8658068386804267
0.7196964788815893
0.7440069384084145
0.7985330394821022
0.7851331209938694
0.753858159310334
0.751168149823646
0.6695504542847619
0.7416489120870682
0.7341723286682859
0.690274700005519
0.7595275066194336
0.8089058091057135
0.7683431196458184
0.6834842051800797
0.6818580041734214
0.7684852118283222
0.7584909432714929
0.7513473760179326
0.6822162709416204
0.6961526098426639
0.7056448350713409
0.6500507888398616
0.6498855187791144
0.7290990830183379
0.7347548517537444
0.6817594720264698
0.6999801130594683
0.7008725599327924
0.6240653824274816
0.744326439891052
0.7564904923771774
0.6901852983745043
0.7042784415170285
0.699161537888471
0.6868417177717048
0.7214059665641492
0.6521860709832522
0.6018016787891933
0.6663497008235243
0.7209839048535148
0.732146028009505
0.7049675205091084
0.6883620648301338
0.67074921939577
0.7545512052847226
0.7225383490278312
0.7595021296395973
0.7105781524503189
0.7172831690422948
0.7205260907798047
0.7927959919890495
0.763482480203821
0.646973790785205
0.7589543623423294
0.7946968293092479
0.8094432246420208
0.7702227012814311
0.6266886318566154
0.6923986104475768
0.7178028323829312
0.6949961275788972
0.7794780970706352
0.7578259526748411
0.6805675892879546
0.6598409004899664
0.715902135538276
0.585743759199301
0.7000158501878434
0.7282897622729989
0.7449364103334511
0.7103545852454526
0.7349602864127633
0.7092685188681197
0.694355642292566
0.6671208042469476
0.7357642196689766
0.7044463072968568
0.6114815944457055
0.6982739194886473
0.6849660311825606
0.70548676400956
0.6734585081245216
0.6324565853354832
0.6117298351366002
0.7420523852399936
0.7184074167081147
0.774299019816043
0.7443050103639592
0.6856293461197371
0.6425345259334456
0.6325997770208076
0.6838918025392006
0.741575299513331
0.7657752495175526
0.7316658052259029
0.7045226407948791
0.669557881948883
0.6869898343427935
0.6320151159205909
0.575461621935214
0.6551527664374358
0.6428618960217553
0.7377601569484765
0.7293971996189362
0.7662737364505454
0.6583068165892747
0.7178442335704093
0.7599990754532405
0.7159334749831971
0.6714443812270069
0.699688825862996
0.6449200498599876
0.6387834030783471
0.645575321938781
0.6585179031773177
0.6617940622542414
0.6798714410806547
0.701641136830068
0.6032350739396588
0.6597730160637701
0.6748029558788422
0.6670007198381911
0.6398339202983537
0.7035128281414603
0.706324465660866
0.6326122096736279
0.8283473587301046
0.8502629310192873
0.7155879632047448
0.4944949861344236
0.6117772275146197
0.7087930926412845
0.6995849622351062
0.7256815269005041
0.6842160920454732
0.6800331166839075
0.6831703322717367
0.6536070875088976
0.7386588666492728
0.7277808576581764
0.6453445891855437
0.68533774357528
0.7055769874547171
0.7213746093808066
0.7096508993904138
0.6971615471679178
0.6910088391474144
0.661865163224358
0.6641464495375937
0.7194343584771034
0.6539374620365249
0.648608606011422
0.6401130034815552
0.7421955109946804
0.7589360025158444
0.7063212075758472
0.6444686494628551
0.6689024754453816
0.7668141408043826
0.7284569283631347
0.6235039304587421
0.7295455907496583
0.7251906147689524
0.6897133800484467
0.7119675978575267
0.6758324200296121
0.6955720628377655
0.6355435983749957
0.6736432178999784
0.7190197002929554
0.638859486515082
0.6157170148110153
0.7014381409259055
0.6845827657334101
0.7033980303572624
0.7795860588484571
0.8088777522461738
0.7217932228009475
0.6628272297268103
0.7329661675538726
0.7029869894923896
0.6978803823250306
0.6860244048349464
0.7113767554536932
0.7413918018462218
0.8060866451418297
0.6376547006824408
0.6996656527498997
0.6961236628840304
0.6990153864020108
0.6631541764848115
0.6964719744020199
0.6330276675958588
0.6311213663323033
0.8063170383633663
0.834695945986494
0.6944897064264978
0.7468279390205047
0.8086292844036683
0.673737988493189
0.6779453402023797
0.652526800511457
0.6433291626563008
0.682075284092998
0.9909498879466343
1.0
0.7566382537210445
0.7163864703500714
0.697783011777745
0.6850339873838054
0.6943242805423184
0.6909921774393587
0.6877800835448765
0.747944949761338
0.7326237124758921
0.6326564536072865
0.6515648004106271
0.7146302530189805
0.8101990335913358
0.8467036987279669
0.785427930285638
0.6369827495746943
0.6383303106802767
0.7012281812307786
0.8038331722852098
0.799763494312614
0.8138339221049077
0.7873803028604774
0.7585461906138514
0.6511532790763617
0.6672135700291859
0.6673570546611747
0.7483733300922086
0.7469262354208621
0.7304201308778748
0.7588209710612895
0.7339560254215443
0.6747712462478248
0.608470248838059
0.5534144927976324
0.6567220027523977
0.6966085799706188
0.6326461459157178
0.6123575644289047
0.7141110689791244
0.7023084040151871
0.6892004559703938
0.6508828670620337
0.6744132399311732
0.7042024038372967
0.7405378864297394
0.7666817832436565
0.71927105924079
0.7592496129874305
0.7306057927565428
0.7048371811123813
0.7595098330708145
0.6693079543234279
0.7248446862987472
0.609441052443894
0.7429358292575666
0.7998808369180951
0.6872303899344584
0.6851772075589119
0.688001693790805
0.7716607112826488
0.6453817192440714
0.6335838635695689
0.7025111910496581
0.6393754486486349
0.6950976813983427
0.7756391986405379
0.7941240822082468
0.6360922413983134
0.6671545580931403
0.7059962179084186
0.689523411125271
0.6821059377978032
0.675526414844022
0.8459899846310673
0.8279155913688123
0.694733864252028
0.7459695234781142
0.8435267531128058
0.8478576240007741
0.6669192066606604
0.6566912808552661
0.6961378900995172
0.7421185354229669
0.6102266585495797
0.7228053878277148
0.8142586908097716
0.6198743358858173
0.6851497590837343
0.6926219778484003
0.7869134939069576
0.817233638321568
0.8396390615865653
0.7405158088105619
0.5960403185959487
0.6443320836461581
0.7005606695339187
0.7135003347820235
0.7143166582816032
0.7457133932700681
0.7811129866587494
0.7609815865285748
0.6935774516966082
0.6794739344768308
0.7075827547564495
0.6719943193972387
0.7442192602121843
0.6645634672460536
0.6886513822076569
0.6289996267364868
0.6688143623054599
0.6814823664439881
0.7079549333519397
0.7637172774089367
0.6353747560637143
0.6573868485011091
0.7216557259306189
0.7365606591481288
0.6465076261953803
0.6809397508966345
0.7167781351826228
0.6570009496941215
0.7053334003244035
0.7503096246342001
0.6926151006208475
0.6953687727123544
0.6893294206674792
0.711163374201682
0.7390879165490206
0.7274487590191755
0.7028063757026408
0.6169285110662476
0.7045136108842462
0.6368338901974703
0.6961147992093749
0.7082275244579366
0.7006018072481606
0.7635781304475235
0.7026650915549021
0.6604571619531318
0.6511348809510692
0.6846796357051917
0.681597619748827
0.7046618310786591
0.7426408939716576
0.7064761664568042
0.7555204201981875
0.7646360675208831
0.7034522547019142
0.7579599143256764
0.7670731618122615
0.7194195936932672
0.7365014962072809
0.6384899219419155
0.6510096200503107
0.6436771134362681
0.7195661962401552
0.6823745068374708
0.6935378215174749
0.7162682905623426
0.7371340755527034
0.7328459374804136
0.7164980740363205
0.7293730643922204
0.7296302035253552
0.7168851156314635
0.7013653057827425
0.7329354594183117
0.7347037262862154
0.662708339492343
0.6793871814336665
0.6519734119597783
0.5896222314138413
0.593754924892538
0.6564420458102838
0.8248570560575803
0.8772592071975696
0.7290825185483609
0.6825146695597184
0.800794836933649
0.7991490883375102
0.7850312931934439
0.7281507036404185
0.7574832181469032
0.7269360925880783
0.6685565913129027
0.6562389698025328
0.708731813738659
0.7557435808301806
0.7469711426805417
0.6630790943540968
0.6750115159621751
0.6584671067907524
0.6789588854407763
0.7341582778912557
0.7235081333243938
0.6720811390267096
0.7164172995551678
0.7560541962099343
0.6753344614995579
0.6806102308279661
0.6173359724481905
0.6804425004695751
0.6135321318398013
0.6780324413811485
0.6704413250087233
0.6951470031607498
0.5604106088031139
0.6784051003468382
0.6860121426850813
0.7158327724926131
0.7534926982097284
0.6815663034512245
0.607569627926353
0.5912521112802961
0.7234126894115149
0.6773516443693685
0.7563672774326613
0.7906758841990795
0.7076625798143242
0.607490262933442
0.6103493610052131
0.7072604364660756
0.7407053691891444
0.5834723625849801
0.6530195626646251
0.6782783575704592
0.6592968523629075
0.753000408399916
0.7308650018430035
0.6959291181048789
0.7274652780387745
0.7067931985812348
0.6007337230463891
0.597232206672797
0.594350038401887
0.7802654455982974
0.8415388966470906
0.7483345121779115
0.6618211523886222
0.7594840862586991
0.7505605001703208
0.7377409419804876
0.6618485977603635
0.6920438240768251
0.7153684387392336
0.6688108697148439
0.6353480749570708
0.643711843227486
0.764347681049838
0.7535216071212623
0.7334145499486581
0.7668034048863392
0.669829447073584
0.642025436365413
0.6783565914519224
0.7082609637230771
0.6551286647145927
0.6774390708357576
0.7288007853372973
0.6998661473652871
0.7841735637727951
0.7858667515849538
0.7364833668736646
0.7271105707957523
0.6201203586993714
0.6730263726949739
0.6858325326359918
0.6977070009087796
0.7239897310699916
0.724025319983693
0.7816790160517169
0.7408070941861499
0.713347762620242
0.7049723304115503
0.6592687655678119
0.6672329625243003
0.731190804233741
0.8161123838796152
0.7208027598629768
0.7465177278141831
0.6589979873776687
0.677879053495372
0.6891386832447994
0.6661612410028076
0.7250110029538546
0.7258286727704546
0.6329714116252834
0.6895766682375252
0.7305404452729191
0.7126565093710541
0.7229060653098588
0.6936121712866318
0.6542836147731749
0.7026088838030674
0.6062699036521216
0.7808048837328855
0.8096712242384776
0.816168221751892
0.7924859462017458
0.7713975789277424
0.780803245321826
0.7311455923463941
0.7096330459021515
0.6854879863396205
0.7599637034813321
0.7363001419615898
0.7308014652174378
0.694631949335797
0.6576613027192747
0.6926472092219023
0.7202961424065005
0.7591095432686275
0.7463129237826492
0.6641675161942047
0.7642669772509041
0.7835942388361185
0.6570756991711256
0.679062696144117
0.7290625623479865
0.7318902475205653
0.6531557218315652
0.6337521751923321
0.7108636006005857
0.7218245226748466
0.6651722659408634
0.7094355529073522
0.6808886490962056
0.7056157674741883
0.7069651496063327
0.7545523656469897
0.7177345557456604
0.6901046501866772
0.7265952351409483
0.7507539718553918
0.6901214397233919
0.6804671420750941
0.656164039542839
0.7496017853028564
0.8128290009394885
0.7952304239522096
0.6507926352655667
0.6964397300205302
0.6757191006842357
0.6561534259991869
0.7311655365763485
0.6884096000046079
0.592805040172209
0.6291037012729889
0.6378030331087128
0.6813904279353795
0.736094016394879
0.7339071855650596
0.6555546505412488
0.7333858956818752
0.6684799330186106
0.6835086134392294
0.6177629834724654
0.762520570103123
0.744508036361967
0.6283656439565646
0.646369303015449
0.6624767030871483
0.6478974141590401
0.6992257962673843
0.6824111794512451
0.769758867304322
0.8550191637470457
0.7430533040968246
0.6989488715886973
0.7201236349243992
0.7102999741873853
0.6645772178166797
0.7021796508748934
0.7603905749631231
0.6958436653551601
0.6689733123267287
0.6927003236987352
0.6104807820722512
0.7072908114639319
0.7101691133032536
0.7000490364972136
0.7172134286141651
0.6528271201282136
0.7451542924866994
0.7087494657288315
0.6635859574424623
0.7542095257527726
0.7513669474660937
0.6593297430286996
0.6095768387154042
0.6912386221036053
0.7342250141192734
0.6583843350114268
0.6749897464761315
0.702774186430067
0.7143392189667079
0.6452601382693144
0.7844127225161295
0.790753299763913
0.6371737128192129
0.7111770838252316
0.6885583851522777
0.718202327264055
0.7194672756499869
0.654534534770164
0.6988036780368054
0.690226351041764
0.592536549635774
0.6985243034415966
0.6482845875111893
0.6387978739760043
0.7772983265590858
0.7665543397665244
0.761653487698763
0.7535775055048408
0.671668473022267
0.6422971019418907
0.6221383221303193
0.7268332723537564
0.7004355599449164
0.6639290498675414
0.7557542557620055
0.719652300237676
0.6491063566198049
0.6975028708406664
0.6930334336365529
0.6826921014781564
0.7114250051503527
0.6883319686043327
0.595613025780124
0.5986297025583398
0.6303826735596227
0.6124089895588254
0.74825103760115
0.7067155561102966
0.6487546311880034
0.6615957613118103
0.6972091807306972
0.7621890997902747
0.7020270122346608
0.7363838525502645
0.6786176796823113
0.7106306513515287
0.7661040684491002
0.7104471881455445
0.7270074432345114
0.6799986888429397
0.6939502101634132
0.756828814538226
0.6555150733815281
0.725037505089067
0.7807345492333331
0.7174123395334164
0.6548525586443692
0.7096909779776435
0.7581735761416337
0.6722380918355797
0.6957806259591364
0.7058574042638819
0.7604482530198954
0.7157262735078966
0.7185640070257281
0.767750022755046
0.7506437922076695
0.7343011790616928
0.7305763499271917
0.7146802480100078
0.691983802012435
0.6046786833248632
0.6497242640836309
0.5461727807146928
0.6587944426971021
0.7516645402485359
0.7390218425246574
0.6350360475038965
0.7891243567271271
0.7806062748153232
0.7117509934657068
0.6828536304958872
0.690996124997137
0.6964957918574703
0.6520691336255637
0.6582627265672195
0.7226407711203304
0.5640703466935924
0.6219971244258693
0.681738689453751
0.730736524416835
0.7292878413851221
0.6710817751111625
0.8739076005888348
0.8815111977729531
0.76241754406233
0.8132328169704691
0.7384240881088505
0.6703517812321413
0.6830973630058228
0.6987871988313609
0.7109124370675831
0.7893370290906772
0.7147210163723073
0.6863088011234084
0.6914871593808137
0.7403019778039839
0.7282017921638172
0.6618831598584938
0.6926915974700348
0.7429743605169287
0.7126756839503366
0.8126859435889223
0.8217982259978077
0.6365310569110603
0.7456309367916866
0.7290764101220086
0.6854914597126018
0.5993042349442125
0.5723857673433278
0.591549039311123
0.7676190743530269
0.734837095019261
0.7722185992437116
0.7072037445946481
0.6390996768455584
0.66382528292444
0.6867344511990383
0.7879481277492711
0.6245221038456833
0.7119012744617014
0.6950382029999201
0.6921998498525159
0.5749249811781183
0.6204690837536608
0.7063206532568047
0.6177266745710235
0.5927126204792118
0.7428933781557849
0.7365802149120457
0.7142547076819199
0.7126081598453086
0.8102203080936214
0.799202689993752
0.6262303168257448
0.6589631858194179
0.6646594188777606
0.6718016538530963
0.6570106973641869
0.6392548929587616
0.6810087986526911
0.6956271952042283
0.6159638706019135
0.660787773626174
0.6524754614231314
0.7017889012027845
0.6524918875716961
0.6187610898881628
0.6953609903042698
0.7502983662831035
0.7152237484611816
0.736660646093306
0.663489284554325
0.7326990498225276
0.7738671139157569
0.6860638627137206
0.6684830530057039
0.6763073110059066
0.6704135287935573
0.643376901284556
0.6810168552742463
0.7140998623741381
0.6396504858788365
0.6405346156098438
0.6040682020635695
0.6156567895956573
0.6813676443508687
0.6190142826907006
0.6349097385545328
0.6789510123146341
0.7647250912282826
0.6901924057840966
0.6054832283894559
0.688160260620887
0.6797160329169563
0.6178607029447588
0.623159149129285
0.6912502321497865
0.6956217514225133
0.6875396541458503
0.7938390389353057
0.7641302463131848
0.6318925053128186
0.7056529189519437
0.7211528206029998
0.7152413661104092
0.7069144979121897
0.6528011444441207
0.6309040011118259
0.7117403840045079
0.6668853974009646
0.7489854028852645
0.6743694150115297
0.6689238897502402
0.6873104982534715
0.741561615814826
0.8006691692067192
0.7564964292945145
0.7224365839392056
0.6673296669205457
0.6586182672400592
0.6537880708107935
0.6174815512834281
0.6821170951907759
0.836608633190305
0.7700461911428986
0.6303710409219009
0.6574974435088019
0.6580292114563197
0.6372367896701358
0.745449255616257
0.6513128826517193
0.6662074954502498
0.6930524799536585
0.6895681015888611
0.7693168486339549
0.7624701963592737
0.697474212561486
0.6384652070980155
0.6898048796074141
0.700740578062878
0.6844864218977258
0.6872282193370332
0.5722829613542912
0.6038877229082644
0.7763034261441272
0.7138206788748473
0.715219678337784
0.7433966541175707
0.6194257659602743
0.6695354526853587
0.7375430203336685
0.6926906344693198
0.6812575113911982
0.6920202763609765
0.7332500206179141
0.621082071980213
0.6232575122618562
0.7317723918859047
0.7002858656094971
0.6869836980611067
0.0
0.10189893376296612
0.11808257191227363
0.1396724133599035
0.09759200755124797
0.07671782054242475
0.09032789543583149
0.0
0.09767262140374701
0.08919734554753266
0.09905532650691293
0.09905532650691293
0.07671782054242475
0.0
0.16319710883217278
0.10376515558232209
0.08900536238289825
0.12064605703792725
0.09975405711008527
0.12025595993566762
0.11238079171923777
0.12154906144780134
0.11376507941904174
0.11221555242506959
0.10336834598328982
0.08195180056487246
0.06847907958480111
0.09328844343044283
0.07359786182779235
0.10604172889483841
0.11033083056807116
0.07507526220252278
0.08885397460342892
0.0934564403226506
0.10269226033718551
0.09233718579006181
0.10313349845144217
0.1151249787468039
0.11495325531246624
0.111120209803037
0.10938058642013258
0.10893218161290419
0.09021035162456945
0.11294287622255017
0.10258734425179229
0.10461166066962241
0.1028253360676094
0.10970306216118582
0.12109648145348137
0.09052033906190081
0.11371186402861003
0.11438913844944287
0.10452873808681454
0.10923806853973242
0.06981678752234455
0.10921751081771837
0.1088169775887192
0.09193639401972964
0.09646325353933437
0.10680347825919313
0.11396722370098918
0.1258131422546129
0.11967614775185896
0.12148373914423957
0.741419550193085
0.037366444876325726
0.037366444876325726
0.0
0.03206965663246593
0.03206965663246593
0.035301586070292955
0.035301586070292955
0.0
0.03640240161000343
0.03640240161000343
0.027671597223201977
0.027671597223201977
0.035592828413778914
0.03733667009606119
0.03425791617877907
0.03431937336720036
0.0
0.0
0.0
0.0
0.0
0.04129451187929964
0.04129451187929964
0.041606693471687745
0.041606693471687745
0.03324176853927929
0.03324176853927929
0.04067153177347242
0.04067153177347242
0.0
0.03262156540110296
0.03747869374948141
0.04121199288459483
0.0
0.037011290647952645
0.03639683373673357
0.034230950800592935
0.0
0.0
0.0
0.03595628332016746
0.03595628332016746
0.038804210036671415
0.038804210036671415
0.035065820131099344
0.035065820131099344
0.03536415270003192
0.03239349894611147
0.03367311754431818
0.03595628332016746
0.04263716409683706
0.0
0.07196425549529128
0.028549442196904393
0.04116563400450735
0.029469131699513172
0.02739251286717657
0.033008078766080515
0.03305852979478478
0.03738874807019151
0.035318769377835804
0.0490392147611503
0.051461789219084654
0.05116667977407744
0.049636113550522075
0.023409181244062643
0.038195310920124625
0.035491922894355
0.05261902308159746
0.050093848723738864
0.03933024091616656
0.04547864316904589
0.05407598915189775
0.049469567977013705
0.033694193966503715
0.03144301645384583
0.03711265044775779
0.0448118814120576
0.04142611945219846
0.03356872404316191
0.038257992144096184
0.0391330873151686
0.03311743630316015
0.03990587118222064
0.04322483485267804
0.05439031881288251
0.05856317113935707
0.047340960312407414
0.03918526252279145
0.04763425775927032
0.045039407908577515
0.043623933951637335
0.03498421831499214
0.028881475862371296
0.04466932717882867
0.05716972187604521
0.04661254520738826
0.03596496000706633
0.04703788516847004
0.05351063088938706
0.031565029538824056
0.03998436923303783
0.07155431593214735
0.030868999868652817
0.022789804700295013
0.02010071406131878
0.03227390664850076
0.03624519393803377
0.03664730559248015
0.03994363749069756
0.03108411519651949
0.033677919184491506
0.027974233142524615
0.020104092315890356
0.030505390380279572
0.027459744843358974
0.02916183866507721
0.03031342603227107
0.02467467203037849
0.033179924716469446
0.03454513700510134
0.02659799184632081
0.033280129708688176
0.035737412467797
0.033115340437895165
0.035990135717879616
0.03630654900267934
0.03714674078671656
0.037458335090730356
0.0367071205704828
0.032593996269157786
0.030251077363339738
0.028647698127411587
0.030459585222706118
0.03504670844855213
0.036829383577845355
0.03827463069169508
0.031452146223964354
0.03351496808162715
0.02661249846889288
0.025757800062283603
0.037225036804434314
0.03907011028287317
0.029814040518248954
0.03229248704864444
0.03606962406074028
0.040362938499287564
0.038214666673049576
0.03828203304362398
0.03349777872748353
0.034599586519960895
0.03880755035036154
0.058523789233306145
0.04327405001591649
0.017353596932054256
0.044238672494089644
0.03346121010801271
0.03874500679063395
0.05176479115499323
0.052392622471327345
0.034569866259784095
0.030841205736802237
0.03558601773622137
0.03731267270243819
0.04595057156067788
0.04285464964689792
0.04734022007044315
0.048429344710563475
0.047732480877973986
0.04245203588215271
0.03724357276951794
0.05804317040049179
0.05742560215133978
0.052199695419450895
0.039422690763674495
0.04198276135453949
0.04933063601120664
0.044522918411954465
0.044629338118847665
0.03238222887651036
0.044476731445930805
0.042222976894193326
0.05017287360966516
0.03834462110483448
0.04420833612581502
0.043345043042133914
0.0428611170755771
0.04330875112766244
0.04248200878655653
0.0507594985624406
0.04435712836760731
0.039451853049461506
0.0489665580096686
0.04607962512244614
0.04157818546071253
0.04499382999392122
0.04469216822075256
0.04829247029023458
0.05421245897093771
0.05375076836177752
0.04013397906623654
0.03473999862837202
