0.6349091172542826
0.626865946944321
0.02725229437342873
0.0
0.669842812601465
0.669842812601465
0.6416017432516379
0.6416017432516379
0.602175565903906
0.5965213897983682
0.6677954989398938
0.6724734942390032
0.6846929328795531
0.685190370358058
0.6299895640681314
0.6258732410258931
0.6429859799439351
0.6311190057443034
0.6603801327554278
0.6682614559231183
0.6180939844587522
0.6180939844587519
0.659156925809877
0.659156925809877
0.6493178892517361
0.656630878832533
0.6120439392395045
0.6130908100382098
0.6589415681062699
0.6575582385975357
0.6834292174099066
0.68637240946454
0.6426524012814111
0.6458244944478087
0.6182985742733613
0.6137316312579648
0.6642051823543405
0.6681998346125477
0.7183658839286967
0.7203492611791655
0.6784596769530249
0.677565858919694
0.6121739528496402
0.6121739528496402
0.6622051462240817
0.6618223599246343
0.671332194236176
0.6658800424580285
0.6423312417809184
0.6423312417809184
0.6773656180723263
0.6773656180723264
0.6340233459487818
0.6303823970065878
0.5986212436325116
0.6020717902010595
0.7889942803223234
0.7855443151192741
0.6065246045526187
0.607967504785973
0.6443009266736459
0.6442012477931175
0.7234034292234558
0.7234034292234558
0.5908930889387444
0.5967916363393838
0.6369812075945579
0.6445520466755825
0.7130898991580661
0.7128089468215433
0.6426769349988313
0.6426769349988313
0.7431953140265065
0.7422559968376624
0.7008044518068066
0.7008044518068066
0.6691351125932816
0.6691351125932816
0.678138852039544
0.6781388520395445
0.7160973073740169
0.7160973073740169
0.6421108308736273
0.6421108308736271
0.7368503044691715
0.7368503044691715
0.6717187797324792
0.6717187797324792
0.7054196484782268
0.7054414376277427
0.7373882201821165
0.7367380278368864
0.7161339096258282
0.7159147881640106
0.6516145378603035
0.6516145378603032
0.6410124959613591
0.6410124959613592
0.610806004420033
0.610806004420033
0.6897140482522282
0.6897140482522282
0.6086103293294463
0.6086103293294463
0.7035771333018448
0.7049754951317272
0.6996346133684437
0.6968535222238134
0.6581002136754331
0.6581002136754331
0.6665385597678771
0.6665385597678771
0.6663469105800914
0.6663469105800914
0.6587095370519741
0.6587095370519741
0.6640246997079091
0.6640246997079091
0.7293667046947863
0.7359332840255947
0.669798523431145
0.6697985234311451
0.674944695226642
0.6701496496773958
0.6424295183637105
0.6512000072179236
0.6546728188896109
0.6488938645918355
0.6844794008544315
0.6861868121364563
0.6309322077890002
0.6309322077890002
0.7358684910063544
0.7326669043290294
0.6960443778214502
0.697028441759963
0.6860800670212579
0.6860800670212579
0.684874524352167
0.6843107093181368
0.6649493435768902
0.6673207038372012
0.6415569771811321
0.6418551041475204
0.7101177218538686
0.708391908188471
0.6348643311382285
0.6348643311382279
0.6803555310492658
0.6882114111242509
0.6808691461839171
0.6712706877678312
0.705792873455783
0.7100398542092663
0.6204614146562021
0.6190773951699171
0.6040339870573838
0.6038801425398496
0.6594692117110704
0.664636469616419
0.7576987287947964
0.7533324222957234
0.7061088785096643
0.7064919856856471
0.7852478670056697
0.7865749895175373
0.6423787537514359
0.6389242144572072
0.636200124304193
0.6306381076461106
0.6856654056454982
0.6961066051525524
0.6692818635963431
0.6630679935067141
0.5907213016712173
0.5860939595631213
0.6617246430540368
0.669261603779464
0.6547866883781794
0.6509989266520041
0.6752115955133784
0.6799434498155358
0.75484970841093
0.7456595308765503
0.6501573602346526
0.6486883854969996
0.7972245690235177
0.8024419945827141
0.6403740385026655
0.644314701317622
0.6655043065191149
0.6735781433648952
0.698252678322274
0.6906594231383069
0.6531144789012302
0.6597780634176421
0.6031197196359758
0.5986358271525393
0.7156433862547621
0.7103059373186289
0.7301729133467406
0.7330880483155228
0.6153393959499134
0.6178621874369317
0.6679851908604644
0.6645722386940874
0.6590965513595035
0.6588480307345365
0.6414381663614609
0.6428890475130897
0.6384141131472045
0.6456233674495839
0.7366697640181163
0.7284780146167781
0.6701371365254288
0.6747041977745721
0.6598401199726466
0.6440241090424871
0.6697036041420953
0.6730573222138567
0.6566597464150683
0.6533847851182032
0.7105469796260563
0.7257821430838213
0.6709144225795038
0.663742822124614
0.6619116563347266
0.6564013175644103
0.6643024661033015
0.6678847205562506
0.5664299081409565
0.5664299081409565
0.7509153855375038
0.7505927089870299
0.7025011861770334
0.7037316379812344
0.6630295446005725
0.6717184582869082
0.6385416010833653
0.6362414728212729
0.7140469216661759
0.7155718586706279
0.6449208322000738
0.6449208322000738
0.6618986773313691
0.6618986773313691
0.6662169623567255
0.6662169623567255
0.6813206983093701
0.6813206983093701
0.6924782824029961
0.6924782824029961
0.6821357258815118
0.6821357258815118
0.7017308206503253
0.7017308206503255
0.6901228498349672
0.6901228498349672
0.695204236632537
0.695204236632537
0.6659452475061725
0.6659452475061725
0.6381195393839225
0.6381195393839225
0.6605289413865313
0.6605289413865313
0.6587752790931107
0.6587752790931107
0.6639671559182655
0.6639671559182655
0.6480139420144538
0.6480139420144538
0.652700332255124
0.652700332255124
0.7070834603415226
0.7070834603415226
0.6968141573452291
0.6968141573452291
0.6674584189580287
0.6674584189580287
0.7063613815535547
0.7063613815535547
0.6433261260083231
0.6433261260083231
0.6818592777088937
0.6818592777088937
0.6898768247950582
0.6898768247950582
0.7448822687456725
0.7448822687456725
0.7150559837809751
0.7150559837809751
0.6678880824014252
0.6678880824014252
0.6534377997569943
0.6534377997569943
0.6923788947658426
0.6923788947658426
0.6569383598760601
0.6569383598760605
0.6578526690811479
0.6578526690811479
0.6722834328062289
0.6722834328062289
0.7842571913042193
0.7842571913042193
0.6456873244858495
0.6456873244858495
0.6825835576510895
0.6825835576510895
0.7083810469857816
0.7083810469857816
0.6532600674862421
0.6532600674862421
0.6822855866157779
0.6822855866157779
0.6572211826150531
0.6572211826150531
0.6528176267936245
0.6528176267936245
0.6530225098250003
0.6530225098250003
0.63626510625403
0.63626510625403
0.7525294754670364
0.7525294754670364
0.6690789166813931
0.6690789166813931
0.6479388113879422
0.6479388113879422
0.5881927631852785
0.5881927631852785
0.622520263224107
0.622520263224107
0.7376373812771003
0.7376373812771003
0.6342373874319699
0.6342373874319699
0.679228739716926
0.679228739716926
0.6400935540133331
0.6468190441261941
0.7389483616790857
0.7397651937122665
0.6705113203473484
0.6677826654297527
0.6224692233611894
0.6252736191243163
0.6383249878019773
0.6417291872952546
0.7206495357341783
0.7220594523190119
0.7002051813685632
0.6997022173110922
0.6652113056173119
0.66362120735182
0.69380997080796
0.694134357322206
0.686466184372827
0.6886761053297529
0.681039324819409
0.6819750633814509
0.6271717799305274
0.625701730297433
0.6758516786967943
0.6764137696334183
0.6606499307171207
0.657011719781949
0.7055372754617912
0.70599755982412
0.6867780172263461
0.6841282005455155
0.6811482234806544
0.6878863960572976
0.6496499858260042
0.6463510279276428
0.7539732596253355
0.7519170401471871
0.771618060649769
0.7741525304315263
0.7721110348198594
0.7695643431575608
0.7137979913915955
0.716120615922258
0.6990858565835475
0.6970003196554753
0.6948361392102256
0.6937293013607186
0.6663774332703992
0.6677914627094498
0.6609974209547956
0.6576069631003146
0.6223885951358858
0.6208926728878941
0.6784154244890851
0.6787248117029356
0.6544892492079002
0.6536933163738439
0.6855763000927407
0.6935895251493049
0.6787118805429342
0.6741110956343112
0.6678375780833661
0.6675350072040248
0.6779835803879543
0.6847055417565856
0.6786156705732828
0.6724650667099132
0.6414842545813558
0.6435122201832705
0.7058080452477334
0.7064094039236767
0.6787545835944827
0.6769998084882446
0.7286686658943969
0.7296607830563631
0.678689435039149
0.6792266904897938
0.6655297761997124
0.6616795410206175
0.6793418811472649
0.6837064614006184
0.6842786638100857
0.6873132697901765
0.6888261884384255
0.6871406982406814
0.6383963353176157
0.6410004226053891
0.6416642057046931
0.6394472087663693
0.738480989392548
0.7352771067831859
0.7837592687424156
0.7872339363591635
0.700656139329261
0.7046288823717002
0.648579295648718
0.6446311564317131
0.7674216680594925
0.7705508729490733
0.6846209482528239
0.6821400761630386
0.7146266568361016
0.7146266568361016
0.7054395055544764
0.7054395055544764
0.6909127007426954
0.6909127007426954
0.674640589301148
0.674640589301148
0.6645254065855127
0.6645254065855127
0.6766713667111796
0.6766713667111796
0.7447428586820956
0.7447428586820956
0.7189080694375201
0.7189080694375201
0.7146497194006585
0.7146497194006588
0.6817341707866207
0.6817341707866207
0.6223080839787094
0.6223080839787094
0.7285494373353569
0.7285494373353569
0.7027986423806737
0.7027986423806737
0.6613655850104448
0.6613655850104447
0.666300361608936
0.666300361608936
0.6841361947202876
0.6841361947202876
0.6535556671525288
0.6535556671525288
0.6357593498353352
0.6357593498353352
0.6844181932519919
0.6844181932519919
0.7177518471524784
0.7177518471524784
0.6533098056548909
0.6533098056548909
0.6579088951032555
0.6579088951032555
0.7130972162496045
0.7130972162496045
0.6423041837990013
0.6423041837990013
0.6860525723101668
0.6860525723101668
0.7051069307966148
0.7051069307966148
0.6999057435527087
0.6999057435527087
0.689496055399415
0.689496055399415
0.6482738983978331
0.6482738983978331
0.6303305206832703
0.6303305206832694
0.6005838779752843
0.600583877975284
0.7027921323675773
0.7027921323675773
0.6578858154181996
0.6578858154181996
0.6183330504603186
0.6183330504603186
0.7076965246206168
0.7076965246206168
0.731404667319122
0.731404667319122
0.6683364111835828
0.6683364111835828
0.6756326182459672
0.6756326182459672
0.630952345083546
0.630952345083546
0.6890215155719107
0.6890215155719107
0.7404683838964068
0.7404683838964068
0.7428466667850235
0.7428466667850235
0.7087345418582545
0.7087345418582545
0.6471762627115907
0.6471762627115907
0.6954630400632276
0.6954630400632276
0.6610103765797316
0.6610103765797316
0.7417853112311028
0.7417853112311028
0.6567544905346431
0.6567544905346431
0.6339136998028433
0.6339136998028433
0.7492961322747065
0.6230503177957684
0.7113120982020151
0.7113120982020151
0.7714422611997594
0.7745598279502987
0.7105854979906359
0.6975505292557662
0.6679204715802225
0.6815549329836158
0.736042390653761
0.7342376844518244
0.7104631864441853
0.7252221530068619
0.7295524937119487
0.7220697030914346
0.7489416039355227
0.7489416039355227
0.7192189275014566
0.7284363285555362
0.6681151634943318
0.6590643180328767
0.7171073624465449
0.7175917116370173
0.72428277215529
0.7261749676404093
0.7203903512341119
0.7345679126925059
0.7450369970133789
0.7450369970133789
0.6571351954609982
0.6422808106669932
0.7203060294884639
0.7412540173892259
0.7311577475297825
0.7268412297269343
0.7267930789898907
0.7400245093968859
0.7239971093745122
0.7131383701919272
0.7450215978836093
0.7277820794905635
0.7171289599920052
0.7280298990046655
0.7384269038223333
0.7373221496760335
0.7175634482735483
0.7299612100993261
0.711163008377793
0.7109852165263755
0.7553012015745679
0.7425594352011124
0.7196645527563778
0.7309506356482344
0.734436861860162
0.7349058447460487
0.7177982146728815
0.7123466611880668
0.7143770169368685
0.7134322869329047
0.7167223631386535
0.7255167025786363
0.7627941721061559
0.7611898683636563
0.732387195292173
0.7326851193466054
0.7655096448218527
0.7596115331121995
0.7526480261944255
0.7647333017436989
0.7016421034015378
0.6937574179887527
0.689118168885159
0.6955247515587499
0.7392785216538371
0.7359179005628891
0.7338289429746294
0.7475975538112237
0.7787392181690708
0.7712165024170856
0.7328071990001309
0.726707502263708
0.7007927335462474
0.7108546817391854
0.7291825509944143
0.7104992345287949
0.7099467446637907
0.7237719676193222
0.7446294396065356
0.746652128748881
0.7250767141948521
0.7251462766457097
0.736509123955275
0.7250282033827385
0.718065910806808
0.7181581688909873
0.7693047339500703
0.7772275042000818
0.7368182659695468
0.7382111750392852
0.7412658964496428
0.7231527988974096
0.7288048850045578
0.7414821192319087
0.7399775457846671
0.7409767992763651
0.76029944619371
0.7442002850045446
0.7222742780011712
0.7340471661798433
0.7420180095781698
0.7319757686441662
0.7200983393082329
0.7143948173379103
0.7313239829012287
0.7402242081141925
0.7070269308613193
0.7055758652192374
0.710657643732475
0.7067641113251674
0.6915406231825714
0.7016935140029772
0.7493493408699122
0.7509173696006655
0.7096299422289376
0.7157458935162606
0.7176045183653137
0.7007327478082471
0.7091905888122607
0.7255162666836467
0.7435419986715484
0.6988458341861388
0.7055350120518784
0.70418641441494
0.6872950822766518
0.6548078938037576
0.6683083262893873
0.6683083262893875
0.6760568932446195
0.6823933242819946
0.6702840367664695
0.6677063512335791
0.681204066647117
0.6828436835349722
0.7085144971344383
0.7075849389516197
0.8113136747965831
0.8113136747965831
0.7261150262141651
0.7274369521652866
0.7044136257109989
0.7031374181516363
0.7144183606955253
0.7061200151345989
0.6665125657937959
0.6732194369608925
0.7618328413941922
0.7640662061683731
0.7048294677076886
0.7032282743776187
0.705194055978803
0.7077930350753111
0.6620242351737664
0.6590428843206062
0.6783034007043516
0.6783034007043516
0.675859805779091
0.6758598057790908
0.7164261429553084
0.7164261429553084
0.6755394138153924
0.6755394138153924
0.681915140278718
0.681915140278718
0.6964354550457625
0.6904664954567593
0.6832781945692233
0.6875431884682668
0.7595544697094366
0.7583901375679596
0.6804587425248034
0.6842912291473395
0.7172575034091793
0.7212316415161114
0.7064855633791973
0.7000708070616791
0.7304678432518339
0.7274539488462676
0.6628682613072597
0.6677542362573786
0.6712490538146961
0.6712490538146961
0.7420641797140928
0.7458777115309736
0.6990928825721178
0.6905013417241138
0.7025744870247128
0.7068160573580067
0.7158964982592368
0.7158964982592368
0.6476765349985177
0.6452973097691282
0.7346968210514823
0.7306507419687283
0.6945289675192761
0.6925190721479174
0.6902786083294641
0.6902786083294641
0.7181813083289055
0.7181813083289055
0.7344831713180494
0.7344831713180494
0.6652391720211527
0.6613955412682708
0.6894732309247161
0.6900890214102515
0.7104368277867843
0.7114609451922674
0.7116736652301344
0.7140711447745413
0.6800794607036088
0.6824997344553693
0.7142025078893084
0.7121544291849666
0.6993106356001899
0.702849863285493
0.7113458181310611
0.7169795584176806
0.6937190662432067
0.6905225194107851
0.6692408760618783
0.6655413775396267
0.6668144329699696
0.6653965940996601
0.6521896392574266
0.6521896392574266
0.6656928790295707
0.6713705092873937
0.706390601027963
0.7076285497936884
0.7098335866586101
0.7033922143747335
0.6598129731877036
0.6537640910248522
0.7952870988866
0.7979756805201041
0.7180411790897481
0.7168283303140074
0.7467147812986711
0.7441739787404991
0.7049591799668181
0.7084965984056185
0.7204891862912012
0.7207739341980978
0.7079402102661203
0.7123452141234097
0.7462407865378823
0.7436785478313316
0.7201818529540126
0.722286476480975
0.7272004512068077
0.7224270718357311
0.723447246687519
0.7226811150535062
0.7586345583481866
0.7544681407023888
0.7376057666639615
0.7395524012247577
0.7682935102426747
0.7751392509790793
0.7050870987324106
0.7036024009366761
0.6975763589789262
0.6989946484920869
0.6688131834450332
0.6755171769652644
0.6818742623771716
0.6839983759225132
0.6991902758502088
0.6895009524013493
0.6378165832317945
0.6334389149040801
0.7981981067557925
0.8033666723893805
0.7190846920332928
0.7227822011028519
0.6674423459734056
0.6718852003104093
0.7806487967437779
0.7739875125277733
0.7237903786540234
0.7292991162146436
0.7059057413913914
0.7048034599819076
0.7283347287340912
0.7280970803506784
0.6443402822093871
0.6464381468637237
0.6832351914951199
0.6847559113396385
0.753501910889163
0.7570243918370173
0.9922764006697209
1.0
0.6989244924975189
0.6948234646439605
0.7378192067716389
0.7333091034133541
0.6355454301789564
0.6384725217233713
0.7230896330259013
0.7208735941824106
0.624305454774719
0.6228118948498949
0.6956291162848759
0.6947761102097194
0.723135247976759
0.7161842429748784
0.7272267841275801
0.7272411385686358
0.7447386064689672
0.7562368907619201
0.692220537127623
0.6908568245501191
0.7068774903686489
0.6930351026490076
0.6774487088237894
0.6825960991603427
0.731293367708834
0.7355330980311304
0.7915738201507616
0.7886718630760959
0.7687716171448306
0.7671765402705951
0.7124089330636365
0.7111483013223842
0.6754981428729151
0.6917597873263177
0.7210881710624333
0.7164851209921427
0.722978894469027
0.7252724661785765
0.7332674772937517
0.7319318353925481
0.7508895048427668
0.7590607375124705
0.7719046095008301
0.7724552278820178
0.7146955156183541
0.715220645722088
0.74682738510765
0.7417680641328378
0.7196070262630433
0.7151551414169345
0.7158185862714627
0.7213807158765295
0.7183126796266576
0.7165615366136112
0.7496403689023747
0.7516498944469722
0.7503218093633854
0.7503038325649736
0.720503612104933
0.7196535999454554
0.7362431516799436
0.73643136484142
0.7012022236804142
0.7005814790068298
0.671728022862421
0.6741997509524918
0.6483771906307717
0.6505895385180445
0.5978165642833041
0.5966520318809376
0.7330080246813344
0.7308394751052525
0.7178513703824231
0.7214474042939861
0.6639717065699549
0.6595647483066921
0.7319956015992795
0.734700394861466
0.685896241908813
0.6861764213522114
0.6724158977573664
0.6706501227980023
0.6984965291489363
0.6987086296188687
0.6984931550295118
0.6982305002619023
0.737597990729089
0.7348416285743655
0.685447242661345
0.687267492141185
0.7291130157607786
0.7349019910922561
0.7549615656638863
0.755806865263046
0.7242012888257218
0.723881480783352
0.745195052900861
0.7456429615600892
0.715320109405442
0.716768605374901
0.7385756890863702
0.7411658317654736
0.689042824692122
0.6882235476447927
0.7368280558839849
0.7371360645238065
0.6889457700731048
0.6874700644765745
0.6794143618345169
0.6850280510418616
0.7907136392065699
0.7878120661287362
0.7283418286832385
0.7326498128393805
0.721928625158273
0.7175686031529813
0.7329706875319045
0.7329313566368162
0.7255577190030174
0.7288582973989503
0.738547876189393
0.7387702220591303
0.6935451923624573
0.6911974286989979
0.7245971986327495
0.7210378729316161
0.6943130535624576
0.6911937062469611
0.6510547528992972
0.6570586563247982
0.7165941874034287
0.7149136280943839
0.7840541725759123
0.7863341902359272
0.7198463747207856
0.7224231096892505
0.7233593667550995
0.7218482582638954
0.6858341219477028
0.6826699460827387
0.7007402515885081
0.7022611845428517
0.6906287485966479
0.6868494919011001
0.707525623394062
0.7084833719257166
0.7200244572085184
0.7143346159084167
0.8193019769079841
0.8224094765074595
0.713680963698767
0.7101430570552588
0.7250070721738775
0.7270831085067311
0.7225317454325382
0.7221977764913917
0.8456602804269272
0.8435553846295477
0.6922484217774156
0.6912980647509116
0.7104525693944826
0.714950263367071
0.6855235420773093
0.6888881739782216
0.7526088963576093
0.7517389493165879
0.711519015744965
0.7105275040959509
0.7066920235017444
0.7101289775105172
0.7627626105897172
0.7537590213650197
0.7678712269875784
0.770817835785475
0.6979884193352346
0.6968117866292284
0.7148704994145136
0.7071102010062971
0.7199026326277558
0.7317871888874216
0.7775932446772086
0.7736722519376154
0.8366712688345345
0.8345797193108719
0.7647457880172637
0.7715745683212498
0.6843278457407445
0.6799262905658155
0.72283213723949
0.7252809076881022
0.7275944340321757
0.7175248444495912
0.7147640234252566
0.7207990781621738
0.7440578091693969
0.7364186560651773
0.713699514992589
0.7169784194337726
0.7255005391001665
0.7265949055259179
0.7343426898804469
0.7450596635111785
0.7232693029237264
0.7153626794287679
0.7104961580593749
0.7152444620434051
0.7121604236803847
0.710667488757452
0.6726036237760862
0.6593088579121645
0.7246899593068545
0.7299608376717261
0.7089739939886446
0.6993499758487403
0.7002658358229863
0.7075294727766303
0.7119666491212472
0.7098475015153067
0.6906307575601951
0.6916197481275248
0.6662338057707203
0.6705922215510041
0.7113875332806398
0.7082323599671941
0.7137087879491617
0.715857878322702
0.7631592001670318
0.7600949751011864
0.7243835009720495
0.7140758053447337
0.635848866357391
0.646805267596886
0.753410546961174
