0.02816603165694926
0.7687749510916969
0.7701140935503034
0.0
0.0
0.0
0.0421714738547395
0.8106424485060834
0.8214808572821635
0.031121483435982013
0.7888973898166414
0.7869852109128339
0.047405860664015864
0.7310230363097259
0.7384951973910757
0.0
0.8247070688144607
0.8247070688144607
0.03502877599133791
0.8491213128843158
0.8396927262569301
0.035058479897207784
0.7639819549137875
0.7677544424480843
0.03248766949511377
0.7951103796368117
0.785181842123724
0.029416928876131853
0.8280100542881952
0.8211081690886206
0.03332997621738502
0.7580172044575184
0.7580172044575181
0.031631884199738405
0.8089727074972446
0.8083759149326563
0.0
0.7963095315445567
0.7963095315445567
0.037572196073740446
0.7464040590836994
0.7518814186659872
0.03745085776814485
0.8423191412714102
0.8036606445647957
0.036812000418567734
0.8412837201638288
0.8412837201638288
0.043201367749956324
0.7804865770610915
0.7816768422433006
0.03252962560755527
0.7563932512305033
0.7563932512305033
0.03252962560755527
0.814566988473955
0.814566988473955
0.0
0.8783053614653086
0.8783053614653086
0.0
0.8309522356279117
0.8309522356279117
0.0
0.7507570046764629
0.7507570046764629
0.031519770129914276
0.8134562829401621
0.811162184687246
0.03438852079758531
0.8166210009794586
0.8166210009794591
0.0
0.7877412569495582
0.7877412569495582
0.0
0.8307066645478554
0.8307066645478555
0.03173985730779064
0.7808928614187853
0.7775526317049444
0.0
0.7383679290950884
0.7383679290950884
0.0
0.9676056615024554
0.9676056615024554
0.0
0.7471621751495269
0.7564810739377276
0.0
0.7978801009798677
0.7900345922113909
0.04809888297787371
0.8987595164181214
0.8875871474241482
0.02851226654702183
0.7372295170988161
0.7372295170988161
0.03077718986145829
0.7904648044362288
0.7943554532961256
0.0
0.8746578805307754
0.8745181565875002
0.0368110280583373
0.7942025747948439
0.7947402798392128
0.039354405179252344
0.9114162745255922
0.9114162745255922
0.04619878245999467
0.8672730386919657
0.858106606122518
0.03972219788988168
0.8545468751595573
0.8547261389161906
0.034745347168457084
0.8325701093426547
0.8342073753991831
0.04144668752013423
0.8807362688572838
0.8683859447002108
0.04117605672880783
0.7930805253185331
0.7928325518655219
0.040342913652810154
0.9113031195657787
0.9235396722111265
0.03189255187476728
0.8319753837287863
0.8279243107257316
0.048395173253442586
0.8821029713069898
0.8773610250508648
0.05223044063570742
0.9183875474380023
0.9051862304025962
0.019981358383189055
0.8776057583835762
0.8822682189184101
0.04154829656300079
0.8046567817872887
0.807008174987259
0.027966752733356567
0.792482795931847
0.8002530143384381
0.02284460118336953
0.7718580432563739
0.7636158761011914
0.026977117269201274
0.8508865986973523
0.8544819551957901
0.023723949752379236
0.7528558113796427
0.7506260649250084
0.01788099886439815
0.8643830613690434
0.8700439798270481
0.046404691366578404
0.8635067179676598
0.8698569382433597
0.04077009368707749
0.8026740599720648
0.8080693234675457
0.03864153332254165
0.8182784691997131
0.8348248969576819
0.04321877582040152
0.8234276033645795
0.8171430170254306
0.03460481998762064
0.8116905938138247
0.8116905938138247
0.033815266018345495
0.8264199630840348
0.8287878894673748
0.03649336600056255
0.9060030085022626
0.9001628435144968
0.027592542909651976
0.819880706193775
0.8198807061937748
0.0
0.8315473454703388
0.8315473454703388
0.0
0.7980157821714488
0.7980157821714488
0.0
0.7994158093101655
0.7994158093101656
0.0
0.8499837569944364
0.8499837569944364
0.0
0.7797849238918961
0.7797849238918961
0.0
0.9058870665943694
0.9058870665943694
0.0
0.8595455679935584
0.8595455679935584
0.0
0.8730884454944996
0.8730884454944996
0.0
0.8448935778045935
0.8448935778045935
0.0
0.8249027776904074
0.8249027776904074
0.0
0.7926223453000408
0.7926223453000408
0.0
0.8774013113590325
0.8774013113590325
0.0
0.780502132180769
0.7805021321807685
0.0
0.8418589154778624
0.8418589154778624
0.0
0.8341568737367381
0.8341568737367381
0.0
0.8740254637983191
0.8740254637983191
0.0
0.7647545596286829
0.7647545596286829
0.0
0.7455870588227648
0.7455870588227648
0.0
0.8197799118771557
0.8197799118771557
0.0
0.9321731241631784
0.9321731241631784
0.0
0.8664437076235715
0.8664437076235715
0.0
0.9665582944924717
0.9665582944924717
0.0
0.7869575289232824
0.7869575289232824
0.0
0.7831179185252268
0.7831179185252274
0.03229289522427673
0.8566184708256385
0.8587619744011713
0.04580194662147999
0.8255859692871274
0.8225949058880715
0.03976140239671681
0.7399985984279217
0.7372738197542376
0.03711530764545276
0.8207794581490235
0.8207769794360276
0.024731285653322367
0.8029986440168081
0.8026940764980148
0.040509195923059696
0.8348044275561963
0.8341291770462282
0.03377905418597372
0.9275354662437382
0.9208079432256133
0.03632590357063736
0.8033216628220552
0.8001915768203762
0.03604954052659514
0.9946320319335437
0.9950253600042214
0.04177559057337517
0.7965734881504923
0.7976357890812559
0.04362574119074645
0.8328925409505393
0.8366976327642602
0.040937276149622066
0.8605391476623024
0.8578040498150795
0.03640775186457988
0.8162704516368163
0.813589750780012
0.022400582993468976
0.7440452942910974
0.7412952003141415
0.034025250823877376
0.8812499709704443
0.8863443048587221
0.0530638643900094
0.9116467945899169
0.9125557759763733
0.05189118924839685
0.7753887286410681
0.7677007956599035
0.03966420326818955
0.8241946351562702
0.830633211422803
0.04768863109143283
0.8188018978019415
0.8181874368955381
0.040383600282387626
0.8025859423252494
0.7994520942442697
0.039113221141237615
0.7966321864194014
0.7998372598644276
0.041713353948931324
0.9102444212296947
0.9098013335073968
0.03945510167875963
0.8298305584954515
0.826200139525339
0.04219121225113092
0.8134508271666068
0.814958733332949
0.04413165928755553
0.8369339919168222
0.8437385944708811
0.04739882953270602
0.8172050785832888
0.8172050785832888
0.0
0.8879920454209682
0.8879920454209682
0.0
0.8223607972142728
0.8223607972142724
0.0
0.8219118867774509
0.8219118867774509
0.0
0.8282312283236831
0.8282312283236828
0.0
0.7080505224521928
0.7080505224521928
0.0
0.9324895597006644
0.9324895597006644
0.0
0.8769376449105086
0.8769376449105086
0.0
0.8286584226603
0.8286584226603
0.0
0.7862500465813569
0.7862500465813569
0.0
0.8857172326733602
0.8857172326733602
0.0
0.7997723924133316
0.7997723924133316
0.0
0.8234964624744403
0.8234964624744403
0.0
0.8281639489620859
0.8281639489620859
0.0
0.8406591276996324
0.8406591276996324
0.0
0.8573020501165107
0.8573020501165107
0.0
0.8438615148936879
0.8438615148936879
0.0
0.8681769267009177
0.8681769267009181
0.0
0.8553955071728764
0.8553955071728764
0.0
0.8602699441740027
0.8602699441740027
0.0
0.8267335316129645
0.8267335316129645
0.0
0.7912111684031896
0.7912111684031896
0.0
0.8211140973936613
0.8211140973936613
0.0
0.8170786742535004
0.8170786742535004
0.0
0.8211058424813822
0.8211058424813822
0.8311691279095913
0.8967077606466579
0.8967077606466579
0.12178475235344563
0.9144619177949623
0.9007083914526598
0.1669298160784681
0.8709004315518114
0.8173249936300269
0.09168948516761517
0.9102855229299721
0.9009497668719234
0.0
0.8772005423038037
0.8854210998070632
0.10660441907429415
0.9030347663836964
0.9009367953281299
0.11838620839738748
0.872601092681695
0.8859841923216513
0.0
0.8991822460836537
0.8859871318410357
0.12401517178683784
0.9323520063164491
0.9281194975680604
0.14419042119676798
0.9750136790497629
0.9653824234706883
0.14372419571983613
0.9094203638505668
0.9269481538632712
0.14526964905882195
0.889882420760235
0.907755996346898
0.13411468361466783
0.8490210890912996
0.8375088062178974
0.09794488880451109
0.9229247607252825
0.9239120208883753
0.11149390441162746
0.9004141516590903
0.8995832368225544
0.12673602378048282
0.9294594781833454
0.9228896081637121
0.08972637767213958
0.877667661672421
0.8705841522564333
0.11169468629577615
1.0
0.9898130646286761
0.11035700658669428
0.8896364316467854
0.888833325106718
0.1375918913831733
0.888461714935297
0.8739239268176046
0.1328055822821974
0.8922645483459429
0.9031371684885916
0.13019055520156544
0.8684449382931332
0.8838643313070828
0.13498394637617017
0.8836408436992695
0.8871728338046407
0.12502687434952223
0.8676230494494515
0.8688626758663349
0.13111187491708817
0.8393683352014658
0.8288957659317554
0.10818559791064325
0.8375805375676825
0.857849839231674
0.13671245010664085
0.8724650380885053
0.853248796074785
0.130556136687615
0.9481404442433602
0.9350676139548415
0.13053156707739458
0.8700841741352099
0.8791472395167962
0.10987799935185173
0.8881155514077703
0.8693292119812156
0.1276464303398795
0.7945954320811304
0.7814826033783928
0.15036587534790763
0.8681937537105131
0.846207774694393
0.14519157895279974
0.9267039388003555
0.91562049356845
0.04465859521334743
0.8656844508329984
0.8693495301123799
0.0
0.8444449369706863
0.8505053254399003
0.03832812618167294
0.7810554653862462
0.7818780713046428
0.042190774314234895
0.9399087537762981
0.9399087537762981
0.04350641661724776
0.872109385129028
0.8702757588422474
0.03307177504811854
0.8383439956761156
0.8465357537347483
0.042538853291771414
0.8230176921575695
0.8218802040778487
0.04094342976819254
0.9455601244897495
0.9431329262156454
0.0
0.9107799320135004
0.9107799320135004
0.0
0.8773295992986181
0.8773295992986181
0.0
0.8344862081147918
0.83427007840303
0.04935323380787589
0.8673996446692046
0.8662687341348897
0.049726338378397975
0.8834990473387667
0.8861044219154695
0.03972897850691748
0.8034750330599074
0.7995108903567526
0.04860867765691776
0.8073356453588162
0.807335645358816
0.03898774125543325
0.8566237121117933
0.8454878238969268
0.049254611035649855
0.8629985256284991
0.8629985256284992
0.044234131795012684
0.9053062481330468
0.9035659762942546
0.04091120203250147
0.8930690555425478
0.8930690555425478
0.0
0.8511417036002781
0.8511417036002781
0.04297323728512248
0.8328750133906621
0.8396225211549688
0.04637694365458254
0.8827833148773815
0.8813337535281343
0.04190899809285791
0.8776740524951016
0.8795052354288113
0.042265550970152346
0.8456135708628272
0.849254185403615
0.04024450629329024
0.8349198988110573
0.8316328332936632
0.050957907789940915
0.8975622450784652
0.8975622450784652
0.08600825062783295
0.8313274352376435
0.8354884803709918
0.04919920511016716
0.8070461009735055
0.8016938882369177
0.03273822671812975
0.8536450396868152
0.8541895745688889
0.03950998028686024
0.8779842286370311
0.8836212315725026
0.04221131098499719
0.8609045446883421
0.8693928187933818
0.06150467943354673
0.8781526775198772
0.8788556810838118
0.05932271882843575
0.8449343521125171
0.8419642511688724
0.045649216431357824
0.8840168754092168
0.888273025348348
0.06288775022886023
0.8897777729025833
0.8783561546491888
0.04700563070776213
0.8704021628972212
0.8787649986523843
0.06462904668316505
0.8144955003802333
0.8038231076670339
0.040269695829250766
0.8793001500399845
0.8832482115482932
0.04435527220013782
0.8536262012361379
0.8602583169455018
0.04951052491075047
0.94604919139303
0.9511712289875068
0.04572413004484414
0.8364823435048874
0.837934867011462
0.039580382540049544
0.8230818645733509
0.826597320705208
0.051660263887522255
0.8336946484531081
0.8474375820900524
0.06999191287741548
0.8493441140443422
0.8430630926965682
0.04683235943708465
0.8631147874855165
0.8630881946262151
0.05382895517877763
0.845345002997655
0.8450774337158032
0.04181147148880802
0.8422412092139666
0.8434250917393986
0.05338665231692348
0.9506142217836644
0.9508365436137366
0.05570909395235195
0.9852678095872985
0.9919840164296934
0.056217440015588135
0.9038518744375328
0.8941439249539418
0.03772501991391776
0.8915446857466832
0.8890759510167412
0.08551831038671623
0.9776817701083163
0.9717059983467741
0.027237289136557402
0.9116947716321172
0.9119343333351984
0.038572236072742565
0.9073020868673428
0.9089793096579529
0.04379911419272661
0.8882926091433482
0.8831273868090714
0.03715025399716126
0.9017269806364455
0.9090065014661363
0.033433471084837615
0.8965738062828218
0.9010815609293279
0.0364585896605106
0.8863719049107145
0.8862962683940794
0.03485284064167803
0.8450234074880368
0.8432892592103872
0.02948999279631584
0.9029606128917653
0.909307439447269
0.04128670241995333
0.928117982379461
0.9217889534462281
0.03977482594951503
0.9037061901508389
0.9022520598457306
0.03957787766170747
0.8478308681463634
0.854812458110821
0.0433918581462774
0.8039185605402137
0.8057799477926767
0.044768418021022785
0.9462003626111269
0.9404178136922131
0.03895479194200518
0.8876365311970208
0.8912513815441412
0.03423836435873549
0.8733397828324079
0.874142622103708
0.04188615672013575
0.8073364409140686
0.8127774721709666
0.04574401564446745
0.884632913654465
0.883227513244544
0.04005549358788293
0.877523722728331
0.8757321555336438
0.030784495832426897
0.8770033647594213
0.8763805731973653
0.04669473496444774
0.907547517308442
0.9018808862672383
0.03859444248204013
0.8732679281766977
0.8775985108732937
0.04823986167340646
0.8671216341875722
0.8656705124049544
0.045752862582930924
0.840037646393637
0.8366573584255315
0.041351777886771864
0.8805589226417305
0.8748742083927966
0.06994484549899938
0.846403785630121
0.8470587011105128
0.020740192529667384
0.8961972555799869
0.8940696978994039
0.03999124461822358
0.8697894129080225
0.8647123384665024
0.06186681291585655
0.9139417840311814
0.9103756044972389
0.04131625764733608
0.888171257855416
0.8851307419569734
0.0425307134943361
0.8224149929312257
0.8195946947832631
0.054917934578529046
0.8800757665058959
0.8795180402324967
0.056578776290708024
0.8169450524021188
0.814873468218895
0.05704758772512627
0.8836088594799465
0.8819192752303073
0.04451174432348885
0.8082290242815459
0.7984479157509999
0.06863234460349311
0.7608659051928466
0.751262940579859
0.04711612236226813
0.9001569381846407
0.9131710895215222
0.058957626622843005
0.9074559332375793
0.9000264283929456
0.05333885929704791
0.911724907545117
0.9041361759550672
0.053156471069984654
0.8927962292846761
0.886313702113031
0.05996422888611723
0.7911462122340969
0.7453196161644944
0.0528356977666137
0.8576196927230106
0.8569222889866479
0.05122556572361582
0.9082757273737991
0.8873749618128557
0.05077247355288805
0.8935071350955073
0.8907487354330011
0.053013527167272
0.8584839149333013
0.8603817983903596
0.05852249793584627
0.8706226941931069
0.8720096952011686
0.049692266961470465
0.8810337607323233
0.8833484172332638
0.05341395084234934
0.8809003718790445
0.8900998263409379
0.06479214891104666
0.9460535275690696
0.943664400739292
0.04796622026398831
0.8540112822905158
0.8630896116981752
