0.40904799405193093
0.16810223724982595
0.20009883865194383
0.4574345849675558
0.3663112508510493
0.16055756769971896
0.2268186073940227
0.6378604169704398
0.4997419354666801
0.38570135387728055
0.451308985420092
0.5829876430544286
0.5521568920593692
0.18438074848355174
0.07067142711473182
0.34515991219921416
0.3974492498142411
0.3650335826208402
0.43924786763029244
0.46911925494664736
0.359235465499685
0.2828622883968817
0.27279727237568213
0.28375606390908203
0.2581162052445295
0.5026061579759015
0.5226576762854604
0.2801633303002886
0.1515151515151515
0.47233414020262027
0.5401091974885481
0.3582512062789285
0.41095815480619535
0.13522468075656266
0.1912681946843437
0.3104602102825331
0.5122867711789232
0.13246120535913508
0.158292061860056
0.5743009633459403
0.5408816917454171
0.3869529949759475
0.13151272746117287
0.3009419175453115
0.2179449471770337
0.381450061137435
0.5947755473239502
0.6036083941296314
0.5115617324246878
0.6128127997092633
0.517362890996276
0.31615734451145144
0.36106837353937604
0.309408552423167
0.11846977555181845
0.3405574568898749
0.3928362656341784
0.43133631192806654
0.48773159366558594
0.26940795304016235
0.28864834364760894
0.5771526790437527
0.48210574863391886
0.48053739027004827
0.378661182306514
0.2672612419124244
0.028194193721730043
0.2507784139231543
0.29240888936535714
0.34401045807689073
0.22188007849009164
0.13719886811400706
0.08312115136152574
0.4695197906645353
0.5065651553435714
0.37479091160905864
0.3777403169315834
0.5366289362709977
0.5473246478576544
0.28912165479145596
0.16296216206593894
0.42830441755553517
0.4336081195755195
0.4544745639818725
0.35277813055608476
0.4061982461165031
0.4894177926193736
0.4146560446452083
0.37685618531198684
0.4279669808851281
0.3750021400384066
0.23170341173428086
0.2943028597012718
0.2670882572717043
0.20751023642374988
0.10243293100033338
0.6663938158067921
0.42971679039878996
0.1457226918679578
0.25019554168026714
0.28228515509921237
0.26995888299417503
0.15975241260567344
0.35783002674779546
0.38875313014742235
0.30677371992541314
0.25564476660451096
0.61742687937001
0.5940210636570653
0.6046020904371754
0.2053988647955044
0.18433299963121214
0.3688558515452835
0.41156551044295414
0.49822538808379163
0.2786711614049855
0.6416756615965412
0.6745553805057887
0.6480495032248482
0.3915256335329455
0.3765330307163267
0.45369972993286545
0.18625322946656703
0.27774602993176545
0.41805962755713094
0.45790546988962544
0.6154941826632163
0.6420504628486622
0.6133385708941793
0.43575075739140323
0.3686819640713862
0.5765925506435318
0.42320655220373554
0.39799535343531656
0.4520487149271182
0.4531778801287012
0.12080808993852436
0.15126584522688322
0.3875507284791499
0.18418218405447617
0.5186135362676141
0.5501778368617851
0.29488391230979427
0.2516132830427542
0.3716389491342043
0.36064975486538736
0.43142514944595906
0.524777138198797
0.31367244210560485
0.24987096773334008
0.40159291796153096
0.10176568762666319
0.12168240453959095
0.7021165550790114
0.38597748940552346
0.42661385913338007
0.6741413650968975
0.6809605150014287
0.38668592238643396
0.34648137647066635
0.6451627709218366
0.45752287671576797
0.4488767235731018
0.3939487415878219
0.3198567241064099
0.22466675742712403
0.09352195295828244
0.11227217828476795
0.2144210416873845
0.4159787012764036
0.47511798612250067
0.41379378492515784
0.3463235914358239
0.24388184191689483
0.2488941003557231
0.4007292622280526
0.2913143337846949
0.1935342404956669
0.5034199484574431
0.47569511303070466
0.5502931335890462
0.618189705531111
0.45397411286734957
0.4906745614919553
0.42749577365996255
0.1365577483997838
0.1811643254631353
0.32889058071721516
0.4672364060675597
0.3177354158795988
0.40981948917830696
0.37348034333324875
0.49293001215684085
0.44534994234988307
0.37139067635410367
0.4252766335619245
0.31237900883588554
0.5340273262532407
0.6606139517702745
0.5927852355718576
0.3476343958854106
0.3212462831016178
0.34828617277371693
0.4343877364137231
0.5088977693195643
0.6744986510944495
0.48849609834509233
0.34250696201514647
0.5122709049423342
0.5501876864502244
0.38789603625233837
0.4961276474601094
0.5918141394707478
0.5743073230052641
0.29523809523809524
0.06388765649999398
0.14824986333222023
0.19030686163759675
0.21832400154313186
0.11433239009500588
0.20797258270192573
0.2946193712030691
0.36957457414391826
0.3300862252499689
0.43132388891807083
0.5128870645908463
0.3345352929316069
0.18584559740987272
0.4240477729707678
0.5751839224431805
0.42821418324952065
0.18532588307752368
0.17227222215258142
0.3977832409332963
0.49422597470984436
0.3512743821982825
0.2858212500536805
0.4886706282496464
0.5718591500258087
0.41172005340507245
0.2513248477657504
0.25143490647704814
0.2908356337412225
0.3932326306914151
0.5806187135538695
0.3035517702440625
0.44820049759777236
0.5868597136672072
0.40333115493084293
0.40219840477773017
0.33920828488761656
0.28581294330711216
0.6196489639329125
0.435283213605746
0.4405924055245146
0.4914951178170538
0.3587384400257616
0.4472287434725768
0.40249567233913075
0.48437250617543925
0.4399875866758035
0.1019294382875251
0.1414213562373095
0.04303314829119352
0.24562764364440134
0.2983605640606335
0.052869366804726696
0.19489611623639655
0.4673139768305421
0.17063023229633045
0.1781741612749496
0.3173262265071505
0.25601478565955116
0.5452072322580227
0.4432962371668716
0.2705668903744704
0.21661908532029212
0.31950482521134693
0.26352313834736496
0.45962959358148403
0.4200595175089492
0.5621745618873518
0.46182435378196546
0.22901588561073435
0.2936101097573517
0.46649518070735563
0.3310610959858653
0.32890616875334366
0.4200808866436414
0.5804544792579885
0.6909910643082766
0.5484777545520114
0.38008597413792544
0.42407886576477605
0.45585600281744165
0.32732683535398854
0.17049858486761835
0.4670387461011065
0.6085159602796171
0.6025997604096565
0.3902826110725754
0.5300343902517065
0.3405026123034994
0.3547033897228091
0.3785099216349548
0.37507522666195764
0.5174561517538108
0.2755301564469844
0.28276482655479607
0.11593472394004206
0.0951572136139613
0.4566783283714906
0.5326679424407974
0.5517402396802504
0.6426746339803937
0.6703014917264108
0.6220124821329305
0.5362062930380985
0.4596859701395333
0.1795826745870597
0.2716302943497965
0.5312270293300104
0.3573244995868427
0.3859651178085249
0.5384686189633037
0.33275812439166536
0.41558629714494355
0.4563447255449459
0.4259573284094219
0.30442105102725714
0.49300699300699297
0.31923475378704885
0.2979279170606973
0.3538122255028566
0.6381334570040491
0.597966964122365
0.4989867001990177
0.5712795562302131
0.6082500099186773
0.5879861336891169
0.2965238290020974
0.3297549466086498
0.23457761298087468
0.08869685939836239
0.22079437369032257
0.6898042874114281
0.5377407139589314
0.21305132195960746
0.2001978239850581
0.2087449833771015
0.35677123522744125
0.5021200114801776
0.4297178254565869
0.4726928963120923
0.29546842014263947
0.14285714285714288
0.12104550653376049
0.16994997617015364
0.5150155559780725
0.5030275712575116
0.23187190671591096
0.32724051498451445
0.6181401691952486
0.6094836901455274
0.4738893663289643
0.48327323401207184
0.55577646775429
0.5225554009324043
0.4276510221215631
0.13280995431448114
0.3833259389999639
0.3107594384269424
0.393046612613166
0.3829102368601708
0.37312018268316716
0.24306322850718456
0.16574838603294897
0.2017366461964822
0.2512614345673725
0.4395978703101697
0.3031146731114594
0.41455847394163825
0.4851769454832956
0.6069969210708671
0.6521274437546127
0.4618932302780977
0.5069829230546511
0.5675534838987948
0.4919731304666001
0.3738477714509004
0.36160969070861493
0.4980035152205837
0.48768761607373423
0.3734028359206901
0.394089201239032
0.3668632134505112
0.4453639597046146
0.31980107453341566
0.24545784641604237
0.23489478196744007
0.1629316759331292
0.21381869074261337
0.29025692799498215
0.1978141420187361
0.2692270816179347
0.29825606599529475
0.3718092925235408
0.3958484083694567
0.5345224838248488
0.43677718062193654
0.09097260176298594
0.2509789030269344
0.323344893792053
0.18925832465255632
0.09622504486493763
0.15398552604079624
0.36125050934487335
0.27438098235427055
0.43277549962742295
0.3029694390316569
0.07254762501100116
0.07905694150420947
0.26064301757134345
0.2162482023605158
0.5307910421576296
0.3992747047523452
0.4134459620736587
0.48839635145488886
0.34873937553247925
0.5041547534283144
0.2713094520929097
0.3205241300480999
0.49474906903884147
0.4608453616061302
0.05423261445466404
0.0
0.16401477012732715
0.4479338466688489
0.4377223224840511
0.5100197795439698
0.24352446380233778
0.0
0.0
0.3584620841727527
0.06997114285413195
0.3416251576884566
0.4508364324105291
0.5027842830519905
0.15222445909251434
0.05241424183609591
0.1653551508738841
0.16525013012599304
0.18612014934286775
0.3007172454706363
0.3537790870034883
0.4034895834834519
0.5303558346709073
0.4165417152441073
0.4563074425919674
0.4200235281477003
0.34575000918063614
0.2564313315145874
0.3726446156241422
0.5489813344620751
0.32576236157407845
0.2873748112335566
0.29515975088665897
0.03774256780481986
0.258437557698055
0.584409757222876
0.5138212073623754
0.3434285601697885
0.10895340841010223
0.20833333333333334
0.24415303724530454
0.620922313212172
0.42432208546331046
0.24570026083553537
0.32908716472581384
0.4429972060405997
0.5502984727544082
0.5552703936327114
0.44110104936012823
0.40508588364982606
0.3572738601506218
0.45801735296886253
0.372851820894429
0.15439037949521664
0.33407091392012295
0.5810173458224437
0.398989898989899
0.15362746694975674
0.28191150620583083
0.5851733957992151
0.3819425256694513
0.03761552186220996
0.028835491804079714
0.4998827674072921
0.25378042957991903
0.0
0.0
0.9958603776322714
0.9957984708543033
0.995824616419311
0.9979231545598292
0.9980031131477195
0.9958603776322716
0.9958333333333327
0.9958333333333327
0.9958603776322714
0.9957536963169219
0.9958334810769798
0.9958603776322715
0.9958603776322715
0.9979231545598292
0.9980031131477195
0.9957536963169218
0.9958334810769798
0.9958333333333327
0.9958334810769798
0.9957894549830616
0.9957983193277304
0.9957984708543033
0.9958603776322715
0.9979231545598292
0.9979318898433257
0.995824616419311
0.9959701409877356
0.9959701409877356
0.9958603776322714
0.9957173250742365
0.9959057709430661
0.9958333333333327
0.9958333333333327
0.995824616419311
0.995824616419311
0.9958333333333327
0.9958333333333327
0.9958333333333327
0.9958333333333327
0.9958333333333327
0.9959701409877356
0.9959701409877356
0.9958333333333327
0.9937303457175886
0.9937303457175886
0.9958333333333327
0.9958333333333327
0.9958333333333327
0.9958333333333327
0.9958333333333327
0.9958333333333327
0.9979231545598292
0.9979231545598292
0.9958333333333327
0.9958333333333327
0.995824616419311
0.9979318898433258
0.9979231545598292
0.9958333333333327
0.9958333333333327
0.9958333333333327
0.9958334810769798
0.9957894549830616
0.995824616419311
0.9958334810769798
0.9957628673041661
0.9959057709430661
0.995824616419311
0.995824616419311
0.9958333333333327
0.9958603776322715
0.9957536963169218
0.9958334810769798
0.995824616419311
0.995824616419311
0.9958333333333327
0.995905770943066
0.9959057709430661
0.9958334810769798
0.9958334810769798
0.9959701409877356
0.995726655215352
0.9958603776322716
0.995905770943066
0.9959057709430661
0.9958333333333327
0.9958333333333327
0.9958333333333327
0.995824616419311
0.9958258288604871
0.9957628673041661
0.9957906987396428
0.9959701409877356
0.9958333333333327
0.9958333333333327
0.9958333333333327
0.9958334810769798
0.9958334810769798
0.9958333333333327
0.9959701409877356
0.9959701409877356
0.9958333333333327
0.9958603776322715
0.9958603776322715
0.9958603776322715
0.9958603776322714
0.9959701409877356
0.9958720059560785
0.9957983193277303
0.995824616419311
0.9958603776322715
0.9958603776322715
0.9958333333333327
0.995824616419311
0.995824616419311
0.9979231545598292
0.9979231545598292
0.9958333333333327
0.9958333333333327
0.995824616419311
0.995824616419311
0.9958333333333327
0.9958333333333327
0.995824616419311
0.9895809953676494
0.9937651414158298
0.9958333333333327
0.9958333333333327
0.9958333333333327
0.9958333333333327
0.9958333333333327
0.9958333333333327
0.9958333333333327
0.9958333333333327
0.9958333333333327
0.9958333333333327
0.9958333333333327
0.9958333333333327
0.9958333333333327
0.9958333333333327
0.9958333333333327
0.9958333333333327
0.991666666666666
0.9958333333333327
0.9958333333333327
0.9958333333333327
0.9958333333333327
0.9958333333333327
0.9958333333333327
0.9958333333333327
0.9958333333333327
0.9958333333333327
0.9958333333333327
0.9958333333333327
0.9896071282718305
0.9937651414158298
0.9958333333333327
0.9958333333333327
0.9958333333333327
0.9958333333333327
0.9958333333333327
0.9958333333333327
0.9958333333333327
0.9958333333333327
0.9958333333333327
0.9958333333333327
0.991666666666666
0.9958333333333327
0.9958333333333327
0.9958333333333327
0.9958333333333327
0.9958333333333327
0.9958333333333327
0.9958333333333327
0.9958333333333327
0.40904799405193093
0.9901960784313724
0.995133791073302
0.9953328775594532
0.9901980594198068
0.9901960784313724
0.9903538022316929
0.9903538022316929
0.9901960784313724
0.9901960784313724
0.9901980594198068
0.9897959183673473
0.9897433186107863
0.9903538022316929
0.995133791073302
0.995133791073302
0.9901960784313724
0.9901960784313724
0.995133791073302
0.995133791073302
0.9901960784313724
0.9901960784313724
0.9901960784313724
0.9901960784313724
0.9901475429766742
0.9901475429766742
0.9903538022316929
0.9903538022316929
0.995133791073302
0.995133791073302
0.9901960784313724
0.9901960784313724
0.995133791073302
0.995133791073302
0.9901980594198068
0.9901980594198068
0.9901960784313724
0.9901980594198068
0.9901980594198068
0.9901960784313724
0.9901475429766742
0.9901475429766743
0.9901980594198068
0.9897959183673473
0.9901980594198068
0.9901960784313724
0.9901960784313724
0.995133791073302
0.9953328775594532
0.9897959183673473
0.9901980594198068
0.9901960784313724
0.995133791073302
0.995133791073302
0.9903538022316929
0.9903538022316929
0.9901980594198068
0.9897959183673473
0.9901980594198068
0.9901960784313724
0.9901960784313724
0.9901960784313724
0.9901960784313724
0.9901960784313724
0.9901960784313724
0.9901960784313724
0.9901960784313724
0.9901980594198068
0.9901980594198068
0.9901960784313724
0.9901960784313724
0.980392156862745
0.9901960784313724
0.9901960784313724
0.9901960784313724
0.9901960784313724
0.9901960784313724
0.9901960784313724
0.9901960784313724
0.9901960784313724
0.9901960784313724
0.9901960784313724
0.9901960784313724
0.980392156862745
0.9901960784313724
0.9901960784313724
0.9901960784313724
0.9901960784313724
0.9901960784313724
0.9901960784313724
0.9901960784313724
0.9901960784313724
0.9901960784313724
0.9901960784313724
0.9901960784313724
0.9901960784313724
0.980392156862745
0.9901960784313724
0.9901960784313724
0.9901960784313724
0.9901960784313724
0.9901960784313724
0.9901960784313724
0.9901960784313724
0.9901960784313724
0.9901960784313724
0.9901960784313724
0.9901960784313724
0.980392156862745
0.9901960784313724
0.9901960784313724
0.9901960784313724
0.9901960784313724
0.9901960784313724
0.9901960784313724
0.9901960784313724
0.9901960784313724
0.9901960784313724
0.9901960784313724
0.9901960784313724
0.9901960784313724
0.9901960784313724
0.9901960784313724
0.9901960784313724
0.9901960784313724
0.9901960784313724
0.9901960784313724
0.9901960784313724
0.9901960784313724
0.9901960784313724
0.9901960784313724
0.9901960784313724
0.9901960784313724
0.9901960784313724
0.9901960784313724
0.9901960784313724
0.9901960784313724
0.9901960784313724
0.980392156862745
0.9901960784313724
0.9901960784313724
0.9901960784313724
0.9901960784313724
0.9901960784313724
0.9901960784313724
0.9901960784313724
0.9901960784313724
0.9901960784313724
0.9901960784313724
0.980392156862745
0.9901960784313724
0.9901960784313724
0.9901960784313724
0.9901960784313724
0.9901960784313724
0.9901960784313724
0.9901960784313724
0.9901960784313724
0.9901960784313724
0.9903379376602869
0.9903379376602869
0.9901960784313724
0.980392156862745
0.9901960784313724
0.9901960784313724
0.9901960784313724
0.9901960784313724
0.9901960784313724
0.9901960784313724
0.9901960784313724
0.9903379376602868
0.9903846153846153
0.9903379376602869
0.9901960784313724
0.980392156862745
0.9901960784313724
0.9901960784313724
0.9901960784313724
0.9901960784313724
0.9901960784313724
0.9901960784313724
0.9901960784313724
0.9901960784313724
0.9901960784313724
0.9901960784313724
0.9901960784313724
0.9901960784313724
0.9901960784313724
0.9901960784313724
0.16810223724982595
0.9411764705882353
0.9411764705882353
0.9411764705882353
0.9411764705882353
0.9411764705882353
0.9393364366277238
0.9393364366277238
0.9411764705882354
0.9411764705882353
0.9411764705882353
0.9411764705882353
0.9411764705882353
0.9393364366277238
0.9393364366277238
0.8823529411764706
0.9411764705882353
0.9411764705882353
0.9411764705882353
0.9411764705882353
0.9411764705882353
0.9411764705882353
0.9411764705882353
0.9411764705882353
0.9411764705882353
0.9411764705882353
0.9411764705882353
0.9411764705882353
0.9411764705882353
0.9411764705882353
0.8574929257125444
0.9146591207600474
0.9411764705882353
0.9411764705882353
0.9411764705882353
0.9411764705882353
0.9411764705882353
0.9411764705882353
0.9411764705882353
0.9411764705882353
0.9411764705882353
0.9411764705882353
0.9411764705882353
0.9411764705882353
0.9411764705882353
0.9411764705882353
0.18935242733246035
0.9930128044350233
0.9915610305527969
0.9915610305527969
0.9915966386554623
0.9930128044350233
0.9930128044350233
0.9915610305527969
0.9914529914529914
0.991561030552797
0.9915966386554622
0.9915966386554622
0.9930128044350233
0.9930128044350233
0.9915966386554622
0.9915966386554622
0.991561030552797
0.991561030552797
0.9915966386554623
0.9930128044350233
0.9930128044350233
0.9930128044350233
0.9930128044350233
0.9915610305527969
0.9915610305527969
0.9915966386554623
0.9915966386554622
0.991561030552797
0.991561030552797
0.9915966386554622
0.9930128044350233
0.9930128044350233
0.9915966386554623
0.9915610305527969
0.9915610305527969
0.9915966386554622
0.9915966386554622
0.9915966386554622
0.9915966386554622
0.9915966386554622
0.9915966386554623
0.9915610305527969
0.9924419302614059
0.9930128044350233
0.9915966386554622
0.9915966386554622
0.9930128044350233
0.9930128044350233
0.9915966386554622
0.991561030552797
0.9914529914529914
0.9915610305527969
0.9915966386554622
0.979631267036143
0.9878634625574552
0.9915966386554623
0.9915966386554623
0.9915966386554623
0.9915966386554623
0.9915966386554623
0.9915966386554623
0.9915966386554623
0.9915966386554623
0.9915966386554623
0.9915966386554623
0.9915966386554623
0.9790880682441959
0.9874563423317532
0.9915966386554623
0.9915966386554623
0.9915966386554623
0.9915966386554623
0.9915966386554623
0.9915966386554623
0.9915966386554623
0.9915966386554623
0.9915966386554623
0.9915966386554623
0.9915966386554623
0.9915966386554623
0.9915966386554623
0.9840667431338068
0.9904761904761906
0.9904761904761906
0.9904761904761906
0.9904761904761906
0.9908273061165046
0.9908273061165046
0.9904761904761906
0.9904761904761906
