0.0684602666390944
0.0
0.06442121879076071
0.06442121879076071
0.0
0.06458003164867072
0.06847598741953166
0.07053893165145061
0.06872105936780057
0.060409489642657195
0.070992125252745
0.06285664771948965
0.051469571335949184
0.06887655489246076
0.08275610909778425
0.0783689166841789
0.06060320560142201
0.07906053709183566
0.12929203522041718
0.05082865482529074
0.03969535082965447
0.04328942054523669
0.0642116526726067
0.06051632681691881
0.06387617096787794
0.041623207191407184
0.048282832660901186
0.06080459123759245
0.076004992518487
0.07172247808557393
0.06011085488048915
0.07093831750100632
0.07915530414761113
0.06295813724210059
0.05330176555687845
0.05924946016529126
0.07304679751048712
0.06709790442584009
0.07013962781439856
0.07132641064756459
0.05641138381106562
0.0679405883116663
0.06488387467808539
0.06022873729014555
0.06590812018788238
0.06025443587352066
0.0661193892946701
0.0662145982157425
0.07948396102563994
0.06471841297925175
0.06512851039860518
0.06833929519283544
0.06457634122920215
0.058271093664770277
0.08798568477985905
0.09521627775619389
0.06916342978551576
0.0678456778159106
0.060920932380856815
0.07671753327028084
0.06549374565696894
0.06757592896306938
0.06888327086575333
0.07227060404625898
0.06974619933148193
0.06981813033351746
0.06901134364784405
0.06173886240500896
1.0
0.4492947580181527
0.3079649930899358
0.3400855382277182
0.3213340486573034
0.21369576363125548
0.2329434475409867
0.3096809029664642
0.2218875280945872
0.343505381901632
0.20132948507873025
0.1723861858311152
0.23353173600368
0.18133190467756813
0.2397953784210692
0.23180840275127507
0.26930771842531626
0.3372100630358762
0.26295577405117065
0.2898178910655196
0.2254961717146682
0.3235287711105376
0.3642091427638831
0.2456351409483395
0.29561871762589814
0.26070335645651177
0.29100369671650655
0.3431132291084862
0.3411833411189822
0.3154357542005589
0.3640873088961182
0.3291970861447091
0.2921151154994887
0.3224127953460762
0.29523670985176903
0.28552005553392784
0.3467886948329159
0.30164374040838543
0.3190308215984305
0.3214533815236939
0.33064528022594497
0.3307338141066406
0.3416960382756722
0.327123598686809
0.36690646384965103
0.3856708972647523
0.33287963051878755
0.31124932217411644
0.3109863775173679
0.3203359953649501
0.28926170847754085
0.27909498507143565
0.3290380281264652
0.29375322301529383
0.5050496780200915
0.12098265497536631
0.27833483650932667
0.30124070312056483
0.23811110954089212
0.2547972490259002
0.3342121996066866
0.3033936174589301
0.22335143718475026
0.24162724511525216
0.27758906183974286
0.27064049782149713
0.26346262188183706
0.2526634352289371
0.31628608694324184
0.32129755312385416
0.3084041459855654
0.24259928267245173
0.27031190490137563
0.27253897017542633
0.20100869654557568
0.2549732278761751
0.3232674164932816
0.28344571130586216
0.3505275899947374
0.35888519947044156
0.3172579934830576
0.15920073317282626
0.3640054876251094
0.35788005975399184
0.3026688033324911
0.256250020949629
0.2999662413762744
0.294597239501776
0.2198543898729744
0.2964983290201219
0.30553946558652645
0.3313614591710908
0.36200148927782605
0.36802534948133797
0.2814846561706201
0.25874606853686133
0.2695196363800035
0.2944534865409736
0.27101592283616877
0.2421184898363852
0.24679562670231928
0.25006501617222066
0.34182319043835174
0.3646570062248599
0.5881121127875539
0.19030703044556566
0.24385106592963696
0.24224830456910657
0.24026108611055488
0.33826320031344725
0.28749503973067786
0.2746810031328852
0.2864214240700353
0.2586425168752813
0.21129674190221576
0.2304934353509619
0.28922673242547137
0.35992741984878446
0.35780702494974903
0.30788292633766284
0.29454114738897186
0.26914453968724916
0.26544391122525274
0.29475914382985996
0.3397485060778815
0.3380037700368177
0.41753353446318264
0.4399680928978157
0.3175979148460503
0.2991736310183964
0.3297975134712447
0.3089167414327217
0.2957197695026286
0.2823934671009698
0.2658755641368958
0.3725238292790634
0.3494263908020908
0.18694566770846383
0.30599012177901513
0.3483153088479251
0.38958193754311377
0.3737959105364084
0.27256120669120854
0.3158642164384093
0.31532912891246406
0.3549037359340833
0.2996065722142796
0.4054048343407372
0.4153170213711224
0.36813288597139343
0.35952140347377887
0.2521376023737128
0.3210208148336858
0.3257759116333116
0.9538770966502517
0.08830790783649735
0.10025117813984613
0.08755374380752831
0.0818152761585374
0.08518579763178781
0.0
0.08378439820204656
0.08378439820204656
0.09999025887718602
0.09999025887718602
0.09515504514789268
0.08818943546026685
0.075989691665085
0.09357667567690382
0.09357667567690382
0.08873743288881895
0.09359377913927701
0.09275200247700086
0.07777294618597702
0.08853692415162036
0.0775951700017087
0.06406175081002402
0.06931303350446442
0.080532554641308
0.056369322445357785
0.09562921131899586
0.08412231639340961
0.07897295461977924
0.09495476359892818
0.09440121450937052
0.03351617090274628
0.09847589359701191
0.10927226434179771
0.10876030534463728
0.0950835309518204
0.10214391053905474
0.10205351425397681
0.0929081020558701
0.08598512440436953
0.09474848793967511
0.1022429634847154
0.09974709934576159
0.07944855193962903
0.08505776442295543
0.060062562881349146
0.10425871425576828
0.11339060451926694
0.10504303653582966
0.10607124137227861
0.08796820589654007
0.09155038046304498
0.0816439615977569
0.08347270232706323
0.07148334086522304
0.1016875431534958
0.0911370146840955
0.08518119318643916
0.09962147757209702
0.07274027387639498
0.09431119470558585
0.10232935080020733
0.10844040307229122
0.11171097893605648
0.11021360403575681
0.07487708377592998
0.08213135284438464
0.08323388646614041
0.15768886941756283
0.06794328279757396
0.07897325458407475
0.08404599724473327
0.09478163861973793
0.057467006439342945
0.078611638791287
0.0737806634322951
0.10405943006675769
0.09531842643937545
0.07306628821314605
0.07983715287276072
0.09100123535086155
0.07481846855262707
0.08802963687043405
0.09095223779115175
0.08825461158121423
0.08023787469911965
0.10187639325151872
0.11188337351913409
0.09426101397643112
0.08627136059042576
0.10553143303653165
0.1033979221701009
0.08722948992516887
0.09795934890063475
0.10175274917478629
0.09226102472058294
0.10346474752054212
0.09867812430378789
0.05334339021700643
0.07182179620361571
0.09366642655648415
0.08746984550163701
0.07924653674808992
0.08812498658170029
0.06833537829299806
0.09596471115301232
0.097502843467564
0.10990128604239308
0.11030663818124531
0.10675613613472883
0.08704335970021941
0.0770565988681031
0.08240561415416753
0.10198071434695717
0.10583978975395912
0.08937683972696166
0.08423635161402834
0.0731027488385639
0.14241756213893111
0.05301763802789892
0.0773938617577877
0.0804827327600931
0.07689457652128218
0.08070036375520437
0.08688812469813303
0.09701858509830323
0.07905689867167369
0.0728948845181593
0.09147131390279997
0.09724345916765656
0.0944809526281956
0.08813554833567633
0.0919273146013672
0.09041000756045574
0.07849531731224745
0.07134278368265085
0.08736347648087811
0.0916361071336449
0.0890132232970699
0.09460658036510305
0.04657847803441608
0.09064896223789096
0.11185215194902999
0.09998777865607783
0.08433688561766989
0.09564453814199904
0.09419230500271988
0.08442764298133325
0.09338286925233473
0.07673217965907199
0.07710062918499883
0.07241261349549073
0.09414202519260904
0.08600811270052809
0.0702737611144687
0.08005468334967558
0.08665656080202629
0.0764713243139557
0.06572597535407705
0.06870528474447463
0.07525722834871065
0.07731466433996603
0.08539811344608282
0.10099983467169589
0.09674746498580637
0.09149034181258964
0.08382601506998415
0.07708010210655908
0.17217871221859324
0.07288554354426256
0.07453197668406152
0.07370478155120602
0.040378723742286654
0.07145718178271952
0.0712815484093278
0.055627114044384925
0.06610664887053543
0.07178757548906707
0.07101123676964936
0.07043982287263292
0.07322216456654126
0.0713390934213583
0.07435484414201969
0.0694932708510969
0.05246352223069124
0.04240698360519792
0.0458075593862718
0.06379942831804138
0.06128347736118812
0.04294322469926986
0.06966325351188443
0.06296958080988185
0.0706234133719367
0.08662081139575481
0.07709982194034108
0.07510535103238962
0.07653671113123284
0.06309355052517807
0.05948043875778707
0.06993587156487069
0.07546088464379261
0.046690685041842324
0.07539146160322673
0.07118986848034128
0.07181502180743032
0.08612527849656618
0.07636499866046444
0.09282188784732412
0.08309537108819899
0.07021598546110741
0.0651320739273092
0.06515260100574893
0.0676797380671452
0.07118006622378299
0.06564963307358768
0.07879630424892009
0.06017593769076511
0.07958313714888846
0.9212530460987817
0.11055678509089803
0.09360018029113391
0.09941345231283505
0.10084327584964901
0.10126569859174953
0.11994207030762474
0.11260708784682634
0.09278951784551882
0.09278951784551882
0.11123034764228322
0.12413602777978351
0.10808218719059966
0.19699277411736427
0.1149964736810271
0.06286769889913274
0.08311428087812062
0.08023617194726447
0.1091508535952204
0.10253823514824915
0.10466797314776928
0.11903724518650496
0.08808902906707614
0.10398426437421632
0.11137959227391367
0.07443962008711148
0.11012013812653233
0.13690209592630698
0.13040898617258628
0.12148470800480014
0.11813565171122949
0.11533843369642116
0.10684599610455817
0.13557095877614672
0.11820719491015023
0.10347309267356389
0.10773828384618252
0.1211550093825079
0.122546171193083
0.13625504830522525
0.11361614141116715
0.08125931846612781
0.10433623201889974
0.09194543694844995
0.09584804411047014
0.10846730795922435
0.12568065008086154
0.11415965829244866
0.11739172379781555
0.12434993984216518
0.11715866915116599
0.13378996960929118
0.12778843323118141
0.11519400578340845
0.10196900739882293
0.09795192282689198
0.09587756344500326
0.10740296414324559
0.10453756322391679
0.12818883546255055
0.12941766246632302
0.0992645056691349
0.11063798218655257
0.2406070722438905
0.13174939527388146
0.1311174229082043
0.13503946590531438
0.09423821752785774
0.12469221020172774
0.15726436727940876
0.15097038517913922
0.11033457653212622
0.07908137648497192
0.12654224112215473
0.14777132370097618
0.15176053624662728
0.12221842922507206
0.11212361509368772
0.11706943191883672
0.08995442868822195
0.09742833322039825
0.12263066610146564
0.1264909031788853
0.14472385805362448
0.1306229528374583
0.12337355099154126
0.12496754633572253
0.12800802957310206
0.1442587826062249
0.11072305463029754
0.1081904498187556
0.1060762958799232
0.1248362818765612
0.11419652222353294
0.1284201473313737
0.1316870714308609
0.11462147629052037
0.12465539115211452
0.12302367794415293
0.11812262617174638
0.10312015876668368
0.1267189581628179
0.14512177771395274
0.10345765038331246
0.13028549764602163
0.12416628872655718
0.11710394130938298
0.10867771505312386
0.1077722391424545
0.11467766955991246
0.11687335415436134
0.11257078396068664
0.12775790548317884
0.19398860568791698
0.06977938392121795
0.0894098648976087
0.10835938990874601
0.10391079853257558
0.08097141111251287
0.07892691929440875
0.09345754299560478
0.09467405456983409
0.06714376434129142
0.09180747712337062
0.09170767954051386
0.10403564530796437
0.1031268450422959
0.0799036510830614
0.0801412879016461
0.1006070795870224
0.10357741630747103
0.08185180365038794
0.09807409836273198
0.11157900864384855
0.09760586490158098
0.10913162113851821
0.11012305083850743
0.1128966856516984
0.10846610933585375
0.08915530695420795
0.08781693243955947
0.09078961588534755
0.1068559151185479
0.12184360051742593
0.11349242657403993
0.10887261676815849
0.07519636707583707
0.08427436527186406
0.09828085721632386
0.09973101213273416
0.11090811661831014
0.11163790036947317
0.11567230134228952
0.1143010998025884
0.1070690965888583
0.12135213158779373
0.11336338448485321
0.09156057691528809
0.0928339841915917
0.08135022198704468
0.06941391232756303
0.08163689301403795
0.10102746095356763
0.9110924930084652
0.05289118325523954
0.05289118325523954
0.0
0.0
0.0633665936873198
0.0633665936873198
0.07190531837482371
0.07190531837482371
0.055814330297707375
0.06863420238816051
0.06885111565051881
0.06176878982474785
0.06253137790574774
0.0
0.04519487275802874
0.042591328741187394
0.05861186094120878
0.05916091455082028
0.05615854175720012
0.05194507710273097
0.05762014270122205
0.06412030356150701
0.061938353035004876
0.04845324794176157
0.0650624676323062
0.06243868786330486
0.056888506808992094
0.056582276100197074
0.0704785571582515
0.04870481570341381
0.055193179659932104
0.05839891417029512
0.061391994967583886
0.051755466631390364
0.06702348505598586
0.06685164792801704
0.0638372394761676
0.07314934504131178
0.05188386742848615
0.055014404998484506
0.06358265163994915
0.06802549134206703
0.07035650439498231
0.06718059577235705
0.07513967294893113
0.06372648024161044
0.0560309382611345
0.04461976213233503
0.06558569898906634
0.06878330464225611
0.05005331651349221
0.0677032734129481
0.051748351221979516
0.056762289148874635
0.06332326262415364
0.0626655723952008
0.07196622106443218
0.0667475534031249
0.07231786783179336
0.07214060919407532
0.060519777659938136
0.06652867370681616
0.07329364920418122
0.09261046383568555
0.09066010914658626
0.05458392272912812
0.06032258127590328
0.06494395757520667
0.06574975293016933
0.06168202875800113
0.07369849982827352
0.06010297386726842
0.0581683102198435
0.058600490484627475
0.09787423529858605
0.05339775163756948
0.06632801086506838
0.05618202679290044
0.07492302063721057
0.06672749734610173
0.059977888237205394
0.06276743181056055
0.06557130083381138
0.07113754497354935
0.0580612721080752
0.054542841693461366
0.056541832826049646
0.05836878429487245
0.07681750639136414
0.05403223592901193
0.06091130054772594
0.06457452374482806
0.07754263045445876
0.06556113974079089
0.03583611264234196
0.05113553658647011
0.052313136843965685
0.04743649397592991
0.07548024898122471
0.07792971114854962
0.06292125410212653
0.07285547752716705
0.06445456573254099
0.0577988749289552
0.05469566699964851
0.06223875914918965
0.0
0.07356145999756801
0.06548278373289358
0.06261916052018004
0.06680349069747998
0.06869788569836827
0.07503340382441795
0.08315147428981186
0.046370092818906
0.07601275185919447
0.07527203579920218
0.07190177621570103
0.061418984147266285
0.06572265559636163
0.07029023482426662
0.052092490930344765
0.07510328376489074
0.07360010386684275
0.11677789886836644
0.04072760079344879
0.03702098296992378
0.048032263906554226
0.03770263493144331
0.04652359053814603
0.03945581295364689
0.045577693462113926
0.058781723995777704
0.06408186453640759
0.04430400084101476
0.0542802063045135
0.06524516642323298
0.05383085108029321
0.05507233558127485
0.058976444592939825
0.05783833776781927
0.06218859850788639
0.07056599981522871
0.07210636181794608
0.07547444805636484
0.0682000017011116
0.06636786183603924
0.06851957205421315
0.05746629934807465
0.05431111571011015
0.07664718726870855
0.06776744318469453
0.06794588655986178
0.08451299457711961
0.07576544914887239
0.05922496621854111
0.06199585520392877
0.06199585520392877
0.05047389949514953
0.049786221157470334
0.0717757091009331
0.07522466196351792
0.05829349391689943
0.06169681860931775
0.054867571591818015
0.05464800225682328
0.07543851695462084
0.06700206742706305
0.07391157500195243
0.0737575474597775
0.06336869710251501
0.060137755117499886
0.06012043892388832
0.06557703127379876
0.11759991346272249
0.06052021413441849
0.05944684600753452
0.06344524821538566
0.0571658979935952
0.057410608324982425
0.0614038767496576
0.04853608996343537
0.042606733372450134
0.054665093677929995
0.0455245149660735
0.043951947541794226
0.06504405497589762
0.06114009808075969
0.03543092682179155
0.050619835512520535
0.055310809517394664
0.0485285115216042
0.044833817407352844
0.03381337767825628
0.05943511164598948
0.06192084056661418
0.06466562181607001
0.05587487375777508
0.0475081109989166
0.047655116472716995
0.05124118625405486
0.047529786972326196
0.059640055529918516
0.06294555998625931
0.049456666924368266
0.055841463422820446
0.0605620177974227
0.05614851254991571
0.04080876842015984
0.049952769654133644
0.0370578471568385
0.047423036877715055
0.056198709540969484
0.06590107081179486
0.0628692051475947
0.05210977347425347
0.05065422371093726
0.06269253781544434
0.04962094798599886
0.05973450084263173
0.06494726932836187
0.061714963675090995
0.06421971607735842
0.047645663792583476
0.09946892327244553
0.04663520488176045
0.07494718646719915
0.07712515115273703
0.059177933555460666
0.07386299809734939
0.06013330615791947
0.06762960745827701
0.058400858057588996
0.052074081457887306
0.0492381959292137
0.04714393834791111
0.05769622594453361
0.05540941074982176
0.029949431696442076
0.07556468144943744
0.07907127266742549
0.03463706466782075
0.04605948776845683
0.06315319299470908
0.05618021162381168
0.046848053162008005
0.043986743183320146
0.053789579924874945
0.05826297930943476
0.05467601315325663
0.06326703259942036
0.054535445280581664
0.0629550126663928
0.06006770781733782
0.06212806613195473
0.05057126829390355
0.05964250018857373
0.03838880081736049
0.05318444541908688
0.06010454067440975
0.04446157738278514
0.03907289779771206
0.03760830279737153
0.06397783755006667
0.06681363384202053
0.06860584114792699
0.07225335335013267
0.06915140747114959
0.06308042365540545
0.058850267807039724
0.07623969524195139
0.06624120431935739
0.0709776944399536
0.07234867500446521
0.09093519032743574
0.04843292536818521
0.02487578712340464
0.061677352564554554
0.06990171806374908
0.06646000647623349
0.05319373512197671
0.054059633217654585
0.03509584560878315
0.060197845146417205
0.06324071177456585
0.07601054923733573
0.06496892246656061
0.03628509055592439
0.058989776327630784
0.0587662530379221
0.05692449222008067
0.06175572715520676
0.05414381096401589
0.05514253551329389
0.05808044479651188
0.06813931878788976
0.061330781455866616
0.04917781286042985
0.06368115777561412
0.07168190904794045
0.07162701021438399
0.060485744447379926
0.048559640175147294
0.05394367490877546
0.053679814751255696
0.05277814315058981
0.04943409457611843
0.05582475825534313
0.054557854651587814
0.053308145147040874
0.06390280874981061
0.06254708360107364
0.06615246321017301
0.07064112505821617
0.07368655649184486
0.060088568904528995
0.05366791741246698
0.06026719196360353
0.06779250321333628
0.0662721699956568
0.06506833858520611
0.06485443095287462
0.06140958095318645
0.05348668671749354
0.10279414797527173
0.05388964795249516
0.059653827107009574
0.06781377174363667
0.06521249195724206
0.06057945636249659
0.059270260164006015
0.06006754484009414
0.06395528549948579
0.038717933360974545
0.05882867332225197
0.06014267734943114
0.042478388793051235
0.0440290357780554
0.06043937742155265
0.06491073959056644
0.06911017422849827
0.056596292526929624
0.048760998559715336
0.053009244882129665
0.05849905184690689
0.06685350982386742
0.03940960878315728
0.07012226291175812
0.06250478803072368
0.06193143408745344
0.06116063321346351
0.05730019124238845
0.06885226274037287
0.05597233414949639
0.0620852031168666
0.0658320499490959
0.061398091057506925
0.06477864653456289
0.06659641322196044
0.05925168075822637
