0.0627852454704751
0.0
0.8783799687588911
0.8783799687588911
0.8896011442482674
0.8895927106794467
0.8356793035754375
0.8353851668704331
0.8546219025780022
0.8546219025780022
0.8133154888134175
0.8169988506179151
0.837249727713881
0.8354477443866362
0.8288370585666739
0.8268996331706445
0.8354467273176506
0.8349627033329887
0.8635219483399397
0.8700342174893133
0.7893569266511793
0.7848348914371899
0.7809515502725289
0.7798518923556615
0.791134137377571
0.7799618352481431
0.8293197415849481
0.8314535605443237
0.8413343752291715
0.845413101431809
0.8086616427559529
0.8170699776390172
0.7676098766128744
0.7714180664150431
0.7851022580015401
0.7613883664707166
0.7805589893239276
0.7994562438682918
0.8064637885673558
0.8041117934910178
0.8150052284205469
0.818529896309341
0.7837358033170747
0.7796288487689643
0.8168836493234869
0.8122938555699308
0.8808946395123387
0.8907762855324216
0.7438234274861237
0.7338167642367249
0.857021061485384
0.8584702036228895
0.8509588960245856
0.8505019699026942
0.8398256058346476
0.8324284827785255
0.839789488099353
0.8413032454544446
0.8634913611563761
0.8639049356738833
0.7973811781416212
0.7919301692375618
0.7867791166032496
0.8027644586509227
0.8791770855422243
0.8690780919426774
0.83238404023716
0.8172498554915306
0.7905732778652504
0.7975069392639949
0.80046555029481
0.8132219743945801
0.7714516947062803
0.7731030011191712
0.8318916802644561
0.8282281064481655
0.9311282606446196
0.9329117750073626
0.8809307733254271
0.8744438577342436
0.8418083664158059
0.8447958521143623
0.7977492525096874
0.7936800968334554
0.795098286156976
0.7934005064125235
0.8014876746261836
0.8038003982255059
0.8349745166406333
0.8359034352025868
0.822485060856637
0.8236824747348912
0.7825514011956762
0.7800269228518955
0.8550007559995481
0.8551866105342512
0.8344610553781272
0.8350498255798229
0.8147827005517823
0.8172785997490702
0.8928354597313871
0.8968216132525447
0.8356429680638019
0.8316180735618932
0.7630186788985924
0.7538526729897861
0.8134802454328299
0.8262336320264331
0.8067914947336378
0.8242246283160459
0.7844032492254567
0.7755514209888805
0.812146904695052
0.8088471207944425
0.8184689988266303
0.8267490095418388
0.9094800887373289
0.909667145831675
0.876227226802687
0.8714266089231404
0.8291951194461132
0.823694949370935
0.8251401113966772
0.8379217424615459
0.9053622852799695
0.8966027745968526
0.8054110627382943
0.8070806889770943
0.7911045438750439
0.7882513023218152
0.822843949750276
0.8215146656800139
0.8818842777120939
0.8818764040596735
0.9058006962059457
0.9005884395825051
0.8496066337955767
0.9191154725444631
0.8928397348269889
0.9041979844674475
0.8994617400624897
0.8632884443277168
0.8087400451892253
0.8205292815886693
0.791090399404763
0.7472082567823106
0.7886663618816916
0.7764211847295762
0.8029624210764011
0.8297030354711327
0.8000110612371424
0.8588855941379049
0.8544313203147421
0.8792966556670934
0.8587613333584142
0.8224515945089608
0.7652885122193601
0.7923061042652477
0.8147309385184613
0.8182949808359598
0.9276891938603107
0.9222862130254532
0.7950017835479777
0.787178945718085
0.8467268043755283
0.8470243665974899
0.7532207881980018
0.7560453603243013
0.7948221472920824
0.7915685446498938
0.8286971193091253
0.8166240060664682
0.8162285635491022
0.8126593249166584
0.8122777006721044
0.8448430778215282
0.9184593798039616
0.9167651190023124
0.8563231572407002
0.8223863151783202
0.8197180072571042
0.8789512837975189
0.9235625080146702
0.8998287955117535
0.840015623069466
0.8378957173302672
0.8779045324220938
0.8613712523202502
0.7792071349644655
0.8364158270893426
0.847133728883534
0.8773209079349071
0.9042820754012099
0.8783360855272525
0.8199725963052745
0.817895028666895
0.8014173920679415
0.8708267843346442
0.814076851552871
0.7769595711607626
0.8269336944704835
0.8343912624062648
0.8292292288322891
0.8130748755912187
0.7898022293216918
0.7827477889410327
0.8390854610203139
0.8625213966320332
0.7719169950697832
0.7540243721616838
0.9158937418423095
0.9179949441106666
0.8591058258923724
0.845389224700056
0.8397077006970269
0.8232149701778886
0.8368481172616481
0.8305413203166735
0.817962670084386
0.8001896387321199
0.8460905181554857
0.8322261511769244
0.8184330545554012
0.8253980449850293
0.7225009570511935
0.7414007852395964
0.8592210985240945
0.8587159987932991
0.9076008082878818
0.8656579405272362
0.801679616380803
0.8175178361573757
0.8890862322498178
0.8735593799044137
0.8806241210494787
0.8600027724307253
0.7844509629597926
0.7955845391545295
0.8205028850485613
0.8260234258022969
0.8490844104325225
0.8582548532085837
0.8338025436548815
0.8067921729330588
0.8961026598187831
0.8781626553362962
0.813539992441865
0.8193974988586842
0.8643603227896204
0.8714015204033871
0.909848931558665
0.8837643831507738
0.7502800552649823
0.7457755770833278
0.8317630504639429
0.874116884949553
0.8750226977772368
0.8269792540924046
0.8139966606456271
0.8450125508447165
0.8394230872723655
0.8113193709895938
0.7893266092879677
0.8177094448623012
0.8824667824619418
0.862256621541603
0.8086469698865485
0.8594556172626543
0.8603829017855783
0.8398829534920809
0.794730875965396
0.8075449233525117
0.9170923572552135
0.9563770054942442
0.8849035863783865
0.8434443999769077
0.7724996314006748
0.8076816053447616
0.8407742436619047
0.8307000131708067
0.8366185809461905
0.8395189845596059
0.9039614564811639
0.8942481875217416
0.7826349247288875
0.7793768785438633
0.8428877374509433
0.8517801762941068
0.8902595905604749
0.894425303659906
0.8143914839368512
0.813861598893953
0.8721466364377026
0.893261612099541
0.8734901020144948
0.8315097474598222
0.8564377948678342
0.8434452760432372
0.7749421237880765
0.7657655385624588
0.8093815644350749
0.8792816875959605
0.8895568541012456
0.7945780010151441
0.7304907693226521
0.7882915388820257
0.8079523354104476
0.7590747830064898
0.7857063294369024
0.7893312728759727
0.8283605325503282
0.8185427960488769
0.7052881530495404
0.7214730199890838
0.8241120974151596
0.7965644851446165
0.7999946820005616
0.7819360050297924
0.8112425893062479
0.8494525695707493
0.879122601897518
0.8443311038816901
0.8852076509169962
0.9125068118535585
0.8714864220392795
0.8430119066160385
0.8901514803123437
0.8390186361182737
0.7624609399050207
0.7872850781444779
0.8005712303015898
0.7935667148540999
0.8325161015763154
0.8289190964074677
0.893678212296039
0.9001510504783589
0.8270154995052967
0.8320516722176888
0.8649972047325248
0.8571493042021927
0.9009078002680058
0.9254784284017422
0.8520208098146723
0.8559317201648551
0.8968613732214936
0.8978092466471705
0.9024899394778879
0.9185105004581404
0.8975132823596693
0.8697798748191857
0.8805141781353797
0.8612322753048518
0.8556881748465744
0.8818256283147131
0.9513719868107768
0.9232194616829746
0.8712394881177596
0.8812586366441386
0.8876710950502977
0.8823847707585208
0.8873430687254752
0.8975406222185307
0.8603367553918085
0.8760182146775065
0.9143151975383058
0.8939776329074888
0.8930368005610274
0.8944833749827817
0.8718247899625965
0.8729112435298385
0.8689800410608611
0.8618859221170505
0.8781669111124063
0.9084979847304915
0.8815239684382628
0.8297810744276292
0.8635218873413059
0.8920905281348491
0.8838718196588282
0.8656197829078363
0.9191547446722095
0.9142933764085495
0.9142092345145897
0.9397397471786509
0.9122570880049052
0.9187662940729279
0.8345317964180915
0.8565818962101948
0.9564742307484528
0.972146448802888
0.9225101983401943
0.8845382408709589
0.885004106940232
0.8518980316542485
0.8201290264538346
0.8754604421728072
0.8931580245491956
0.8835364155783595
0.884129236525884
0.8907051834083829
0.879820673209797
0.8538543693772912
0.8422111862454433
0.8262432988746058
0.8253709859542528
0.8659383166189871
0.8398235578765213
0.8905644481516778
0.9293158069151463
0.8870413837889286
0.842177004374381
0.8475450505463992
0.8897283223379084
0.8921227305420353
0.8606457580290052
0.8880642116179367
0.840213955835257
0.8664794841185459
0.9443682552534707
0.8906265473918984
0.8620418025894623
0.8605422027174767
0.8089382114487162
0.8166986567352412
0.8813759065182354
0.8724042611994078
0.9042824602031954
0.9240225593655529
0.8900743015277959
0.8752688314209015
0.9305991285221518
0.9956906565763872
0.9966136772229837
0.9307996496597778
0.864479727417918
0.8925573406829536
0.8907129938537114
0.8227501752198916
0.873959827418801
0.9075291978572525
0.8803032878271342
0.8556193592502639
0.8182284947967717
0.7978295572072129
0.8502985926769466
0.7993709586997741
0.7917630253866101
0.7979924203113605
0.8652308317875249
0.8594639333966699
0.7756373627734169
0.778561413209714
0.8455918461233021
0.8451311804723518
0.7931827533997423
0.7911808867023787
0.8303614930725174
0.8303614930725174
0.8369137980468848
0.8402866705191855
0.8321427881628919
0.8280536542540793
0.9852511067115494
0.9735668047038397
0.8791834726222321
0.8768470167243675
0.8200131969844345
0.8155558001618877
0.8099018651750365
0.8367215726872262
0.845904505211174
0.8245052094948004
0.7138032152862118
0.7094761558959605
0.7327815557650298
0.7398529533446381
0.8200958696565825
0.8194127495465041
0.8677818393707354
0.8726951106000067
0.8113314955639076
0.8170159944374176
0.7918326343841885
0.8063138078295915
0.8461127859365601
0.8458132683702388
0.8784272199443899
0.8800720225259706
0.8333829520764562
0.83170758642689
0.7718938796455054
0.7701205308445643
0.791300613834576
0.7895006780677535
0.8489903597718599
0.8556903885152894
0.8252013577800915
0.8271494059942833
0.8524647176080469
0.8394163096095246
0.8181552061048503
0.8288645715396933
0.8595548083036673
0.8635618105582743
0.767892652756344
0.7552110688566447
0.8333282875241639
0.8360820486791215
0.8191606328301622
0.8358739629089005
0.8658289698863411
0.8581478207673342
0.8937708656385794
0.9050081545481046
0.9047869102071724
0.8967665084453645
0.877844147926397
0.8863772820072363
0.8272012782807256
0.8214672545734162
0.8491212942567459
0.8428822244676603
0.9098023689538555
0.9074485292741904
0.6770543035340023
0.6915879313477308
0.8668075844525795
0.8593284858945176
0.920219612117246
0.9018885080818432
0.8206421346202103
0.8179126281349102
0.815092360361673
0.820967727498303
0.7508444029198705
0.753351369371692
0.7953376403101582
0.8021570241602124
0.8665299858029049
0.8622750161949121
0.8720174931629643
0.8752957337482291
0.8645198503510197
0.8412970624958065
0.7964805401421945
0.8123138182682899
0.8809773753630653
0.8741295970236584
0.7825334104511651
0.7819945950124231
0.8679165480751003
0.8676209788748799
0.8479750599887554
0.8494178935853842
0.8437922929176335
0.8436439117393532
0.8324243457744998
0.8248378085668023
0.8236936624236442
0.8254503153097393
0.8785174369756733
0.8886948191435942
0.820093464591631
0.8080569160654609
0.7997225267199383
0.8121444123191724
0.8490720209663289
0.8473517579331182
0.8650750087331059
0.8805930336496456
0.8061830325024082
0.8073422729917376
0.7832117906424547
0.7741113204070035
0.8205595726596357
0.8252889705019384
0.818566473632108
0.8255509553594663
0.7287533435682676
0.7294492608748983
0.8652064371272763
0.8566737470550673
0.8244258436272845
0.841168662619036
0.812040702058371
0.8164375371079705
0.8514488444964827
0.8391162851238069
0.8330698224504358
0.8234797295031056
0.8492009223374051
0.8472486885824176
0.8271842048339275
0.8291786845124897
0.7887464012460502
0.8038704148914518
0.8407891987082071
0.8364458122688387
0.8189156534392772
0.8049910487945164
0.8426547148030096
0.8296997983556003
0.8175891649515286
0.8327892554700197
0.854777952161603
0.8495584219233507
0.8479836348648646
0.8516348426153008
0.8256870119875178
0.8310843719400692
0.8504506842046069
0.8372623525198724
0.785085742486055
0.7796962786281352
0.8673358082363237
0.8695912307408755
0.8473651462073025
0.8599683588369512
0.8584658021995705
0.8468687542143816
0.8236432090708071
0.8120558694944972
0.8547204278411125
0.8540288651364774
0.8196687890003465
0.8331583300835103
0.8838445668024711
0.8779984928223876
0.860016677423929
0.8560868198486666
0.8342870617145536
0.832423042305737
0.8438717982021665
0.8514000935175545
0.8084854753655377
0.7965288062402964
0.882972279855746
0.8988837031839189
0.8693302629711178
0.8480127849846951
0.7981775477112156
0.7969342519230256
0.7989423170937662
0.8146754567594557
0.8247597691851845
0.8293034854428464
0.8641912836776945
0.8483244869860274
0.7922393610567035
0.8116304373812432
0.8607568591049091
0.8442098614544085
0.8669263927263289
0.8739275490245227
0.8868052073503156
0.8931991741810964
0.8401546470191079
0.8472536222583934
0.8155551301798025
0.8223075233943065
0.8601281061712649
0.8645154586650499
0.8652084459693608
0.865916484055728
0.8764970841680685
0.8609393262246512
0.831047613960273
0.8404881587016342
0.8060068519197114
0.7989155526159282
0.8727321290114242
0.8873570625422299
0.8083925538950394
0.7951816796185326
0.7807467614292316
0.7776450720933505
0.8894528314149287
0.8917667364986186
0.7938716117717511
0.7996980718263484
0.8804496816003574
0.8913843436621024
0.8769828802762634
0.8793866273753322
0.8652807191176098
0.8623497563518245
0.9440817783815683
0.9469964640693098
0.9025572076892365
0.8921021955890988
0.8894423339751784
0.8853407704743835
0.8224337811169525
0.8377671743560484
0.8371501166822891
0.8343769631506464
0.8875471605795674
0.8755135774312512
0.9222029047500212
0.9281340793993991
0.7908748111372682
0.7929587091664678
0.8922903012218834
0.8777134735415825
0.9038030318232296
0.913501591096001
0.8890154740493168
0.8836312607957595
0.8032613821836336
0.8210191575203885
0.854210444817771
0.8374110423408837
0.8582349104938747
0.8618436865337726
0.9259554190795165
0.9254543282204017
0.8092683039017788
0.8215255603163971
0.9058413712288031
0.9025312850150224
0.7887843003219897
0.8043114298414432
0.8656499918248477
0.8418598253420387
0.874514376829008
0.8758587029103008
0.8561078516450077
0.8716252170365769
0.8850873586758807
0.8931446218161924
0.9083847185660285
0.889695178673472
0.8041245303160165
0.8115131285377408
0.8280200751701997
0.8311492708015976
0.9021695872448747
0.8947511589261217
0.8094818532796801
0.804924560164376
0.8418396330997588
0.8356119671038429
0.8931469411963753
0.9176988129137357
0.8278376864200697
0.8211443377221334
0.8571236686712492
0.868020897283871
0.8628372958137606
0.8636555817290145
0.8387831735669102
0.8343047637709737
0.9983218725507333
1.0
0.8708592218957355
0.8615955510724109
0.902042605974562
0.9113871150912695
0.8726601806984847
0.8632960349914657
0.8774438563281235
0.8810464956252497
0.8822964069003123
0.8723934946791729
0.9180427185411081
0.9128186126949167
0.8600862170161996
0.844573548062606
0.8044674939794112
0.8144883019088877
0.8454532924838224
0.8257333783076353
0.9159219194150832
0.9143929422480825
0.8632874245963751
0.8653756358953879
0.8307432934529272
0.8245390298359202
0.8562394367233808
0.8672156715390004
0.771538920379475
0.7786515844709505
0.8835594831191883
0.877025781256798
0.8281526897927374
0.8274026287738196
0.8477138995932608
0.8467648603492657
0.7734096943408313
0.7787079989979059
0.8370017722394559
0.8369765954459729
0.9078635110722573
0.9073004977768919
0.8839150720872042
0.8839987044443899
0.8550467156234722
0.861439799012912
0.9360464616339124
0.9367733519344953
0.8808755611357542
0.885725622789763
0.968730936143919
0.9646160349316637
0.825157394306463
0.8253241329947437
0.8751055662672983
0.8718311527140495
0.9714801727045482
0.9712203340392955
0.8769569941055455
0.8762828202150295
0.8546686149351069
0.8502124567377385
0.8537686519224997
0.8520734491433666
0.868473056113822
0.8710289223520093
0.8662355239266119
0.8684210531464
0.853781531558276
0.8533217196087355
0.8135861522187235
0.8068568520308036
0.8635085603627607
0.8638815352996857
0.8883060408415258
0.8863150012212571
0.8501934556788835
0.8553525244419955
0.8220863886779146
0.8157461385153119
0.8159252726383295
0.8168919321686648
0.8151757272762283
0.8190569436960249
0.8632884149440752
0.8606969983481008
0.8936098402854183
0.8913138137803007
0.8881388204355821
0.8867470374769515
0.8576867132880881
0.8573160204690474
0.909905526034963
0.90580394061807
0.7979685343941982
0.8023529193541473
0.8085439882381936
0.8095829008831845
0.9192261584954522
0.9143307246103254
0.858528959866328
0.8735048695961921
0.8216398571382338
0.8122350425647655
0.8535652525346448
0.8563089047792823
0.8504533679891623
0.8454086135715784
0.8614292374587762
0.8451307478399008
0.8563544288107405
0.8630188982778375
0.8082323327408014
0.8088536326970758
0.8691175431390119
0.8639522256654282
0.8821352657919256
0.8794517512089562
0.8399748845772338
0.8405262603435503
0.8598988896856794
0.8573737991010602
0.9073701402552256
0.9112491999302286
0.856269286823506
0.8580688302939633
0.8792386354312615
0.8838399913390932
0.8492136166548855
0.7763792048166098
0.7431690081804296
0.7495404549041923
0.7501885308290978
0.7578430674344913
0.8585381766263582
0.8487279245627034
0.8118475810343956
0.8005679675507138
0.8361904017140113
0.839299275790399
0.8277678379349278
0.8254684777841346
0.8672869563163708
0.8742251802309587
0.83626462432503
0.8454507825307735
0.8481907765179837
0.8368271708230552
0.797578558294002
0.7865660097845935
0.793991251718527
0.8044484655556003
0.8674112694588987
0.8086592385395222
0.797047725797951
0.8103016672012852
0.8583515326689019
0.8625959615619087
0.8202721946756165
0.8199187888969011
0.852830610263317
0.8485743379526919
0.857410492415017
0.8597323742996376
0.8548875612651299
0.8514147064699884
0.8990394004048156
0.9037779143529284
0.7715628629908581
0.7792616457438619
0.8876343344742159
0.8688691965128786
0.8766456837776287
0.8712791270963796
0.6850019254909209
0.6879882855052132
0.8003539655604838
0.8109371547357294
0.9128852129970748
0.9181020431987541
0.8093369137246799
0.8027734245638155
0.8578128558316124
0.8648085465831222
0.8393154176628322
0.8287368442366588
0.8208087247993274
0.8260178112107592
0.8198930741375674
0.8167577238533662
0.8057494339503406
0.806567722975437
0.8023953498473673
0.8235348480548206
0.8722071383391962
0.8550143335294925
0.9025198992633813
0.8974403999170161
0.8186264212983683
0.8122762185301045
0.8631814469281957
0.8624256205030837
0.8121819690214523
0.8232465371650594
0.882073280676227
0.8798952708981381
0.8997469606815238
0.905462869423356
0.8745584431624908
0.8617889535365488
0.784672512816847
0.7941448122013259
