0.7052594333777849
0.8237466473888196
0.7299592078280239
0.5839536908155537
0.6422670557854593
0.5700530670692703
0.34531180702949005
0.5241877044938511
0.5766096689253063
0.5989330499028405
0.7394088758499778
0.5699228819323652
0.432770351509747
0.45132610470840023
0.4621099080938486
0.4048356201193496
0.6315720015176441
0.6550205448684708
0.5470648463827872
0.433521232352746
0.46948906562804593
0.3044673932181038
0.44485929484132225
0.5130794662769335
0.5583883419731885
0.4646613677377133
0.46608751139899324
0.5662281104361296
0.7208985687009063
0.3602889237723142
0.5753966181975548
0.7561647716502092
0.6865949021377898
0.5954772757764709
0.6071054444021148
0.6737155757476206
0.45345936906753415
0.4097055850264952
0.4990106071160035
0.692682140965297
0.639731908284051
0.3887824260728921
0.4427205561096677
0.531965854354699
0.4425023087870371
0.4647221183438108
0.841179298975849
0.851437772864235
0.7069302119200268
0.6181990566981638
0.5086369450475454
0.42558407192679437
0.43723792154897617
0.5393329080102834
0.6206945794142624
0.5674056275697549
0.5048052666316012
0.5598564940667395
0.6848253434706917
0.5809326008334981
0.42132304516215713
0.6560465844307961
0.8262138891568557
0.6170482040526368
0.45994484724326085
0.5250043260061642
0.6318813393743966
0.46059510172983315
0.45487140094821127
0.5406627205028899
0.5133219736369787
0.6878505639342088
0.8582976362012098
0.679449461663331
0.5681166626307231
0.5539376715513714
0.7126538154024
0.530125821007952
0.5003348678399175
0.45550111881432287
0.40823667509384587
0.6637018588612579
0.9070601917978599
0.784849565833039
0.6524432000920632
0.6499430251199017
0.5635275984093081
0.5610249376350348
0.5759114274129433
0.5568691388631547
0.5302132324128791
0.5601956727521955
0.6382221766751253
0.5402680972746395
0.4729877263427906
0.4606852302379959
0.5912697550037995
0.5425660178213283
0.5120056524478368
0.7586922757633173
0.6050843696720771
0.5179233795654004
0.4666890838090775
0.515843134392086
0.5504076588719777
0.570331451335442
0.5105183914007692
0.6046021824736488
0.6425748007053426
0.6868667052737717
0.7259234803297916
0.5735305184366212
0.669697784923614
0.6834235981253206
0.43170492423677354
0.6867082353191517
0.6732372257645046
0.5340886482076012
0.5670476892812019
0.6726015394378093
0.5811291038790829
0.4026286595003206
0.35480453670979745
0.4099836823636689
0.5782663236574541
0.5265051932129731
0.3456836169939827
0.3179978277287224
0.5416913204370758
0.5212814891658344
0.6755284311217765
0.7402872866080574
0.5171185194918685
0.5497460505010807
0.570377094433236
0.5865039547993832
0.5575350719100044
0.5268345296586752
0.43169187126299646
0.7054001811454983
0.7297002241541146
0.6410010592387401
0.5133881418428223
0.38276562006771775
0.7265038298762944
0.6338384718873583
0.5970855529116688
0.5327240260156192
0.40652653487562945
0.5656856801051697
0.45688966240870676
0.6606171344394164
0.6487029143064997
0.5623552825950926
0.6914470589161408
0.6958768516644159
0.6875612977513292
0.5189981084233553
0.5285790731627842
0.4871264226186332
0.6267627787019027
0.5504755514864667
0.48360187043930997
0.48967173161155153
0.8158745912524995
0.7035026080644432
0.5774122667920156
0.6308606710971908
0.5197685866750483
0.7886868609525215
0.7842672091523675
0.5166493003998966
0.2817766243770883
0.46166087429168307
0.4966309969414734
0.6142710439936961
0.6195589596462906
0.3955397529949158
0.6658529149547482
0.6827109399424133
0.583628236575567
0.5060817288535651
0.5859678731816956
0.48341474287808656
0.6370178400842579
0.4242996983172172
0.38253449926329414
0.4880112158395614
0.5467007832770966
0.4187935961342555
0.4348769483475063
0.5220925019981872
0.44812247955520346
0.5643091196457029
0.5799754596524558
0.43828352215611927
0.5497558951282072
0.5615018035381614
0.6080570490990292
0.5645099483703244
0.41657905474176776
0.6465197189018205
0.6106121931191957
0.6210657644480263
0.5177434240505353
0.4679373471081605
0.6265078861816122
0.7058672737944586
0.728492680890478
0.5327919952523611
0.26922269263965914
0.7997265235581285
0.6960406456367532
0.5550273787150225
0.6503456619785598
0.6131237851015781
0.6630673004640175
0.6483654287091714
0.6764034488138433
0.5818992683053317
0.6930190214190022
0.6907993479241654
0.6630092006520742
0.6261509850086896
0.70005567982658
0.6249911891125842
0.4727906060854085
0.6468719873102134
0.6454227379607171
0.5337195382493954
0.5487972657863561
0.5608897586058691
0.48207583070177973
0.45632691579727147
0.5665469867729145
0.5261192468722103
0.6140905203042409
0.7509118990554866
0.6294324078639634
0.6417983509292999
0.5306822227042087
0.7282395719856111
0.6852931059387198
0.5252349246888532
0.5972910222262544
0.41035119960820315
0.4803712755572991
0.5674328185593075
0.569925092019601
0.5953337348140366
0.5231513939117466
0.47377935708655844
0.3591287207225528
0.5036025380471519
0.5947917531423719
0.6383602229414957
0.6247150436786473
0.5726875015317177
0.6122513549582679
0.4375227621719125
0.4008933455063985
0.5869280094040489
0.501212022109301
0.4569460192074864
0.5726857021279019
0.559086765906414
0.665758716385574
0.7457197656041493
0.5526573140329717
0.6989894896012553
0.6761113021008619
0.4522639736641125
0.6443498123067022
0.6461370508071345
0.4500168584042923
0.4245224805434232
0.36509825335634666
0.3768736827171976
0.49514371799541873
0.64644952596413
0.49620599278202127
0.4782519154308915
0.4729600002069485
0.4694245687474165
0.6240296273313861
0.3075629599196761
0.551918856525862
0.8748298321605557
0.8611528486887944
0.686183208652046
0.5271703809487439
0.41984240145080187
0.40546213377309376
0.5356339419271117
0.46107201245722457
0.07642597293962375
0.4184875408569791
0.7002242893820636
0.6649034002217715
0.5607571721607256
0.48239183041341377
0.4123091502538151
0.6599710122529374
0.5804877712279356
0.4718682732837372
0.41977763284991837
0.2978729711077594
0.5514005754856568
0.6417853306563677
0.5471836714029052
0.5620877670946421
0.5645334935352287
0.601889568631452
0.6518588042812055
0.5953707420351809
0.6227001058864254
0.581320456886423
0.5259827740804346
0.6003218333828813
0.6919623770775876
0.6615472282889748
0.7080715805616012
0.6200544721350321
0.4762954360343599
0.5656141052801925
0.7742030479961514
0.6370198050862421
0.5410641216547175
0.5898085168820598
0.7663912277699245
0.7541425127692445
0.4273526052095372
0.30890047315463615
0.509851243755474
0.47723290118105105
0.5567357975589856
0.7208333666284958
0.6749706205403707
0.5735430379693218
0.39689185812347666
0.5616598243797647
0.7335114611727052
0.7148391504115128
0.6462377417438282
0.6707355550901661
0.6719255329887537
0.5503166161486918
0.5309686817958682
0.8074627144231571
0.7762275096788827
0.5867667094201446
0.2823667821651302
0.256528056489011
0.7801719239913798
0.7145740474589809
0.19069083590213082
0.3236713451469594
0.40722210717339974
0.6398438000043165
0.6409567634859329
0.5018522175440961
0.6114082004928221
0.5171755181321671
0.4511528623658339
0.5167209012556857
0.4088320695521215
0.5722641562698375
0.5552868435061814
0.5610701456788246
0.5115381327249922
0.3066865822215814
0.3492993418604494
0.3893031539049809
0.45610994848091924
0.604772028457593
0.5749846313082017
0.4609969635419598
0.5748717001407514
0.5966904309608343
0.6198996381781894
0.46784246173131894
0.5666006712657561
0.6307692752429431
0.7348796795918014
0.7717341350222476
0.5928639833348008
0.3552839702973216
0.49326219529584264
0.7768320984169238
0.6979986916855326
0.5788495193854247
0.6186318780003428
0.5405654616163734
0.558880863187738
0.5378638192421505
0.3942718945181186
0.2755011647406293
0.6942277495288682
0.642803957691621
0.4860856471844868
0.4999721781926997
0.427883160827743
0.4661879806499245
0.6145566781384262
0.5263637483694674
0.5858579176118425
0.7235827218493904
0.5932085240425977
0.640185409292695
0.6125042484489296
0.5048395507993918
0.4925183081300317
0.5192427783824016
0.5590089920711436
0.6496487673103502
0.6210058381797177
0.4862542100879712
0.5358731919812514
0.6524530780795041
0.4824537854714071
0.3767941678507996
0.6086350223005471
0.5799620450155698
0.5247191799310783
0.5519039067006706
0.6969838713495091
0.6383483357020305
0.6981230884980756
0.7511788874022456
0.7133946702939508
0.6559437564343845
0.5428106978838434
0.5637406234327595
0.6502389224151741
0.5685278200815161
0.7646532774477329
0.695514638831071
0.5970133951774046
0.7335032356656045
0.675956321248194
0.6512612574101301
0.507773655419377
0.3152500611878989
0.5570808938792896
0.634874925816151
0.6887071177694021
0.75439895396661
0.7351986943042996
0.6459854598386534
0.696396829879666
0.6055063948517584
0.576167378471654
0.5361284409445787
0.6472341545299743
0.6225993962003978
0.6956573460496089
0.7424670576105099
0.5564167017412551
0.7453818452791648
0.6721460763981398
0.5230978945088618
0.45169195688740504
0.6475257752833037
0.7524845458020614
0.6405625656933917
0.5706741718283951
0.6262670363189395
0.45983232852464584
0.48453405519953024
0.8779167192036228
0.921103711072998
0.6998355096314409
0.6931541298436364
0.5766153249376729
0.582309422207103
0.5976773354690985
0.5728400464124651
0.6918025504931294
0.6304964613651287
0.5300816568308839
0.3673532380434477
0.6465250847070205
0.6578025029344761
0.6467200648944699
0.668833920894608
0.6077205251932277
0.5875619933956534
0.56547693645303
0.7254663787246366
0.5753756946547292
0.27222290220385065
0.46160296615709673
0.4222583405613797
0.3839125860536146
0.7051499989667511
0.7021060910813056
0.7134300052408081
0.6846849865415648
0.8224533014248573
0.6707055035766912
0.7064152306162145
0.7766076315833712
0.4595752940542826
0.6737219198858172
0.7724454199770886
0.7889986212341236
0.3953578018112967
0.4354058192629367
0.49998175520819904
0.6660866598260281
0.6581102932296934
0.5549152113122493
0.36643071278652606
0.3537759432285888
0.6240381919371057
0.739529508336776
0.6436109938106322
0.41252268697973116
0.4673237112491083
0.43103863632493766
0.3923622335502153
0.48930272671391783
0.7268359349160778
0.7608134924776492
0.6994945667511242
0.6096065846332017
0.6724861738006006
0.7114364793235718
0.6501374707899461
0.6551537045924433
0.8238298404738409
0.6801516247063129
0.5984570286615519
0.5686992322493181
0.6737878669123231
0.6261124387410579
0.653085094909793
0.46857073169820707
0.57749500326212
0.4444403535360533
0.4263271200044927
0.6848995870428342
0.5716476932341245
0.5306149926095172
0.5620382107582276
0.6357093152996405
0.7164591617035228
0.6234341295722488
0.6787277373546329
0.567841980754139
0.16837657469882314
0.41673148653502373
0.6598242733305121
0.6614881190296916
0.5217310830665228
0.5798781597054073
0.6517580613572856
0.7838605267600088
0.7682648315364171
0.6811694934685087
0.6828706014350157
0.5198388444853957
0.7065958930230734
0.7690331162156099
0.7782138294609614
0.6429372708307799
0.5286406573996106
0.5898824559839494
0.6335862668378589
0.7165463481712299
0.7348978914218102
0.774090218441752
0.8409887332409743
0.7901575495244212
0.5533909714115371
0.5947859240039419
0.7553539734680402
0.5859018183202224
0.4496983444971856
0.5480559086461441
0.7227365609464116
0.7572675326222397
0.598241313812165
0.552836075955014
0.6365165375584455
0.5342100384737799
0.5229440610625452
0.5168329619251258
0.43393905683605916
0.5796334210164976
0.6497300535124321
0.792290714630655
0.5804035751433618
0.5373210987510879
0.663884957956399
0.6315077397979519
0.6977151938363081
0.7079776942413866
0.7694454672455446
0.6549992033772519
0.5836032831352703
0.5283086003135005
0.3857127623358261
0.5158413269610462
0.5357666023149181
0.31181644104293366
0.6607629926977551
0.6509551777478745
0.5886719169481852
0.6236748227529522
0.42898741165195375
0.6611951713126974
0.7945701307167394
0.728274520081169
0.6049110090245238
0.5634334014210036
0.35684646415477916
0.5157435053610652
0.5881970585979824
0.6683230114915895
0.74727703870445
0.44047958054901964
0.4749189029472021
0.6521387957752904
0.5986439877945857
0.5120840427545975
0.5490275478097721
0.49943122940996454
0.6049463886991595
0.6861728980263055
0.7932790590776083
0.6130691413307796
0.5610454293439924
0.722711632213358
0.6402077854296749
0.6102726180666085
0.6344778225092603
0.6236879679245627
0.7161549435559397
0.7887076541373272
0.7535954032547151
0.6990457981774028
0.8402778150049129
0.8364330304832529
0.7047157570710852
0.34908842850875904
0.4181102461375289
0.4726468610826207
0.5669723175865976
0.6331209244822189
0.5668677615288922
0.5384890958228631
0.3953847354443547
0.5553915314072769
0.6698440410539014
0.578390410522471
0.527664538549871
0.5168638887176372
0.5179961917173612
0.5503567052899387
0.7602641118860878
0.7124356925329723
0.6769451027705943
0.7163542322127339
0.7132878061882693
0.3856121227137097
0.593718880687379
0.6432227398828608
0.694957049318594
0.5454721841914163
0.665553649857197
0.7222759430324901
0.6228097169301211
0.7139913648596398
0.7215100875670705
0.644279191842814
0.6319787805592414
0.6726340306559091
0.3913772258146924
0.6735569438963903
0.7016187538696724
0.49970301171425785
0.5220717762239021
0.7410129775847589
0.6406992716539429
0.5247769088186373
0.4407848788447675
0.3813073777316537
0.6644833456031323
0.7059799043389839
0.6327943361618402
0.4036392957696147
0.4362707734065896
0.5397811095961803
0.5098683139563988
0.6901299117583966
0.6534215890585308
0.6169981473272242
0.7525396202085102
0.7536736038489895
0.4288612951441902
0.6364831133506392
0.6424326242385491
0.542027863163863
0.6082007313775019
0.4912740298574635
0.6483575845966301
0.648575854018232
0.6527985966592853
0.6033266448643242
0.5410483154769269
0.7271301421422137
0.6422874667137428
0.5477668848600321
0.6455025485797917
0.5334203342596667
0.3100832800586082
0.4722160918708833
0.5180943188150724
0.5088694933969122
0.4415148085937509
0.5014209769131119
0.4349769112189558
0.5724458771839481
0.6695760298682997
0.8984240996837978
1.0
0.6572019365174068
0.6119683067654272
0.5533080138035559
0.37140377294697785
0.48373808447954
0.5158765815063422
0.6131184624179142
0.5686199914681062
0.5016889585705677
0.5962779077293511
0.5241437725068757
0.6862990140866705
0.5689660641026533
0.4018984301110376
0.5810136637466552
0.444397981863838
0.6766245285608565
0.6669646762659419
0.5853898029040389
0.5710184211843481
0.6339349826978472
0.6644896641465939
0.623804509183708
0.5161161153856634
0.651917471070993
0.3244824572202881
0.42440064184106535
0.6050585275575653
0.3343137938095475
0.5074278325877212
0.5248334678823628
0.7147209640265746
0.8398025590122912
0.5241177940414783
0.5741209180433484
0.6241734273206743
0.4926972399688535
0.5723603309341314
0.6714407723024621
0.5543916707003783
0.5848112450871144
0.5679764391656368
0.5314806598306102
0.3002396313579434
0.700591804073155
0.5072315000871012
0.45981155831906084
0.609817546288204
0.4892854214145236
0.5740339768493896
0.4329652461019821
0.4034545527941564
0.5454516605720553
0.4876532609405732
0.6965558837327556
0.7315989110995794
0.6224401164891789
0.8604507183226641
0.7299372157564411
0.4696140390416274
0.4648971885966277
0.5357428533675658
0.41989911854521844
0.4375034489192867
0.5262066413900963
0.457254782867245
0.5752677708176264
0.6816129947718684
0.6337493253309676
0.692510607795247
0.8060468503475211
0.6844835109899037
0.29219417653917534
0.23998537084081645
0.3937400571868992
0.42775765439857705
0.6544971383550566
0.6360648043443812
0.629557171879321
0.6139586811586965
0.5784432489439627
0.7426724362878502
0.818111915431287
0.7799330116256962
0.7002209193271467
0.29157856017854444
0.5524847152208939
0.6411644721778937
0.4397944978236245
0.3562461641583439
0.49831200503839707
0.6680288694847735
0.5721406476303255
0.5722946459977092
0.7849517093405762
0.7068554954268446
0.5808142700640545
0.4716436125596295
0.43603585633901265
0.491450507654354
0.4265191533632623
0.5819881895079362
0.6395126543432356
0.7277295662464048
0.6365290443661196
0.4761573732728932
0.5842256991384358
0.3530246436106199
0.5014094922757616
0.5890664593785021
0.5602355956051208
0.6102540537593142
0.5505931215156931
0.28888924370253316
0.359315191920943
0.46244610630342764
0.5815920308687663
0.6789666423867461
0.5127498505156309
0.3743321499005977
0.679456393014265
0.6721616615828874
0.40543427816359257
0.8565895266896535
0.9826945669312996
0.6772210223084553
0.34277592893220343
0.6413437164213427
0.6270694615868646
0.6993842838165957
0.5560199091535066
0.6285881608856698
0.6867470535525978
0.6391472252650222
0.7333598480533741
0.6057908198182911
0.6469684330551576
0.3330182886943811
0.2154645506466175
0.5819855515331228
0.8168444967264091
0.8962426982209712
0.7604354898839227
0.7188392380034281
0.765001610112475
0.7334791977273015
0.7744934303668592
0.7993002336204688
0.6799086364722536
0.7195229143907973
0.6517122475051056
0.656204716117136
0.7112958998884288
0.4919435417491682
0.17792341533831046
0.6752049259526745
0.7853137033530455
0.9563099687508851
0.9791322070515426
0.5367393841280843
0.26812068834115554
0.7212011066114554
0.7524616843160883
0.6459443956706991
0.7754920674038673
0.6166268081123342
0.525246927594295
0.6577305109007539
0.4243177301784962
0.3314986608291583
0.6009995030470882
0.803618014772715
0.7157548394725406
0.2072423123212022
0.5828419700083234
0.5754141728826371
0.7074723228266213
0.6760022731792181
0.40140831153498086
0.6909957436432916
0.41895572597325004
0.6671053570198678
0.5617609367821517
0.3952401147496902
0.6231113222221404
0.6382622717931776
0.394107767837477
0.7155417781846742
0.8026549017538551
0.804794618100843
0.5231340931651648
0.8133005964806377
0.744977230667875
0.29661600214684036
0.0
0.2042383341257566
0.6267874018667546
0.7957603524867584
0.7680987879595345
0.6580966195849186
0.6148186754006537
0.7867634926943373
0.7007409431721077
0.5087314845775137
0.5027565248639373
0.66216846243425
0.798421016579622
0.7927573250216445
0.7759638997997808
0.6971607623819824
0.8188269611312657
0.9365408942339715
0.7765659745335267
0.4159113857588812
0.42744843203549526
0.5889011265026224
0.7116582850817598
0.6061733640725983
0.4209685909422492
0.6105415758343766
0.6959708554157977
0.7398612216411407
0.7953230971532627
0.5905287317215985
0.5690880483687022
0.43804319097288724
0.6747196650254432
0.6099462936010711
0.527087083501045
0.6351567746727786
0.8319506259866167
0.8209721177622429
0.6768161430866306
0.59310715263973
0.8373365824431895
0.6658726150640636
0.6939918210665554
