0.7007446858790511
0.7987903475444922
0.7211832264352948
0.6906984140826644
0.5888642795690189
0.4028956438133238
0.5509116628350856
0.6145842190401005
0.7290026267095298
0.5887565541237596
0.47526573820228146
0.5392853727473187
0.4521503392499286
0.6397698957005787
0.659173069005915
0.596235701217993
0.505649696938095
0.36909775590702626
0.4852690829316962
0.5343151103340253
0.5016548791180522
0.5028349828116637
0.5856992089150412
0.5879734104801198
0.5932859550247941
0.742867775824926
0.6853001813358843
0.6237321746061081
0.6746428113549198
0.49238546232266
0.4561801321317504
0.6265875481144045
0.6465220458352435
0.43886666096222693
0.4834993219003072
0.4864943881107883
0.501705148958736
0.8132154977490891
0.8217041677584185
0.5743955617167467
0.5380437385443587
0.46931924395389935
0.4789625578480884
0.5541102034532941
0.586673579419507
0.534873105757386
0.5804268312325258
0.614907225610086
0.4657933344960729
0.6600220950263406
0.800831937885313
0.5743105948710607
0.5515873998517186
0.6400258662295224
0.49829013006408945
0.43325958723593944
0.5419205005376799
0.6863392148947833
0.8273805594722582
0.6298293749961215
0.5755291308802707
0.706863380493163
0.5558253285629108
0.5133578503469018
0.4549646402537818
0.6663566725841794
0.86773054210858
0.7408945254195605
0.6549715288859705
0.5834645923725295
0.5813936935537344
0.46173136193089315
0.5558976596503172
0.5807074944156035
0.6452727748841975
0.5849411009209072
0.4983647094969126
0.6064206397573542
0.5661193281138007
0.660260862697314
0.6178519409919182
0.5457280665489912
0.503332771247983
0.314990925709324
0.5890946366569282
0.5396005955785081
0.6174529412913082
0.764904007797403
0.7178437473516802
0.591741796970935
0.6713181744895751
0.667240897683683
0.685393962144624
0.6742469868687614
0.5591044841924728
0.6700845569390212
0.5980294655910966
0.450324126050738
0.41075067669839305
0.49325983100436005
0.5528293356976389
0.40320330868912296
0.3802939040761526
0.48639814541727294
0.6761429108057037
0.7297294930191885
0.5450620618740043
0.5698577328565269
0.6024770409622658
0.5785059035336036
0.5531018546356435
0.6443879242569487
0.720968922926845
0.6475722413870963
0.5419752533274834
0.6262722116950542
0.6416453519588636
0.6112330894275475
0.5579752882125272
0.497226314852496
0.4952239574560717
0.66380412841712
0.6539453634363623
0.6602855522923492
0.6929807981052053
0.6860998532511277
0.5466173819309811
0.29862714792599176
0.6357903656137122
0.5726642998066227
0.5173277442044164
0.5793245643839585
0.6992909501176453
0.5949538615730104
0.6391812848338432
0.7739320206356407
0.7661219480350534
0.5446737930070009
0.3503216249693223
0.48449975489467456
0.6254537195457136
0.629829357822949
0.4444582059630049
0.7301059026271379
0.6000974450001971
0.5359293512281567
0.6020334447704611
0.5556722578842285
0.468256451977333
0.4336966337723967
0.5209763841938659
0.40792485317760435
0.4770089024967951
0.5491779271174805
0.4879692992130853
0.5766466297289098
0.4798277702190669
0.5720687994025816
0.5817882899951139
0.622474215976788
0.46186778283563573
0.652138815449026
0.6224260978911765
0.5495803842341387
0.5043656827069348
0.6355794474482879
0.701247660958153
0.6027312769733802
0.3399335121761193
0.7789142034902771
0.693116334150412
0.5948992052875102
0.6245043870956418
0.6658315889416778
0.6536661012478739
0.6380789970142666
0.6906160040666435
0.6887792712318057
0.6657835125770493
0.5380564805062179
0.6343244127264398
0.5083816517853682
0.6524303101007739
0.6304399284238332
0.5712755539127775
0.5812818357683314
0.516064978622132
0.5057584472397019
0.5525099732696902
0.625304340013697
0.7385211349363499
0.7041782011142105
0.556285739189632
0.7197602641739212
0.6842229725352833
0.5728782402023707
0.4567143645328812
0.5146544953190958
0.5866960793878309
0.5342985383177962
0.5500541377631916
0.5091998223106797
0.41432884744223586
0.5674948191001938
0.6453870052476989
0.6340959082248172
0.5910442183256246
0.44576748830792606
0.4488881904508382
0.6028279371719857
0.531899771970655
0.5371684343437391
0.5797898974721067
0.6680586786496132
0.7342247544033057
0.8182890664961147
0.6766252242037104
0.4913962979283534
0.6503432636703271
0.5784014533945089
0.4684407995540566
0.4192685093441458
0.4290124278986978
0.5224956128592819
0.5277573886611442
0.5129007696733765
0.5085218218355061
0.46470740116834497
0.3716592718310727
0.573858604177383
0.841060601704206
0.9749649668837798
0.5533797644694667
0.46456813316458506
0.45266876603746414
0.40019350908286333
0.18039830740578755
0.46344701470049987
0.696578210797653
0.6547202306133202
0.5163264616949836
0.45833452724967383
0.6632694759837853
0.5410907578246702
0.4645145385182617
0.3636410111898308
0.5734297375866735
0.591998657067723
0.582273162435457
0.5842969492982121
0.6152083107527233
0.6410784126350253
0.6324285898504085
0.598187806154447
0.5523970449231115
0.6982691751211353
0.6645737613910409
0.7030716781510797
0.6302393839192468
0.5612897671183161
0.7577940676987248
0.6442778378440811
0.5648765408254235
0.7154466153165153
0.7411943994045425
0.4707826678121709
0.37276603572287736
0.4471458020809202
0.5778445209257675
0.713631786002421
0.6756813343563425
0.562127331307012
0.5819190488968337
0.7241226408901751
0.7086716989578807
0.731799504493441
0.6731615888604302
0.5725327841786774
0.5565227780247185
0.6708618912274535
0.6026944648494188
0.35080996804750625
0.3294289694591607
0.6163489724473942
0.2749500629498634
0.384988619652718
0.45412510677419976
0.5421533531819702
0.5324295201424183
0.62308477714437
0.5451092270424045
0.4404491230279267
0.4554573165657435
0.5906939090820458
0.57664554211598
0.48358939893169567
0.3709340878355192
0.40619524448482747
0.43929755222143063
0.5473821454434012
0.5929450445940673
0.4986226622077211
0.5928515964433303
0.5636143599332231
0.5042871670659651
0.5860074951158456
0.6391056566989598
0.623095852751965
0.6077398299574399
0.4111473978442634
0.5253214585504524
0.5445643753350181
0.5961431576728247
0.6290622173837589
0.5644639101984512
0.45658373545036224
0.44340907990925077
0.34512881494803105
0.6916162009933295
0.5722871591106337
0.5308738273725
0.4712216913563692
0.5029181189902532
0.5104118269599234
0.6019424588637534
0.7159068192542016
0.608024930100511
0.6485136397001583
0.5349014751805659
0.5247059076660375
0.546819841143349
0.6394422439314156
0.6310266191843831
0.5195224991236287
0.5605811563930883
0.5048591809000424
0.4289466310297841
0.620790030888015
0.5970637490837862
0.5631563285729767
0.6938968334631768
0.6453771688086495
0.694839511540673
0.8291557278408823
0.659937007035792
0.5663217956865753
0.5836408660704969
0.6371819660709559
0.7498918347026344
0.6926810746522958
0.6111733804297518
0.7306179876684074
0.6560623382041149
0.537329384649644
0.37802018542350446
0.5538319501577419
0.6870479950633825
0.7414065990674669
0.7255187905941898
0.6482173199648299
0.6182011578954186
0.5939237428375149
0.5607923695075812
0.5595193734817253
0.6927991618550607
0.7315332073861639
0.577580475890654
0.6828557219880614
0.5500098681396856
0.4909229661530718
0.6529713058102735
0.7837727756785932
0.5893782306107429
0.635380149284812
0.4976589513818369
0.7508592833970547
0.8793512570602715
0.6962565037830178
0.6907278034282911
0.5713177606871059
0.6117227769680096
0.5911704459856417
0.6896094001235981
0.4505814210603753
0.4211344614431771
0.6521432555392551
0.661475080421945
0.5725808859215433
0.6200333038881726
0.6033525455059816
0.5850776283435544
0.5577627958380291
0.3424161220873351
0.4991241165449507
0.4665672716422436
0.5958236195360935
0.6981353618731112
0.7075056611554261
0.6837197666057381
0.6893040129283284
0.701701083629971
0.7597838097211584
0.49744626079806437
0.8407366959835482
0.7700370913865076
0.44430764520978233
0.47744653198510556
0.5901662499564101
0.6617297703764745
0.5763380243415569
0.4203710913194645
0.5154204127835258
0.7291024475390191
0.6497319070028381
0.4585112243706
0.2618935110994698
0.4418288758786513
0.522045082105968
0.7185987842086001
0.5538096791326578
0.6215939781539661
0.6736255072655761
0.705856060654359
0.5006267402268022
0.7988591880614625
0.6799685056412871
0.6123679565815924
0.6187993743304038
0.6352522230613641
0.6575715251313056
0.5048897950488288
0.3893672817321098
0.4699341005106615
0.683897343978253
0.5901837989681972
0.5117028661842864
0.6431934352838082
0.7100122240124727
0.6330359789139066
0.4980093906391773
0.256485484113112
0.4619939169181473
0.6631480526313894
0.5084231831338181
0.5969943357651634
0.656473432954915
0.7657854269633133
0.5882283496008525
0.6822184013337774
0.5473130732270991
0.701850577947703
0.7636013841530288
0.6491744154971919
0.5545963871123362
0.6052726791823309
0.6037691050355648
0.7252698825757955
0.7577007036306367
0.8130578086370402
0.6599073273985784
0.6093301951808986
0.7421968574907293
0.601978785770725
0.4578489866385794
0.7152066390170306
0.743780287187979
0.6121894571095967
0.6551950353784488
0.5592049320683603
0.549882574218934
0.5448257690317044
0.547150575360485
0.6547952993885974
0.7727612289909017
0.597429105919002
0.5449752057255607
0.6397167204877123
0.6945019873416562
0.7029939892083225
0.7706401675273121
0.6000767965565221
0.5543216169019796
0.43632657919304113
0.3912030167120676
0.37517893743037034
0.6639248230386245
0.6558090637621536
0.46481296441222625
0.4721354355405667
0.6642824416948935
0.774647397555471
0.7166062416381473
0.5833866463585033
0.41244032843919115
0.5439242667846422
0.7349999185509369
0.7355133649321899
0.4816449620568952
0.5101427723904624
0.6258856701216864
0.5408961389348503
0.5714661074129499
0.5304262037046379
0.6807589762319827
0.7735790631012207
0.6244591705319092
0.5814106500091643
0.6407847080496776
0.6221451067226874
0.6421744010658395
0.6332460247776431
0.4909466619615382
0.7407416778615201
0.6956030342700227
0.8124695388441646
0.7113775088831387
0.40602071815054613
0.46313481130606504
0.5082627058381024
0.5433210549259578
0.5862285066552944
0.5627457614531761
0.4443299322210541
0.585426568056962
0.5957632548063383
0.5537886694249415
0.5448513602979037
0.5735971657561919
0.7462598931025003
0.7066828884355524
0.6773151766094897
0.7138306374158506
0.4362433020359021
0.6084472394217367
0.6494106350954827
0.5393661625380092
0.6678889904378683
0.7148254874428094
0.6325192906690131
0.7349076315417973
0.6502848267312293
0.640106496747518
0.6737478556837704
0.6381498230564965
0.6977321006455807
0.5306510978088314
0.5491607769779463
0.6974963345426007
0.5513992169426066
0.4818975899346099
0.43268121667851184
0.5981248637513213
0.6407813517464237
0.4511604061722101
0.47816226323115224
0.4945780059628275
0.6882253269740778
0.6578499669170704
0.6277103398316872
0.6760368235362986
0.4720310767998045
0.6438337367926154
0.6487568311235913
0.5075541416024489
0.5236762937321785
0.6536596104107764
0.6538402237372093
0.5366741602124053
0.564863461547859
0.7188422344609672
0.648636716344253
0.5862837491894416
0.5585514685462497
0.3737447834003406
0.5079062534331538
0.48357607801320046
0.48250159135202614
0.5320726776480212
0.4770916196570816
0.554561207296738
0.8605843586777834
0.944636266209658
0.6609781244235525
0.5689049809646458
0.4244861933412584
0.5174404584395679
0.5440343844781375
0.5848877609992085
0.532294426797402
0.6105647801339905
0.5508753100457384
0.32037032259128884
0.4497198766873161
0.597933941324946
0.48488735620708867
0.6274231907770886
0.6015551038512738
0.5896630896663299
0.6417252126117724
0.5911926935696052
0.5442325936932444
0.6566053411189037
0.38565979772520553
0.3990824348130195
0.39379502066039773
0.5370432235762174
0.5514460183706968
0.5512836609718234
0.5508538134154884
0.5922303401489626
0.6336477321525759
0.6403597161552895
0.6727604596530845
0.5759048055666194
0.6010763595036617
0.38720260371292803
0.36559937245356156
0.6968823214256273
0.536880762587575
0.5271815361551205
0.5220307623370074
0.5921583981511798
0.47542700935217047
0.05597964179815826
0.5206801840915122
0.6935426827692013
0.7225400461861555
0.8144417713180634
0.7211650284615494
0.5057531097926166
0.5018500158873631
0.30651369859966304
0.4791822761268046
0.5525822903834277
0.49552608690728517
0.5809787364632479
0.6415715850703476
0.6901953025541903
0.7841441401309521
0.5439223717662202
0.31574024723171784
0.44296899577466275
0.47111783744273344
0.4551734745767032
0.638102666821232
0.6251952459112978
0.5958069774817321
0.5238947790129891
0.7625354913203936
0.6965754221485406
0.3584325193749115
0.21941417882444864
0.48107807060225544
0.4119435928982342
0.5295000692269364
0.5353448129212233
0.5907191386865067
0.7666883574525015
0.7020653934420172
0.4726406254311072
0.4779678743300431
0.5238223253737342
0.47009300405041937
0.6283498165124133
0.7193382452196315
0.6438717437357384
0.5111675803712128
0.4745718737054118
0.5320631743537003
0.6045974592629024
0.5807405297313826
0.6574027436964152
0.3562071669137274
0.4144831484120098
0.4998217971699337
0.6184994071041306
0.5414470807644594
0.4269093632876524
0.6793932161315577
0.6625109947578478
0.8259671350056995
0.9303163866362408
0.6775434941868906
0.5245643646153171
0.6360441392096949
0.6958831239719868
0.5772521384228988
0.4779236380740654
0.6460382330125377
0.7239971842430082
0.6184365135350176
0.5188138904305856
0.2954497875345589
0.5987381578970388
0.793078963963918
0.7423557153935458
0.7119816867733806
0.7501800726098161
0.7240959435719994
0.6956414194284708
0.6797674380207501
0.7125474145130708
0.656435522961943
0.6046700337031127
0.5242303006515155
0.2643852926715771
0.6758752171256595
1.0
0.9273686092375025
0.5612979120605626
0.3390216269443939
0.5811488258736837
0.651662747652702
0.758860703974917
0.6274030644912203
0.525254508734153
0.4682713729608747
0.39146555770490316
0.614471800321003
0.6629012547000049
0.2886460593541393
0.5994468260581092
0.5933004811551329
0.5793971852039475
0.4493143139395961
0.6889417845324239
0.46383442797449603
0.37623354033394013
0.44421026165729544
0.6327688626643094
0.645305952745723
0.4891577616148748
0.7813373744644881
0.7831079444518729
0.5500398217615868
0.7350444238791781
0.3626008959799757
0.11715743244865792
0.28616033098032845
0.4644274850401088
0.7527429217226512
0.6617184557248429
0.6259068729436738
0.6154343612840347
0.5381219680043612
0.533177815308802
0.6650878194970657
0.6805360203758872
0.759251135295618
0.6940432070484305
0.7947194112976215
0.7880813018771192
0.46131530088433836
0.4708619624823577
0.6044606498075871
0.5573610702906189
0.4655000311315618
0.6223676635826911
0.6930585842197678
0.66433434573489
0.6058074586760087
0.5880657470201153
0.4796289012518497
0.5012564527040436
0.5533108375945895
0.6427362196102872
0.8055789661867975
0.7130996262015493
0.6079410474102892
0.8100357311541699
0.6681529273952567
0.5751055488252484
0.3919020887559073
0.5503652746977689
0.6184652382581327
0.5226261888963588
0.6477527848913547
0.6197723290983591
0.5576216085315507
0.5995272693215843
0.43102783900653324
0.5510921373675582
0.6791164578268203
0.6547942937651146
0.6160496571131465
0.6570709694346692
0.5476956807128186
0.6992971632026566
0.6877381610933723
0.6744921235128998
0.673200872674183
0.4610769461742736
0.43788671987998884
0.6006900314720887
0.5722995252315917
0.4787932321223065
0.22462186624701755
0.4181402415340051
0.6152840495707518
0.6121242952475787
0.6561847266508927
0.6972104059553412
0.6842344163082622
0.5976676919758884
0.543580707762949
0.5718955806710492
0.6432946572814339
0.5453968900565075
0.8267571455779509
0.9497210414101798
0.7033304900647084
0.7737632173812087
0.6420341018561859
0.15520233254956262
0.18888785750318293
0.0
0.4207571671610281
0.6886794318896382
0.5947149336688973
0.5088415311628505
0.5044346939212053
0.536175663896864
0.43020146438897916
0.5597204629764566
0.6421720111605662
0.6806806847659118
0.7468062245459851
0.6288165054646326
0.43700310315267443
0.4816058243785807
0.5557605686083977
0.4971002704706391
0.5810994648702387
0.6109400509950415
0.44243534160942455
0.39705857981783127
0.30336626230205005
0.5364678210258097
0.43914836174326094
0.4649209141535135
0.4922543533942376
0.5583680156328255
0.6284885498198499
0.6059155769895533
0.5336213286941652
0.5096797235001902
0.4447877770416708
0.5169578650729567
0.47948209514682116
0.553060482831347
0.6087417487661071
0.615096031764699
0.5039351829579912
0.6825105965578488
0.7669649950276906
0.7022272705622052
0.6088067121539055
0.1572678234035176
0.602876186075258
0.4195912516266919
0.46934926932914867
0.4626724495444383
0.5051124592035003
0.6564949949920329
0.6174694413609328
0.667845732654103
0.6107967992256301
0.5212340218700581
0.5163459047224359
0.6510710978817837
0.6723867746907303
0.5738002787191984
0.5447657183902488
0.5862443770165944
0.5955712797404549
0.5576282120287185
0.5863378086504636
0.747632982318493
0.9005335131187171
0.752679950659476
0.6622013368594692
0.5131917674839133
0.5285677556388343
0.6524792317529308
0.5563997883729933
0.2849776543247437
0.6717174585703659
0.7281145031035782
0.5310773017295219
0.6366854691142794
0.6276207682136994
0.5810018706273898
0.5387263701326184
0.2998866095906147
0.3937367943739102
0.8031955531430912
0.803364038783975
0.5601845039811261
0.7355234527369523
0.6124159702760482
0.5608843569731785
0.5610113978544262
0.5767996319448349
0.5844805972598398
0.5819962673695123
0.754043919787857
0.7579379003752479
0.5298938507143494
0.541557725856866
0.6835251551583938
0.703453092656486
0.696326363604015
0.7483352892621933
0.6576671851074958
0.46812497764210187
0.5205489685070636
0.5518273801199016
0.5593484390838748
0.3440032244532749
0.39112319934805934
0.33257071213634487
0.3576794455733367
0.5848926533830212
0.7612298457931835
0.6522063083197104
0.6502703242925862
0.5480805369774203
0.5770278068301965
0.8160677822309035
0.8576326543382568
0.5560229133202313
0.5581029521095835
0.7122634894603656
0.7356705713465382
0.6682768415494581
0.6306467056880469
0.22208236392279912
0.1882826016836751
0.49249061050873943
0.6356015624977598
0.6900859732473716
0.555635146482929
0.6776436253278018
0.9001429548373867
0.805996213188379
0.5984286478178685
0.5791099969716613
0.3623534519464346
0.505268327674733
0.618617929595381
0.6918886097134197
0.5482595924466046
0.7829355735753443
0.8068864156227257
0.5331909288470752
0.6597626664701295
0.683444927016098
0.6057131211395242
0.4866585184546965
0.0357734283175008
0.5593708633554255
0.5805108592417382
0.634602893301811
