0.5946609070556995
0.5122869918090529
0.6906588142945732
0.7459762160520105
0.6249410890078059
0.485607935871805
0.4644854501245953
0.5318454670297729
0.4683969779838198
0.4722982308279327
0.6529335133526469
0.7623204015486458
0.5675100110315386
0.3569238916538644
0.46376232859849426
0.4117945068992868
0.5655430315608823
0.5312484274562413
0.47180012934340676
0.5722910466928506
0.5432522802100157
0.6919251158131078
0.6783372648084462
0.3841118716089842
0.6004406742857428
0.6380691125793977
0.3664586555325523
0.5538849546198931
0.5923608755721308
0.5852830487582847
0.6078773615538479
0.5768887843037727
0.5258523381508953
0.5177068860236331
0.5084153483106465
0.604830316217919
0.6299242591180595
0.6015111314218448
0.5582465584567614
0.5286023038560203
0.4920415666910592
0.5335320351865361
0.5444122129162519
0.5206119552428433
0.6740462172636404
0.36694936176876053
0.38154450934857925
0.40659717569776305
0.5453945800537048
0.593330567209595
0.7128243975301071
0.6025714703875346
0.3544043370408114
0.5409795450910321
0.5105371681418753
0.3622068378998623
0.6082859736688494
0.7192131786599658
0.44131358294330375
0.42953714626870104
0.5465046441571352
0.30610253298396944
0.6741373693697817
0.8082378392010436
0.5178214452365094
0.4465346610980176
0.530069300577701
0.6185459063945113
0.5637065498645527
0.42276574939947803
0.4170782592029972
0.54576709728685
0.5992619204619812
0.6345599216083693
0.5486672945259095
0.4272531947427979
0.47131093552509484
0.538719507726791
0.5522332345822984
0.6280226147926143
0.4320862139337571
0.5225819658048094
0.4459021360816234
0.18419869559769708
0.5638651949679009
0.5006697384588947
0.5855408439945146
0.14340431118561905
0.505651933603664
0.565606987931805
0.4574778666099552
0.3580276092922462
0.5377233360032804
0.3248415755179296
0.400740770970786
0.5310652890462778
0.48884866960762535
0.663430080182406
0.7576282938544135
0.583398152837632
0.6635402797198525
0.7032209718835021
0.5796622302475755
0.5504412884613104
0.5275026949792495
0.695265627876148
0.7272534659380674
0.5889216082589135
0.42257992825837243
0.6931871561048543
0.6635617507965206
0.3284634569747865
0.5469470599681423
0.4888956169230666
0.43099783513012774
0.5482223102871631
0.4705581866661244
0.5952544888271893
0.5384908641546049
0.4124818546079168
0.5680903218564175
0.6396465233947498
0.6426769720862854
0.6462442480549472
0.6579439979413247
0.09496833109524708
0.5620597873027977
0.5326639945079193
0.6067516433203071
0.4968325048477714
0.4634717051072001
0.5369957449398779
0.5383861584151681
0.6427333328515676
0.6390563128308835
0.7953008571033202
0.6790079059668295
0.6168679872587314
0.40135723930557743
0.5413897278046185
0.4631127299101961
0.48880896263076
0.5345531673055712
0.37791375255927523
0.4803737832092049
0.5408880336669053
0.6264005117689897
0.52340161954835
0.5291051613245243
0.703988918155695
0.5030851189770095
0.43913345144797256
0.7830734709318411
0.6737545741937324
0.5601538454941766
0.7256880250144515
0.5883465941293919
0.44641391339233516
0.719536896444713
0.7713728602805887
0.4372824663877062
0.6152556314238636
0.5239273247767793
0.37357613081784785
0.5432848385090013
0.6033279725448839
0.5147934369881595
0.2904770129868952
0.4365341944798329
0.2699266545834311
0.5587351112848065
0.7283263709185209
0.6068623471868484
0.566896122820287
0.5947417320238901
0.5728954024615679
0.5602664470261193
0.5575969657909663
0.6953876348738877
0.694988587111373
0.4670264940810443
0.5276255571035086
0.48429253724204424
0.3676591591381807
0.5021219551994994
0.6202564683507645
0.7742305572474655
0.7377942125706698
0.5035540768375035
0.3605380330176816
0.3955669213336255
0.41708380814679546
0.44280307985251166
0.6359343884716943
0.4629339877023968
0.41210185861335025
0.7610375170608198
0.5739914276883317
0.4149221902173476
0.47334174411202384
0.613391247910007
0.538901129777047
0.35370739096293047
0.43549238173554483
0.5484938968961182
0.8470051003381438
0.9443915111114926
0.6376331295618025
0.6294156579375598
0.6717714315220871
0.6293963472387709
0.5401225322629367
0.5300518201544643
0.4649380366594605
0.5243084158301716
0.4698009439686718
0.5716834870661456
0.6048335742005255
0.5584766377234148
0.7643112469813187
0.7458307850573643
0.6844043736372185
0.7524013275920579
0.5344522968383479
0.38227951867068327
0.5484207926047122
0.6019270471268936
0.5070341345525564
0.6132881760873269
0.5182551915923347
0.3971358589663811
0.6196130905230978
0.5902683314026989
0.4738946070732199
0.49844951477222377
0.5155471872803088
0.45300278375869635
0.49913793241530396
0.44989115696291837
0.3633832579486895
0.35058616871947995
0.6223810226218388
0.682489744915249
0.5495411647832816
0.5761728592584267
0.6719039169048854
0.6488166144799942
0.4719269802610343
0.5699717734148341
0.5357972739289177
0.6833372846864236
0.8669852469834245
0.7751985351826529
0.5288019444879065
0.471676729946929
0.5792475844177974
0.4542298643502364
0.5123069721128184
0.6737373983838947
0.5307490899538245
0.4644882142025742
0.6174472550654003
0.6216258019128257
0.6229813715927209
0.45888744200955095
0.4708195678406535
0.5288330059091938
0.40302805273237496
0.28254132561544676
0.38796084665785663
0.6454745507087687
0.4287009649155815
0.6044433536218834
0.6708924706185243
0.2761200660885044
0.6224739978583185
0.6714820956422762
0.7023489242706101
0.7258797951293149
0.753715512396972
0.6837205419951385
0.5294837144236162
0.5480571453284375
0.6053290864537246
0.6186829847157234
0.5541968293177669
0.45514256873084574
0.4493293226861466
0.7334374976007629
0.8098936808978562
0.6039644686219143
0.14259519859799083
0.10002300901232589
0.43404052062627213
0.5854670875884357
0.6906470440592102
0.6651000784990123
0.5640806352656595
0.6103093202923736
0.5123101275029527
0.32778693357493455
0.36786260491291833
0.3506515685612584
0.666121032761967
0.6459495721430367
0.47797599439024424
0.4974186892241638
0.5992403714112193
0.745033299194197
0.7420584620199252
0.5527474001538273
0.4954430984076256
0.39752523340759516
0.5284294874336507
0.7183762462322241
0.702909976453308
0.7609473142608654
0.6127452612329377
0.49653835178366396
0.5718133523618456
0.46595643383274926
0.4201467683464896
0.46317609091708306
0.48861045372000944
0.4115694391517104
0.3852125944454084
0.6726112093929771
0.5707810151195581
0.4206378282448985
0.5134949360172554
0.5951271289593922
0.7262644453897781
0.7028306122533187
0.4668527674243821
0.4930611078006076
0.3975479002773288
0.40262060774968
0.4136000357731217
0.5211754144513097
0.2905419955751553
0.2722005043422407
0.4192018420994826
0.864911131273867
0.8689991586926216
0.6999352177634107
0.8273212426169196
0.821713260552296
0.7086855245706367
0.7293098565856951
0.7111233223675563
0.697496170314316
0.583055830391586
0.654774866000085
0.7643979203876531
0.6834887547102978
0.5282245258428543
0.4680063884189599
0.6020122286852119
0.716801009002842
0.5663693841982737
0.5235556172877298
0.6685726087374003
0.8476831214386846
0.7237461216149013
0.5441486301666463
0.5236751057305432
0.5547764156928586
0.5492212104040871
0.5794626212092183
0.47592712861538633
0.48508679740977856
0.31517728924145494
0.24561057777484097
0.4986029354836016
0.5007704374363567
0.5325091951948298
0.6440202500889053
0.6496893180097492
0.7757529914674732
0.7074254205836568
0.5817802844980338
0.471773099794732
0.3860348561162822
0.4916109940906581
0.45485445602840724
0.4504334736184335
0.5613904260073884
0.5466050858775094
0.5593947085117085
0.388730215266836
0.47913663046239696
0.6600275808977049
0.6280534530208646
0.6126103279403337
0.6322805367120583
0.6687179771666741
0.5401828939656448
0.4311498346496115
0.6756357878028123
0.5000831644600263
0.3814650064618464
0.3978276065936197
0.4334338911130272
0.41297668891309464
0.47970392797310124
0.39244411182651806
0.3728499535500016
0.6968145010905701
0.6725578931336877
0.3917837144127035
0.3861617191517102
0.5218771280864625
0.4282815559837879
0.5342362414208481
0.7552229346524886
0.47026215010597466
0.4398338810598775
0.3730955260484283
0.3155712352899259
0.32779133387760223
0.5152484794520382
0.46813563293550625
0.36662877843183794
0.5739148956972162
0.7950981236457013
0.7060642563423105
0.41999509842111266
0.5984366742290406
0.7085018493000793
0.31644152093687616
0.6436563311745577
0.549777295218603
0.448935767132187
0.42641284460844026
0.5778506614332897
0.6058377586645177
0.47954980639205874
0.5684100046936212
0.4929351469024234
0.4439725729744101
0.38339271927583707
0.6861860392256707
0.6855794953448864
0.6346572776316458
0.5269716796146252
0.3369535683852742
0.5178097805167481
0.2919027252989376
0.5360822774279473
0.7009503324488942
0.5650705315352302
0.5183696641472677
0.5561503337040321
0.6502259399733193
0.5652328635292118
0.3623287959481468
0.3593776026667196
0.6924946718455077
0.8268375111040502
0.477984120814982
0.5028789369923752
0.5213098864302697
0.7160093878904478
0.7111332911213895
0.5959569720144361
0.395882815918658
0.3920406089202176
0.5418877678447537
0.4814526616209546
0.6229731811692376
0.6545776671721644
0.8941470982058559
0.8028181859149006
0.5993615489546712
0.3439290916001836
0.33285621574626034
0.6292037470704036
0.4290321461483771
0.49666618757568737
0.6702904939617368
0.7254369015391868
0.593422629397419
0.2530530063578121
0.44785686703859673
0.6656643533677861
0.7150212411630071
0.6530431827985403
0.6565985785756722
0.7034160090663413
0.6888163424865569
0.6573848926880723
0.553568885712058
0.5478263201199232
0.5202343589423094
0.551022560874318
0.5848356710875813
0.5975841756409364
0.30865989147720935
0.4159590391171532
0.47661961873472364
0.4174945071067747
0.4605197730346154
0.47368624522841996
0.5176533277773737
0.5817112947395607
0.5285494248584783
0.1516425048551741
0.32795238944378324
0.4634111243188082
0.5528345115831858
0.590760139943443
0.6179116530658327
0.623141228744082
0.7025487628451214
0.6812663488925764
0.16517817993314493
0.5203448518585894
0.4487905698798847
0.6543165770176812
0.5818091122944432
0.469888830772277
0.6183778978237933
0.6068545658504623
0.8812980714153067
0.789711233721016
0.4165771232866819
0.3531857523463132
0.49106845541416894
0.5849139135760536
0.37619279113714665
0.449097950658014
0.476274452852626
0.6525251813807429
0.5583290666505869
0.42080680208388327
0.753093556268165
0.5029791458228287
0.6246870326410349
0.5421529983244394
0.4442109412084366
0.22642883809223927
0.2810248876848713
0.44917524242545775
0.48367521736602836
0.6288866305975058
0.6184077847278004
0.4675392947067855
0.5292662891352061
0.455522097211512
0.5373509123346508
0.5526609625959955
0.671499511274248
0.6824850901410064
0.7060648856878027
0.6579293390857439
0.8016386055067528
0.8376767836471539
0.5712068795013153
0.5581059896710279
0.6285817797337907
0.6540974014565533
0.43614723579014547
0.44081955630430175
0.6190582683434099
0.4623802827718966
0.36107086328279875
0.6914097159479777
0.7661096113953688
0.5009445571673673
0.5116175981949781
0.5862821539934504
0.5102221962240259
0.7461990052728935
0.8137144412292826
0.561408730016615
0.4021027924459449
0.3700489858209804
0.3484710901425064
0.5034321989931255
0.4639246306280995
0.6508091961286029
0.8609450320995408
0.7085250792060435
0.43904176664449107
0.24472760660113435
0.48845281630698434
0.5946214124343716
0.6156787573515872
0.48594266518838825
0.34885781282560324
0.5861035886842029
0.412567861781476
0.5872793309779422
0.3885022702702755
0.27832198800035785
0.6528855249368447
0.7112292751655899
0.4706836143176197
0.07675192747843768
0.4004377260119334
0.4104664721505825
0.44147268871190015
0.633143883507693
0.40761864989582763
0.34913972901326557
0.37684479307635893
0.4428473258422466
0.6492935601684906
0.6435094441955252
0.5927114748468251
0.6894490517823062
0.6729519600479773
0.6074982683815531
0.4761141214655786
0.435033706767166
0.2859713124803743
0.26229352618709306
0.584320169612276
0.5790745108687084
0.4518332915374849
0.4859581853290059
0.602538946713353
0.842239268786137
0.8596576174040598
0.47403891827277655
0.4969460685133916
0.4878269132505984
0.6367203663935536
0.7250670107823795
0.5035583902372106
0.6324238015468143
0.5458171396786494
0.37869145995202985
0.5547752597934437
0.4219601850241346
0.36883035213994986
0.4134712724554674
0.3838792528360996
0.4854060548799247
0.3903766396205724
0.5713497808842337
0.5153367580488517
0.407562789610262
0.6885133687261289
0.578047152576427
0.42218372999199827
0.4487427151625982
0.5121384946677017
0.5950258489346804
0.6669479027145114
0.6863497040698182
0.44001301165743634
0.49628984916562696
0.6197875717465264
0.622309710848401
0.5080006933155433
0.4298598611321527
0.4333403892415223
0.5211813017853296
0.5802221867664349
0.4509395507247592
0.5323647969281338
0.5993127703235143
0.5876193543785674
0.5898050518043202
0.5171398196805574
0.6043315655475731
0.5220992738174368
0.45229452164275974
0.7209919504784355
0.6670355350965224
0.6046578599028326
0.42385713464835006
0.6680931266230262
0.7770994304890887
0.5984349278536211
0.5185857972106147
0.5933612747236033
0.6526648547770909
0.7115979296338687
0.7842687576582975
0.5545470864375028
0.39837952454125913
0.5222783791322707
0.5178836680758054
0.6111096591077261
0.6188716961627622
0.49049555019155194
0.4824421799398446
0.4670623399788637
0.40652396782705974
0.779041169088653
0.7158287292825792
0.5609645900920408
0.41033628722797183
0.3994445730110329
0.5143868633673487
0.3150480457086845
0.5795825069044291
0.5820344819178501
0.6805146629532449
0.5287027432850158
0.508908163804793
0.5369489195384683
0.4000990786300604
0.526891685172159
0.5841222408274837
0.467807635590419
0.3078689417227928
0.6166723232028137
0.4612195268287954
0.6060774807495329
0.5613352955782087
0.40513578895448615
0.4986906746654992
0.47166143903387175
0.6899592994235039
0.7454661648821845
0.5365445889771341
0.414426697206923
0.5321830547853011
0.6370120393953618
0.6084447322170071
0.5571570194349199
0.47272752877369767
0.3589326131135657
0.5119056270519124
0.5456778054909397
0.4855302079800675
0.5519137891077885
0.7422908407218444
0.8364474844763675
0.4621499689035595
0.4426769135674715
0.6148409905946083
0.4835850887997181
0.4809086643066135
0.5801273024556752
0.5510561395739156
0.6412928640026588
0.657722918161889
0.6321332948673779
0.6781109045868892
0.6013099054641743
0.5462097611711626
0.4913345850241348
0.4914338669864924
0.6847993788634654
0.664715535364913
0.5533247963052
0.49138089679805835
0.49129220254233236
0.5531757814038154
0.5222131887347786
0.2902510452554173
0.5555453940487535
0.759039653181526
0.5378013110927361
0.4176727516909536
0.44039138504649844
0.3785270063136716
0.4146140196588897
0.4305212611809135
0.33880499764437494
0.38003506953545824
0.6629387583748827
0.6702189683965565
0.545436995590899
0.6808193935559655
0.5727826376677441
0.5443511592761657
0.22766998907060287
0.38468634037564764
0.41346733346789866
0.4959767851572529
0.527260153775472
0.6142880785657603
0.6176764769549479
0.5091552016601909
0.40707717867219456
0.4809872644291
0.4848860662799428
0.8596761411223186
0.8385705976078643
0.6074913493495103
0.5518412631653604
0.6094449565768909
0.6609824695684793
0.5269967137230298
0.6388951001094253
0.6961844156660157
0.47610045512271426
0.5080866214819808
0.3932634694109774
0.4603684031816931
0.6143527879059113
0.5975548519767354
0.6884423567489909
0.7403894707511376
0.7675789316497126
0.6813091996980037
0.6275756594080638
0.5435305603724535
0.5201890234222063
0.9076118208147654
1.0
0.6105914722606163
0.5125783576480111
0.6116655174304613
0.49681507754616633
0.5399443713978054
0.5585300645093555
0.4937030537607913
0.5612301226680361
0.5554870034183544
0.5457785251267867
0.6641359685615718
0.7411198246016371
0.4891500514630167
0.6109318571640414
0.569729399111882
0.605335878348083
0.6538684040401239
0.42911788984530397
0.47606827042173827
0.4616259322757702
0.4852034797750875
0.5423929491187018
0.46030759063800203
0.5245399536087884
0.5092257743296098
0.5907696876103259
0.6851417307856635
0.6560341197406865
0.7858485270196557
0.7554423231610706
0.7247142560046801
0.716166124183607
0.4790172485840188
0.4336776667729055
0.4493622820763328
0.6334482153293693
0.4657140741930425
0.6331961750299151
0.4876875742587783
0.5857062759904591
0.6115020622166153
0.6710372444675269
0.698039492752084
0.5625163965627445
0.5934231761008028
0.6980839577355298
0.6310607992535662
0.41738002708076405
0.46536024173077695
0.48263459531239156
0.5048577699448491
0.5917287021926908
0.5337346054671026
0.7280439576397333
0.6327537752072174
0.5383698710574295
0.42425121839942165
0.415159072177328
0.5558850037457125
0.6331439874527689
0.24664775000053896
0.7392349521505281
0.8744070739207715
0.5344254310751072
0.5480453630332411
0.47148149107484755
0.5056739688281876
0.49186228136434323
0.684665470604971
0.4790404668489882
0.5131820403927204
0.7037577522569722
0.5767167409636498
0.40918589133524114
0.47766441891071865
0.4551443913624225
0.5587265932827251
0.5004579617757807
0.37448509446486883
0.27868108665453983
0.3759409769841205
0.49579797906634937
0.5517595893885084
0.4642227072418122
0.21952122164081922
0.4096054083065168
0.4469297411809251
0.5100991326804225
0.4667021722870498
0.46396914694031277
0.4316627806872859
0.27574307778948537
0.7003496661762237
0.717609329018119
0.3747918320791452
0.41728878560006283
0.49361108546165766
0.5878508761406724
0.6122246750253081
0.5301087000912321
0.482332481184562
0.6422558111760028
0.5948708604511058
0.4129197917237281
0.5627506858392484
0.6340955861041792
0.4632407024871767
0.35247446373146474
0.41026915169699235
0.6020243426426328
0.6202129804006765
0.46258096047772823
0.5371057342092589
0.5553122690371395
0.5092736726433076
0.44832578609706336
0.6046414030317827
0.3748893329155196
0.4071447816651733
0.3559796961484369
0.4965877068023993
0.6202706362906001
0.5079298293152141
0.61730158335735
0.6624902734069769
0.5445178023077523
0.5417978083499235
0.0
0.35434850363531445
0.5232985935210063
0.5103738723776388
0.5252266846620842
0.5546614086606054
0.338263361432957
0.4599501202022856
0.6430687736755386
0.6689029823167858
0.31290600713338323
0.07796605227599827
0.5022718460079143
0.6404768729144974
0.6588076181432008
0.484014621415205
0.601837329450233
0.5569241768429096
0.4842456835957213
0.581766984842491
0.6607396002421279
0.6853129934498211
0.5576129492720397
0.647325205002145
0.547371421633376
0.5163013098321392
0.6613409380851943
0.7143176114083543
0.4425845623739433
0.402914832981301
