0.914233276379412
0.9645911651020291
0.9247308520344784
0.909073343460341
0.8567696318336006
0.7612530357272053
0.8372765342527902
0.8699798221453021
0.9287470265617224
0.8567143022464182
0.7984235244380689
0.831305077560556
0.7865510696200931
0.8829156061578569
0.8928813999072013
0.8605557170598209
0.8140292329108386
0.7438938762362685
0.8035614092988674
0.8287522678055982
0.81197742778421
0.8125835487433078
0.8551439987042522
0.8563120665963105
0.8590406781684119
0.9358683986287307
0.906300720997057
0.8746783648508875
0.9008269178479846
0.807216500563394
0.7886208385223669
0.8761449323557604
0.8863836231954706
0.7797283506779564
0.802652430486644
0.8041907464955557
0.8120032472136499
0.9720001630777771
0.976360085714553
0.8493382567866361
0.8306673535045931
0.7953693057142305
0.8003222727272729
0.8389193581145552
0.8556444516626494
0.8290388635708775
0.8524360175031491
0.8701457237123037
0.7935583397509519
0.8933174738459452
0.9656397599858195
0.849294616396154
0.8376236040660929
0.8830470768949998
0.8102492364949598
0.7768484640009571
0.8326585231876527
0.9068343859797734
0.9792755752672365
0.8778099887651358
0.849920476834178
0.9173759400860074
0.839800275005199
0.8179882691907109
0.7879965416009707
0.8965710186366462
1.0
0.9348549042767386
0.8907234187560745
0.8539962623406635
0.8529326141332748
0.7914720428260595
0.8398374254592725
0.8525801707997038
0.8857419767781938
0.8547546217817056
0.8102875417367759
0.8657868715331517
0.8450874450348456
0.8934401089080294
0.8716581786950044
0.8346141526591117
0.8128392211948755
0.7161037049227545
0.8568879470798068
0.8314669812693609
0.871453245787394
0.9471865752689411
0.9230156398238861
0.8582475728119331
0.8991193288484894
0.89702517141006
0.9063488883861144
0.9006236157835276
0.8414845040826783
0.8984857222790419
0.8614770243890894
0.785613096032007
0.765287511758267
0.807665590916069
0.8382614830509162
0.7614110575439402
0.7496444048577866
0.8041413146413757
0.9015973939703572
0.9291203572335365
0.8342720815389617
0.8470075521240985
0.8637613733528512
0.851449396966724
0.8384014533272317
0.8852875027232867
0.9246207821747002
0.8869230211641197
0.8326866451346041
0.8759829703061798
0.8838788718032163
0.8682586260285391
0.8409045301752334
0.8097028432416852
0.8086743990531383
0.895259989337227
0.8901963630491254
0.893452789896237
0.9102456139991598
0.9067114458434029
0.8350709198865935
0.7076989954568065
0.8808716530662194
0.8484490517658447
0.8200272729540745
0.8518698748471671
0.9134866134219548
0.8598973428175976
0.8826132857897295
0.951823513387077
0.9478121297087457
0.8340726601666452
0.7342501419155335
0.8031662695749731
0.875562579073394
0.8778099799447078
0.7826002615422791
0.9293136874924104
0.8625391731389188
0.8295813688788873
0.8635335349428163
0.8397216553490833
0.7948234380115489
0.7770729383986578
0.8219012753674048
0.7638361216203209
0.7993188427221954
0.8363860586431758
0.8049482854616209
0.8504944428996981
0.800766660245895
0.848143192816335
0.8531352854534312
0.8740322562970065
0.7915421108803087
0.8892684898421621
0.8740075420448958
0.8365927673373907
0.8133697417648493
0.880763321975138
0.9144916127773047
0.8638919532126789
0.7289146337533962
0.9543824456797227
0.9103152275747783
0.8598692704368673
0.8750749860777486
0.8963013269114846
0.8900529293267817
0.8820471323626872
0.9090310163002615
0.9080876396516796
0.8962766340879672
0.8306738979889335
0.8801187151889498
0.8154324105309116
0.8894182063618593
0.8781235791989158
0.847735768689385
0.8528751621072046
0.8685389266083954
0.06539072301460011
0.06534798460381794
0.0
0.06149255649106402
0.06149255649106402
0.0
0.0616441495347824
0.06536299069959303
0.06733215112686182
0.06559692139674808
0.05766320513917709
0.06776474202861887
0.059999112610455256
0.04912970574534719
0.06574534791698099
0.07899392171086964
0.07480617608303489
0.057848114548858645
0.07546635463579311
0.05958048283403161
0.05958048283403161
0.0
0.0
0.0
0.0
0.0
0.0
0.0
0.0
0.0
0.0
0.0
0.9419712725288857
0.4288693043561704
0.2939645522131761
0.3246248606252879
0.6985177504610186
0.5082230693611043
0.0
0.0
0.0
0.0
0.0
0.0
0.0
0.32664868406577385
0.18165520078819686
0.23276544530213503
0.23123514675798015
0.22933830541733738
0.6548996897269938
0.0
0.0
0.0
0.0
0.0
0.0
0.0
0.0
0.0
0.0
0.0
0.0
0.0
0.4983803916663885
0.3059716706165292
0.3335306914472912
0.4434041256998767
0.3177007185655927
0.9582996795941149
0.7179204512396576
0.0
0.0
0.0
0.0
0.0
0.0
0.0
0.0
0.0
0.0
0.0
0.0
0.0
0.5364825683824825
0.1732238364749228
0.3985224723833112
0.43131941193050555
0.3409296445414482
0.9030443015950548
0.08429332932804276
0.09569364490111684
0.08357345045854273
0.07809586011328949
0.08131315382471987
0.0
0.07997546361615977
0.07997546361615977
0.09544458732661104
0.09544458732661104
0.09082918794460522
0.08418024284155999
0.0725351133549797
0.08932257295531425
0.08932257295531425
0.08470332768013852
0.08933889887472275
0.16339878536224137
0.15926304061121505
0.08491589008702234
0.0
0.0
0.0
0.0
0.0
0.08853539034244863
0.07423729908543075
0.08451193429950127
0.07406760480986306
0.06114943033593841
0.8342393911929238
0.10553074717126434
0.08934500902289377
0.09489400304850275
0.0962588251717128
0.09666204409273468
0.1144893665859142
0.10748784081850202
0.08857120021939875
0.08857120021939875
0.10617368879855407
0.1184926619537881
0.1031686473222843
0.28550446308315025
0.20683173118602172
0.0
0.0
0.0
0.0
0.0
0.0
0.0
0.0
0.0
0.0
0.0
0.11330690679398672
0.10976860243938602
0.060009661390829985
0.07933581059234789
0.07658854378584824
0.22761794145395156
0.21893441618553364
0.0
0.0
0.0
0.0
0.0
0.0
0.0
0.12077691875321689
0.06812080470846499
0.08728714568775016
0.08671326372520503
0.08600207846041566
0.8827675079474804
0.05048668956055979
0.05048668956055979
0.0
0.0
0.06048587585124452
0.06048587585124452
0.0686364203467374
0.0686364203467374
0.05327694699459672
0.06551401303476091
0.06572106517207846
0.05896070998004345
0.05968862993453247
0.0
0.04314026214260507
0.04065507821504564
0.05594729869486082
0.0564713916992996
0.05360551020738656
0.049583594476025
0.055000665100521734
0.06120532121235864
0.059122564652793475
0.04625050786312703
0.13810954566786773
0.08613117399903589
0.04552820250472864
0.0
0.0
0.0
0.0
0.050098788487488694
0.045090805876411906
0.04538278188999319
0.04593092189751479
0.04012242841876786
0.0999270293118041
0.0
0.0
0.0
0.0
0.0
0.0
0.0
0.0
0.0
0.0
0.09836770015571572
0.09534043069205772
0.056257061029553475
0.0
0.0
0.0
0.0
0.0
0.0
0.0
0.0605023608586491
0.041468056289006204
0.037694026834170745
0.04890546785372493
0.03838804254692898
0.1390116148985763
0.07580263013433473
0.0
0.0
0.0
0.0
0.0
0.0
0.0
0.0
0.0
0.0
0.058129113676694974
0.054053981208818214
0.08686983978822586
0.08939421631331607
0.06859200504587386
0.1497942865443896
0.12438703493346916
0.07516261073512877
0.0
0.0
0.0
0.07334761202313177
0.060455568287209896
0.031050699835673965
0.07698765885941593
0.08725355332972441
0.14873724908706493
0.14173154348441802
0.0
0.0
0.0
0.0
0.0
0.0
0.0
0.0
0.0
0.08046562036726981
0.06796003317844583
0.08441654715437265
0.0715036174330511
0.09631696585734875
0.2038399789683058
0.12976893201125392
0.06624598386338197
0.0
0.0
0.0
0.0
0.0
0.0
0.085834479093667
0.07946655371578049
0.0724027640049775
0.0720130200833378
0.08969900297213673
0.11989003245575977
0.03476736333141215
0.06881148075236097
0.0
0.0
0.0
0.0
0.0
0.07970093984017576
0.07946655371578049
0.0724027640049775
0.0720130200833378
0.08969900297213673
0.20904041846471888
0.1313124238460568
0.08445321287602929
0.0
0.0
0.09043246050064738
0.0894360974611939
0.10424304088193377
0.09739183855808335
0.08573705748557604
0.19324430562587458
0.11311259803859264
0.06641732367925146
0.0
0.0
0.0
0.0
0.0
0.0
0.0
0.0
0.0
0.08610368626848865
0.07287211793487097
0.08066672621058724
0.09170094903350261
0.08818340856365103
0.1707119343952823
0.08475350586697851
0.0
0.0
0.0
0.0
0.0
0.0
0.9363020854791319
0.20839872012759467
0.18817329268929237
0.21526857719357415
0.1851297569716721
0.19282544444894656
0.19282544444894656
0.0
0.19860951659337991
0.4065654823789364
0.19981647152495813
0.0
0.0
0.0
0.0
0.0
0.0
0.0
0.0
0.0
0.0
0.2159752148801617
0.15552504988755633
0.1718247011849112
0.15484158721260835
0.15592964386357874
0.38982751559013906
0.2462549702328335
0.0
0.0
0.0
0.0
0.0
0.0
0.0
0.0
0.23545116043696485
0.23653542100443212
0.19238599298490228
0.1622312578856234
0.19340253676502073
0.42937910558867864
0.25898548954923356
0.0
0.0
0.0
0.0
0.0
0.0
0.0
0.0
0.0
0.0
0.0
0.26855367345390774
0.23252366041252104
0.2041457600480585
0.21465290392657113
0.21217860775847822
0.4616944540922132
0.27135413087834265
0.0
0.0
0.0
0.0
0.0
0.0
0.0
0.0
0.0
0.22341424101074225
0.12483122740509846
0.12468252755174841
0.11840843409239717
0.12024392457449266
0.405505337603183
0.26349906952432695
0.208924878974796
0.0
0.0
0.0
0.0
0.0
0.0
0.0
0.22207853675304778
0.23326859655961452
0.2733279926431009
0.23834632472272993
0.15164361848556426
0.7945823736768483
0.12218888774609347
0.11557926278553544
0.11557926278553544
0.11927856040797839
0.11927856040797839
0.0
0.09653460495324141
0.11576339477310649
0.12419827732287697
0.10377577649187213
0.12747426350209726
0.11973650144853432
0.1065358825448581
0.11025556143166214
0.0
0.0
0.0
0.0
0.0
0.0
0.0
0.0
0.13368488023679273
0.1586435076843692
0.13413123409151972
0.1327034821712099
0.12642718656995672
0.8137728564260127
0.0
0.0
0.0
0.0
0.0629496376611279
0.048678817831168626
0.059539763785517036
0.06583510823619533
0.06583510823619533
0.05349089099506357
0.06606050083562405
0.06901349766308443
0.0
0.06354870051478863
0.06354870051478863
0.0
0.07608616071393877
0.07608616071393877
0.0
0.06989339794327032
0.05776534906715745
0.05235156272137849
0.06435504924651794
0.06673232068162009
0.06318689712492148
0.05970476449226109
0.07191761369443546
0.07170166485978781
0.15698978415567305
0.12213174946257228
0.0
0.0
0.0
0.0
0.0
0.0
0.0
0.0
0.0
0.07520503706172237
0.0645983529272513
0.08750623550979059
0.08483295163237833
0.08171658579920092
0.880119882460016
0.12208411942532232
0.0
0.13398659893507872
0.13398659893507872
0.12136706038117064
0.15570515502574686
0.1346273162052035
0.1388932309231637
0.15434261211683745
0.1233247127782075
0.0
0.0
0.0
0.12869629509316138
0.1537161824775294
0.1537161824775294
0.0
0.0
0.0
0.0
0.0
0.0
0.14944061251790808
0.07918743389308616
0.0850040081094565
0.10241011972077071
0.15989316147377314
0.8849816203400299
0.10272546838830172
0.09105632297975663
0.11625682555070409
0.11625682555070409
0.09105632297975663
0.12220200451443042
0.13115503696704753
0.16420652665145172
0.2616398284161735
0.13517419291455512
0.0
0.0
0.0
0.0
0.0
0.0
0.0
0.0
0.0
0.0
0.12538168854370563
0.09474997894802861
0.10137620434072588
0.06538458923143711
0.07492868982313619
0.28945349192285935
0.2951130174896526
0.0
0.0
0.0
0.0
0.0
0.0
0.12948055649944967
0.14581831178990792
0.14353235511922244
0.1284698779734293
0.13752827578967122
0.8399954111127426
0.0
0.1404474446677944
0.1404474446677944
0.13221913923347567
0.15267126217888086
0.1366450852110204
0.12774978644465795
0.14670254925413534
0.13014321748820146
0.12403150946218454
0.12299106475499466
0.31685530184278093
0.22799058403828784
0.0
0.0
0.0
0.0
0.0
0.0
0.0
0.0
0.0
0.0
0.0
0.0
0.1266078338812424
0.09347524795752431
0.12950297517279716
0.12347517113970156
0.0979859962053032
0.19256513321121607
0.10316861549078614
0.11025610292719287
0.0
0.0
0.0
0.0
0.0
0.0
0.0
0.0
0.0
0.0
0.0
0.0
0.0
0.23146368938574036
0.23612883801383794
0.0
0.0
0.0
0.0
0.0
0.0
0.0
0.0
0.0
0.0
0.13453936494852095
0.1333285186500851
0.11877264959586192
0.13361295293040082
0.1402487339494129
0.13284666243005347
0.0
0.0
0.0
0.0
0.0
0.0
0.0
0.0
0.0
0.0
0.0
0.0
0.2524364311211106
0.24547163945914527
0.0
0.0
0.0
0.0
0.0
0.0
0.0
0.0
0.0
0.2967665402029835
0.14347201053054154
0.0
0.0
0.0
0.0
0.0
0.0
0.0
0.0
0.0
0.0
0.0
0.0
0.15311015862503613
0.09039011011696398
0.11654152224717207
0.14741348392367465
0.14468948297435624
0.292850845165735
0.17908065995439554
0.0
0.0
0.0
0.0
0.0
0.0
0.0
0.0
0.16557508451631486
0.1433351511948882
0.15875481714713258
0.17952053369222595
0.08615558050148167
0.45535793476505204
0.3028789309322007
0.0
0.0
0.0
0.0
0.0
0.0
0.0
0.16515638931781026
0.15798419362332772
0.16194781244380063
0.1405278809780176
0.10483543213999637
0.29219418950678583
0.19104821200293212
0.0
0.0
0.0
0.0
0.0
0.0
0.0
0.15989304336698978
0.13981181797332753
0.10883194751937746
0.11648860592379226
0.14985651394744226
0.8736552718248703
0.06967148257506098
0.07200415642813633
0.08456343289416757
0.08111672138394957
0.0
0.08963523445323772
0.08963523445323772
0.0
0.08164473780746892
0.08164473780746892
0.09514846885725674
0.09514846885725674
0.0
0.08185058583865185
0.08099124074569675
0.05901817328936909
0.09257972076142723
0.24019426730035934
0.143842888913968
0.05785099692713701
0.07674810510047206
0.0
0.0
0.0
0.0
0.10561502788774285
0.10506090393738468
0.08910760808486062
0.08027799200748532
0.08528538848672056
