0.06823619417497474
0.06819159600626798
0.0
0.06416839930188542
0.06416839930188542
0.0
0.06432658890264015
0.06820725509088904
0.07026210334890247
0.06845136526032386
0.0601724140861658
0.07071351840305366
0.06260996835130708
0.05126758026899887
0.06860625054662153
0.08243133478279706
0.07806135979792754
0.06036536981141437
0.07875026595830302
0.062173121939544794
0.062173121939544794
0.0
0.0
0.0
0.0
0.0
0.0
0.0
0.0
0.0
0.0
0.0
0.9829610638374155
0.4475315117895236
0.3067563920481367
0.3387508808964455
0.7289136846595563
0.530338348413474
0.0
0.0
0.0
0.0
0.0
0.0
0.0
0.3408627708235538
0.18955990976135606
0.24289421175714276
0.24129732241580124
0.23931794020266495
0.6833975881160418
0.0
0.0
0.0
0.0
0.0
0.0
0.0
0.0
0.0
0.0
0.0
0.0
0.0
0.5200673675248186
0.31928599907924693
0.3480442481088558
0.46269881451664396
0.33152543544640845
1.0
0.7491606921372768
0.0
0.0
0.0
0.0
0.0
0.0
0.0
0.0
0.0
0.0
0.0
0.0
0.0
0.5598275568762667
0.18076165542316705
0.4158641402782314
0.4500882355644631
0.35576516595085156
0.942340189425438
0.08796134562389184
0.0998577448566482
0.08721014129310783
0.08149419411928299
0.08485148806390067
0.0
0.08345558839175772
0.08345558839175772
0.09959784956521776
0.09959784956521776
0.09478161151329578
0.08784333818958835
0.07569147198891034
0.09320943631448
0.09320943631448
0.08838918501570864
0.09322647265473573
0.17050906813560499
0.16619335684080627
0.08861099705573128
0.0
0.0
0.0
0.0
0.0
0.09238799952426942
0.07746772817128954
0.0881894631701182
0.07729064966528443
0.06381034204439896
0.8705412398199522
0.11012290770665976
0.0932328486854296
0.09902330666404358
0.10044751889355004
0.10086828384798753
0.11947136060235963
0.1121651640998442
0.09242536766464622
0.09242536766464622
0.11079382687837654
0.12364885899155818
0.10765802130496495
0.2979281629354972
0.2158319945109704
0.0
0.0
0.0
0.0
0.0
0.0
0.0
0.0
0.0
0.0
0.0
0.11823744618382587
0.11454517284809924
0.06262097616086745
0.08278810092678977
0.07992128706365331
0.23752271476325496
0.22846132670968092
0.0
0.0
0.0
0.0
0.0
0.0
0.0
0.1260325150107236
0.07108507511691683
0.09108543762084985
0.0904865832386923
0.08974445081401007
0.827680511346026
0.1275059257014948
0.12060868353257585
0.12060868353257585
0.12446895574304949
0.12446895574304949
0.0
0.100735299206328
0.1208008280062639
0.1296027536766795
0.10829156964325194
0.1330212940863015
0.12494682404490458
0.11117178145147776
0.11505332181511378
0.0
0.0
0.0
0.0
0.0
0.0
0.0
0.0
0.139502165223946
0.16554686499693103
0.13996794212467087
0.13847806171386393
0.1319286536999622
0.8386412981830211
0.05268361310727275
0.05268361310727275
0.0
0.0
0.06311791304872724
0.06311791304872724
0.07162312772118234
0.07162312772118234
0.05559528833105947
0.06836484914876438
0.06858091114035895
0.061526379728120216
0.06228597505095005
0.0
0.04501750659133791
0.042424180118963394
0.05838184013434831
0.0589287389965714
0.055938148941144406
0.05174121992509273
0.05739401386820572
0.06386866500704871
0.061695277491728547
0.048263094361793275
0.14411936955500565
0.08987916393284875
0.04750935795367476
0.0
0.0
0.0
0.0
0.052278832555498596
0.04705292805222474
0.04735760937456948
0.04792960164295234
0.0418683521169094
0.10427534459171259
0.0
0.0
0.0
0.0
0.0
0.0
0.0
0.0
0.0
0.0
0.10264816137409029
0.09948916056451035
0.05870508174789434
0.0
0.0
0.0
0.0
0.0
0.0
0.0
0.06313511539967821
0.04327253485733177
0.03933427886580943
0.05103358468661776
0.040058494607019095
0.1450606922434267
0.07910117445352868
0.0
0.0
0.0
0.0
0.0
0.0
0.0
0.0
0.0
0.0
0.06065859658986361
0.05640613511601363
0.09064997269436564
0.09328419722646544
0.07157677969268007
0.15631257083153208
0.12979972505693932
0.07843330467037585
0.0
0.0
0.0
0.07653932646017156
0.06308628665389482
0.03240186811794135
0.0803377695921007
0.0910503834945248
0.15520953648869232
0.14789897826580511
0.0
0.0
0.0
0.0
0.0
0.0
0.0
0.0
0.0
0.08396707426778102
0.0709173076288934
0.08808992526234281
0.07461509061897657
0.10050818956565187
0.21271005647694846
0.1354158148797641
0.06912867161913303
0.0
0.0
0.0
0.0
0.0
0.0
0.08956955837658419
0.08292453332493893
0.07555336346939351
0.07514665987766866
0.09360224664807201
0.1251070359394661
0.036280261876052974
0.07180580586388788
0.0
0.0
0.0
0.0
0.0
0.08316911873948749
0.08292453332493893
0.07555336346939351
0.07514665987766866
0.09360224664807201
0.2181367926088187
0.13702647161655507
0.08812818648942804
0.0
0.0
0.09436762051193609
0.09332790082855323
0.10877916699928943
0.10162983525084072
0.08946789747638205
0.20165331340580503
0.11803468210122031
0.06930746727097135
0.0
0.0
0.0
0.0
0.0
0.0
0.0
0.0
0.0
0.08985048007629265
0.076043141291392
0.08417693121295146
0.09569130720396596
0.09202070129147999
0.17814044816083716
0.08844154670162846
0.0
0.0
0.0
0.0
0.0
0.0
0.9770451826465182
0.21746717082892206
0.1963616358183409
0.2246359690788486
0.19318566093028777
0.20121622552416715
0.20121622552416715
0.0
0.2072519910238313
0.42425714109717333
0.20851146648571334
0.0
0.0
0.0
0.0
0.0
0.0
0.0
0.0
0.0
0.0
0.22537335603789135
0.1622927078024575
0.1793016368926337
0.16157950431350562
0.1627149076472845
0.4067908232581789
0.25697073209617904
0.0
0.0
0.0
0.0
0.0
0.0
0.0
0.0
0.24569679553340718
0.2468282375974664
0.2007576513710062
0.16929073581067666
0.20181842995808558
0.44806349697470516
0.2702552187630138
0.0
0.0
0.0
0.0
0.0
0.0
0.0
0.0
0.0
0.0
0.0
0.28023976129017686
0.24264190562080304
0.21302914359162037
0.2239935048475512
0.2214115399144721
0.4817850448283178
0.28316208035598417
0.0
0.0
0.0
0.0
0.0
0.0
0.0
0.0
0.0
0.2331360906907208
0.13026324652218435
0.13010807600870464
0.12356096596270252
0.12547632764045338
0.42315086422123577
0.2749652067461102
0.2180162254288612
0.0
0.0
0.0
0.0
0.0
0.0
0.0
0.2317422633879086
0.24341925759425775
0.28522183452974564
0.2487179426207059
0.15824237627815183
0.8291585509173824
0.1275059257014948
0.12060868353257585
0.12060868353257585
0.12446895574304949
0.12446895574304949
0.0
0.100735299206328
0.1208008280062639
0.1296027536766795
0.10829156964325194
0.1330212940863015
0.12494682404490458
0.11117178145147776
0.11505332181511378
0.0
0.0
0.0
0.0
0.0
0.0
0.0
0.0
0.139502165223946
0.16554686499693103
0.13996794212467087
0.13847806171386393
0.1319286536999622
0.8491841057180399
0.0
0.0
0.0
0.0
0.0656888852219903
0.050797072009651924
0.06213063100546474
0.06869991677768233
0.06869991677768233
0.05581854208457994
0.06893511731487147
0.07201661352147681
0.0
0.06631401623937148
0.06631401623937148
0.0
0.07939704283963117
0.07939704283963117
0.0
0.07293480257957873
0.06027900279756307
0.05462963604824729
0.06715545316030508
0.06963617133826484
0.06593646900903077
0.06230281170244038
0.07504710188872854
0.07482175606085649
0.16382117984445702
0.12744630105094143
0.0
0.0
0.0
0.0
0.0
0.0
0.0
0.0
0.0
0.07847757717457991
0.06740934417781685
0.0913140611158856
0.08852444954203584
0.08527247534279857
0.9200042864157779
0.0
0.1465590020099772
0.1465590020099772
0.13797264263875858
0.15931473779010794
0.1425911832391471
0.133308806383788
0.15308629688394637
0.13580638735403028
0.12942872892821766
0.12834300936747384
0.3306432304944358
0.2379115728545924
0.0
0.0
0.0
0.0
0.0
0.0
0.0
0.0
0.0
0.0
0.0
0.0
0.13211716186200415
0.09754281457875003
0.1351382849545017
0.12884818159596914
0.10224984761218421
0.20094458686741548
0.10765798808832212
0.1150538868737716
0.0
0.0
0.0
0.0
0.0
0.0
0.0
0.0
0.0
0.0
0.0
0.0
0.0
0.24153581005450836
0.24640396218628563
0.0
0.0
0.0
0.0
0.0
0.0
0.0
0.0
0.0
0.0
0.1403938327575198
0.13913029659631734
0.12394103026953712
0.13942710800758296
0.14635164441337895
0.13862747244820148
0.0
0.0
0.0
0.0
0.0
0.0
0.0
0.0
0.0
0.0
0.0
0.0
0.2634211786734911
0.25615331475756525
0.0
0.0
0.0
0.0
0.0
0.0
0.0
0.0
0.0
0.30968030828172466
0.149715181571707
0.0
0.0
0.0
0.0
0.0
0.0
0.0
0.0
0.0
0.0
0.0
0.0
0.15977273277382864
0.09432342725529079
0.12161281562416143
0.15382816780874978
0.15098563221438105
0.30559422214329773
0.18687333802537076
0.0
0.0
0.0
0.0
0.0
0.0
0.0
0.0
0.17278006874263352
0.14957236681493769
0.16566301808049516
0.18733235282752192
0.08990463248195242
0.47517279245874067
0.3160586791185031
0.0
0.0
0.0
0.0
0.0
0.0
0.0
0.17234315406195458
0.16485886094654803
0.168994956267118
0.14664293849867277
0.10939733610721765
0.304908992175124
0.19936165697545682
0.0
0.0
0.0
0.0
0.0
0.0
0.0
0.1668507741072313
0.14589571607969695
0.11356775947736195
0.12155759665194782
0.15637750605417458
0.9656262101623999
0.12739659839710132
0.0
0.13981701318300385
0.13981701318300385
0.12664833659610042
0.16248065019879307
0.14048561120486286
0.1449371568004609
0.16105881636338315
0.128691176053029
0.0
0.0
0.0
0.13429650226708867
0.16040512769725174
0.16040512769725174
0.0
0.0
0.0
0.0
0.0
0.0
0.15594350671305998
0.08263326762941815
0.088702949525622
0.10686648644622967
0.1668508973534202
0.9234915122948401
0.10719555748136199
0.09501863030813418
0.12131573037772936
0.12131573037772936
0.09501863030813418
0.12751961324477196
0.13686223606231182
0.1713519582110274
0.2730250609360428
0.14105628520277474
0.0
0.0
0.0
0.0
0.0
0.0
0.0
0.0
0.0
0.0
0.13083766092545357
0.09887301536838632
0.10578758033568735
0.06822979348081444
0.07818920471190392
0.30204903339366296
0.3079548326830776
0.0
0.0
0.0
0.0
0.0
0.0
0.1351148907346925
0.15216358190964738
0.1497781520494874
0.13406023262769154
0.1435128057727421
0.8371316647470028
0.07270323058499835
0.07513741052134494
0.08824320272128669
0.08464650788394953
0.0
0.09353570324807212
0.09353570324807212
0.0
0.0851975008924654
0.0851975008924654
0.09928884552852674
0.09928884552852674
0.0
0.08541230638136019
0.0845155669675277
0.06158634354794532
0.09660831860096114
0.2506462982457564
0.150102198693098
0.06036837761611235
0.08008779167387231
0.0
0.0
0.0
0.0
0.11021085589058716
0.10963261928865814
0.09298511726791131
0.08377128127757158
0.08899657414353195
0.8476945825422061
0.04839065745663912
0.05191965450132461
0.036540452649251494
0.025666513181069703
0.040136760874827634
0.04573553043273202
0.05054847671996663
0.05328471562360287
0.05333968969787684
0.04250563624909141
0.04250563624909141
0.0
0.0
0.04211519167454947
0.04211519167454947
0.0
0.0395508342537099
0.031161115641882065
0.03933921130665191
0.04452494899041301
0.05657623539055589
0.054590541091345264
0.05206127517512151
0.05640614061225691
0.04788683785771738
0.0
0.050074810653635185
0.04806412939628633
0.04044031631125272
0.0
0.0
0.0
0.0
0.04198718974316403
0.04198718974316403
0.04823309960492224
0.04823309960492224
0.04779175688466633
0.04779175688466633
0.04906532851766009
0.127408840922504
0.08070931750568318
0.05086734695568366
0.0
0.0
0.0
0.0
0.0
0.0
0.052508935929431726
0.04618308129998256
0.050506921745227445
0.0579215838279113
0.10673666897143279
0.055235554692035935
0.0
0.0
0.0
0.0
0.0
0.0
0.0
0.0
0.05788235833212749
0.04317914661736474
0.03415683050733894
0.035428871762295915
0.03846756140804502
0.10256226425046597
0.06515789884285589
0.06882222138376326
0.0
0.0
0.0
0.0
0.057211438747127245
0.04951118461002413
0.059524659625691256
0.043869070338601955
0.06013733597165669
0.12335192416077001
0.0395585497929427
0.0395585497929427
0.0
0.0
0.0
0.0
0.0
0.0
0.05825465261067546
0.03233001068643925
0.050568785126130805
0.0512272145305106
0.05734422683196561
0.10340743976656472
0.02723570656699704
0.0432861086503337
0.0
0.0
0.0
0.0
0.0
0.053460923344698895
0.053460923344698895
0.0
0.04408729864846568
0.04846257189025195
0.09934294995701427
0.0987536100181629
0.0452843162018454
0.0452843162018454
0.0
0.0
0.0
0.0
0.0
0.0
0.05608462778202444
0.0519476849772814
0.04825617516367588
0.02930970296385568
0.04129366125186054
0.12116031562924322
0.0666504654771861
0.035156096210176506
0.04698108218317494
0.0
0.0
0.0
0.05528209471120137
0.04761378861589793
0.03719754783618765
0.054252503833983876
0.06786624780121302
0.13723456949330712
0.07858536047371606
0.047908426863535754
0.0
0.0
0.0
0.0
0.0
0.0
0.0
0.0
0.053501366524406034
0.025855124833728177
0.036794343691403116
0.027984260926561748
0.04505369098988041
0.1113208293630163
0.0505660714683342
0.0
0.0
0.0
0.0
0.0
0.0
0.0
0.0
0.0
0.0
0.0
0.0
0.07016319904513743
0.065525689552944
0.06405408243942297
0.06741600136276162
0.06605554345900948
0.10501722579399768
0.11531027184666748
0.0
0.0
0.0
0.0
0.0
0.0
0.05606961550211403
0.03502112123270111
0.04489979266349818
0.02976964537387477
0.043931782146410026
0.09501729423917359
0.0
0.052768792551807296
0.03321338269388268
0.05048129300061004
0.019705110575210644
0.042010804010712166
0.0976394425840144
0.052234870679917125
0.0
0.0
0.0
0.0
0.0
0.0
0.0
0.0
0.0
0.0
0.07007523732759866
0.061729871052844484
0.06077974944697929
0.04504208001619199
0.03403096422618635
0.10249228163316186
0.06368600113284896
0.0
0.0
0.0
0.0
0.0
0.0
0.0
0.0
0.0
0.06159313045448517
0.05123377221116531
0.0397162605627995
0.05811038253561336
0.05739517628462136
0.158601958510684
0.11146484649167065
0.0
0.0
0.0
0.0
0.0
0.0
0.0
0.0
0.0
0.0
0.0
0.0
0.06355472898911597
0.03700502882703381
0.05885968602315652
0.06263344782144994
0.04378586603116908
0.10491170019010942
0.05292695237361766
0.0
0.0
0.0
0.0
0.0
0.0
0.0
0.0
0.0
0.0
0.05057572897439141
0.04901445877055624
0.0
0.0
0.0
0.0
0.0
0.0
0.0
0.0
0.0
0.0
0.0
0.0
0.0
0.06452655497360274
0.054349908668212536
0.06082977128007445
0.054368127252466474
0.0695291131491557
0.17209313577375826
0.09834044892150542
0.048842754836147674
0.0
0.0
0.0
0.0
0.0
0.0
0.0607550690375022
0.05685158564634708
0.06254300301107381
0.07260861181350924
0.08376887784984421
0.13194643060575792
0.0
0.0
0.0
0.0
0.0
0.0
0.0
0.0
0.0
0.0
0.0
0.06386444070328798
0.0520018191672484
0.03594331860205775
0.05270998198185038
0.06437633475349462
0.1797383881571812
0.11792978897595811
0.0666944828504637
0.0
0.0
0.0
0.052499473857474874
0.04209721710530503
0.04916971939660577
0.04114700735141637
0.0542890684637964
0.10331572063746967
0.0
0.0
0.0
0.0
0.0
0.0
0.0
0.0
0.0
0.0569185481049428
0.058601031740985424
0.060451475397151004
0.06119166957394888
0.05485810788457282
0.14962199219579156
0.10614417674433291
0.0
0.0
0.0
0.0
0.0
0.0
0.0
0.053372828390702814
0.04619632336902401
0.03384493371500287
0.05510723499770757
0.06344199171138827
0.12407901957780347
0.12217152601931917
0.066137070045807
0.0
0.0
0.0
0.0
0.0
0.07510487369189545
0.062480890947138344
0.06069177994259125
0.07224246600652673
0.05683052716920025
0.9175405331587949
0.05393620956811592
0.04989149592372692
0.05712819975945055
0.0
0.0
0.05432683685825029
0.06522645848287291
0.06271810034641985
0.061018520631559985
0.07101466331221933
0.07101466331221933
0.0
0.0
0.0
0.047545028068289245
0.047545028068289245
0.0
0.059796867640241655
0.059796867640241655
0.05816547651188458
0.050290016976552714
0.07335078301609585
0.05944015321918786
0.0
0.05602490371771048
0.044395866269376964
0.04786467080259231
0.05662558744725692
0.05662558744725692
0.045152860382340676
0.045152860382340676
0.0535459672588851
0.04775052569404819
0.1093824151764636
0.05670754889449197
0.0
0.0
0.0
0.0
0.0
0.0
0.0
0.0
0.0
0.0
0.0
0.06433270419821621
0.05887450061567791
0.04896731870093216
0.053712488806141954
0.03583110323283204
0.09428611392322758
0.10098874776032549
0.0
0.0
0.0
0.0
0.0
0.0
0.0
0.0
0.0
0.0
0.0
0.0
0.056967250965757076
0.056967250965757076
0.05514039627059793
0.03340416744788893
0.034502944413074936
0.8555305115387158
0.0
0.24730485452918416
0.24730485452918416
0.0
0.0
0.22832040256182168
0.33558832507745423
0.24270975072288092
0.40237552396191034
0.4819450714088174
0.33055007530723357
0.0
0.0
0.0
0.0
0.35263238331641833
0.37459174815741786
0.36509890411064133
0.300404547823854
0.35156302668756084
0.683099638291216
0.0
0.28689174416659646
0.17713794306735434
0.2692330482252639
0.10509376535669322
0.22405741144461994
