0.0
0.0029475363247409812
0.8165868695959311
0.820877749459812
0.8321310572578885
0.8321310572578885
0.7777598301450119
0.7780548091228614
0.798247461325324
0.7970516510556175
0.7556269546352059
0.7556269546352059
0.7781004523805087
0.7796297302369787
0.767575915936246
0.771192971057289
0.7819516280778864
0.7778215668731632
0.8000349711189407
0.8059771824735041
0.7254218464342785
0.7315997861209736
0.7650141761933139
0.7231703405929908
0.7158999332855224
0.7333820859651445
0.7818661674801476
0.771677036258719
0.7929153625536435
0.783726074312493
0.7589015964858727
0.7509597820935148
0.7030989713122132
0.7097904624888006
0.7180885123624773
0.7273329340484305
0.7433443373028037
0.7227766555295768
0.7329787590677755
0.7342253870635418
0.7503214980068699
0.7507912643367219
0.6998034856547449
0.6998034856547449
0.7446837424740657
0.7446837424740657
0.8164347698773179
0.8164347698773179
0.6691144245317595
0.6691144245317595
0.8000101849167035
0.8000101849167035
0.7875743611106962
0.7875743611106962
0.7677940639631156
0.7677940639631156
0.774358109493191
0.774358109493191
0.7926614208133625
0.7926614208133625
0.7278559868351453
0.7278559868351453
0.7246784608996224
0.7246784608996224
0.801210821856989
0.881816204391128
0.7993998159638341
0.8070272641320504
0.7766957499290519
0.7400215362942475
0.7743004629210194
0.758898230832449
0.7422036425378471
0.7668850809541623
0.8222764064674188
0.8339105943840991
0.9320107208182695
0.9320107208182695
0.8319028352653106
0.8319028352653106
0.8185376721992358
0.8185376721992358
0.8052187761075614
0.8052187761075614
0.8132424026387577
0.8132424026387577
0.8132410385315724
0.8132410385315724
0.8364190090927359
0.8364190090927359
0.8531516120313184
0.8459329716274057
0.8082783870810173
0.8190413285296274
0.877000602197838
0.8481164325486311
0.8151998514386665
0.8043570767480087
0.7676072806268838
0.808832497540718
0.9000988580758624
0.8531653470229297
0.8423681579797723
0.8423681579797723
0.7791584423747341
0.7791584423747341
0.8006114349235056
0.8006114349235056
0.8213902634242112
0.8213902634242112
0.7369401757454436
0.7369401757454436
0.8059829729922205
0.8059829729922205
0.8149129332673241
0.8149129332673241
0.8951098924410317
0.8951098924410317
0.837986046046065
0.837986046046065
0.7948900339011427
0.7948900339011427
0.8136643472673852
0.8136643472673852
0.8326585103065608
0.8326585103065608
0.7724749995574459
0.7724749995574459
0.7504698545961286
0.7781903398609891
0.7782776151393231
0.734616373922357
0.8024847863703748
0.8476336946025133
0.8010280156309819
0.8453884134974903
0.8844801970079055
0.9093170572645143
0.9186256878742596
0.8276853827605705
0.8179012369644705
0.935099472978885
0.8719664132847257
0.8719664132847257
0.8849874000450132
0.8849874000450132
0.8829447426740621
0.8829447426740621
0.9300535575538454
0.9300535575538454
0.9252620491650968
0.9252620491650968
0.9543132610929621
0.9543132610929621
0.9191517620423748
0.9191517620423748
0.8797037427297286
0.8797037427297286
0.9158934195027146
0.9158934195027146
1.0
1.0
0.913042728669605
0.913042728669605
0.9038325897234815
0.9038325897234815
0.8591944694683007
0.8591944694683007
0.9090370080907119
0.8135122570750946
0.8201117664133326
0.8335849818780594
0.8131444352322661
0.8491534814352817
0.8582390072754855
0.8366913511718975
0.9042947824411989
0.9039709556973022
0.8614652098067314
0.7930713570599913
0.7684771102781784
0.7689397390087649
0.8263508359190698
0.822143339280287
0.7672392452626396
0.7568216324998948
0.8397422357152772
0.8371641698498024
0.7703865462015086
0.7690748889819972
0.7781123510094088
0.7781123510094088
0.7523099872591872
0.754629737126322
0.7511750289504991
0.6789734260822436
0.7489227867749668
0.7423226426546817
0.720824731093305
0.7214613866474131
0.7640080591788617
0.7562173713061208
0.776870371793177
0.8026980020093326
0.7578080217200893
0.7370547411450469
0.7724718647023728
0.774340694282519
0.7591239269612804
0.766021579868725
0.8535279792004374
0.8475314682825597
0.7899465551071819
0.7917676595673797
0.7852829790603764
0.7862862477884774
0.8001349576615981
0.7938052812612731
0.8203079098239957
0.8214584909933327
0.7128772542818745
0.7128772542818745
0.7073524964104755
0.7073524964104755
0.8333540176636429
0.8333540176636429
0.7774572387151579
0.7774572387151579
0.8172285399280739
0.8172285399280739
0.741461985203211
0.740787278486635
0.8065793218119883
0.8162419134069558
0.7530713072336276
0.7533983015994787
0.8163172565371749
0.8186792581720889
0.7559320260786201
0.7493835765184551
0.780831537522947
0.7449001305540163
0.651390358671517
0.6729208032471166
0.8153413482709633
0.8264133967108065
0.7584122157316778
0.7448623097314019
0.7958541319154442
0.7924799822795559
0.817494344028764
0.8134590168874537
0.7495604352240413
0.7394325342758264
0.6096437103083698
0.6095051300293237
0.730338868871995
0.740486862414953
0.7630515040126554
0.7491186577704269
0.7438280487547148
0.7363994044985468
0.7104383231009954
0.7497825650558626
0.8366511235071771
0.8383359057647172
0.7779556968671183
0.7992394042544374
0.799474735294525
0.7784295329206198
0.7339354711470653
0.7339354711470653
0.8457061125522327
0.8457061125522327
0.781409160107167
0.781409160107167
0.7009663724707477
0.7009663724707477
0.7580193551404265
0.7580193551404265
0.7413116280054386
0.7413116280054386
0.8106691696473478
0.8106691696473478
0.6734303504594611
0.6734303504594611
0.74258216379981
0.74258216379981
0.8068913094264174
0.8068913094264174
0.7457468793932889
0.7457468793932889
0.7863540459609977
0.7962452807980175
0.7400669141227435
0.739961521881361
0.7490408961283885
0.7453078344461515
0.703401148941038
0.6989620021567351
0.7440790181182343
0.7519963251315067
0.7240863604640485
0.7505009237327223
0.7240071360500487
0.6998703992966496
0.7816440525614635
0.7816440525614635
0.7530836212399201
0.7530836212399201
0.7755027681505762
0.7755027681505762
0.7566703917884006
0.7566703917884006
0.7502162427595066
0.7502162427595066
0.7637094516140587
0.7637094516140587
0.7563753393379125
0.7563753393379125
0.7703635746313691
0.7770037225255522
0.804211489664635
0.8112190450454319
0.7718144334152526
0.7601123622413793
0.7746831946815027
0.765727496451459
0.708576732309703
0.6257107679129698
0.7715950197481918
0.8115226363171091
0.8048538016457513
0.8146715881071553
0.8487177619058666
0.8393299321727644
0.7494790504835815
0.7494790504835815
0.7932696202221248
0.7932696202221248
0.8246019233519066
0.819878465907799
0.7606912906275651
0.7634806554368826
0.7956480451341597
0.7895097421162885
0.7431323967029992
0.7528298753999138
0.8050017155268916
0.8082148594533296
0.8232411283382036
0.8138641912675963
0.7692412976800893
0.7838756165672329
0.8271623821585642
0.818590704827278
0.7150694317578699
0.7235925095119905
0.8256531052462094
0.8256531052462094
0.8522832527510987
0.8654446145210941
0.773737657577528
0.7597699046435182
0.7920447698192835
0.7866290473157044
0.8026492658009404
0.8101859723538977
0.7652947099999404
0.7604247196459493
0.7847407061626429
0.7863268707531459
0.773868804661859
0.7760685641023842
0.7246605475519343
0.7173513973749381
0.7597879678823446
0.7726059688257216
0.7608847067738556
0.7564079346417938
0.7952814879215886
0.8010526416862138
0.8259301826320258
0.8249600373364012
0.8032482984530638
0.8180019894218077
0.7425614968148241
0.7425614968148241
0.8799249461746241
0.8799249461746241
0.7590757609681706
0.7590757609681706
0.8049207747755678
0.8049207747755678
0.7501075681800747
0.7329601800471949
0.7954051566871206
0.8001961980113331
0.7924170387260938
0.7912800167113636
0.7838639310302744
0.7885118912766728
0.7301453600464908
0.728366883527165
0.7804054032532037
0.801648964948454
0.7581535211408401
0.7581535211408401
0.7371039847027421
0.7371039847027421
0.807702965661936
0.807702965661936
0.8140516201640907
0.8140516201640907
0.8015122970770625
0.8015122970770625
0.7455631793282388
0.7455631793282388
0.7960192879815496
0.7960192879815496
0.8123478803876235
0.8123478803876235
0.7637809249380925
0.7637809249380925
0.8089072316675135
0.8089072316675135
0.8182449488167931
0.8203711116227866
0.7926743643712034
0.7900098406876385
0.8533193157245332
0.8614850312335413
0.8427001193108924
0.8427001193108924
0.791094537056928
0.791094537056928
0.8292878917549228
0.8292878917549228
0.7705079071717396
0.7705079071717396
0.7791573990333132
0.7791573990333132
0.7498608565534046
0.7498608565534046
0.7894849568181854
0.7894849568181854
0.7728061879213062
0.7695492113631723
0.8158026161510614
0.8189697229261602
0.7474329067665161
0.744673826811301
0.7918038968997345
0.7911646511247388
0.7386450221440934
0.743063659794753
0.8299556134221914
0.8274291249316266
0.8260944900769823
0.8190814864973802
0.8025428269321192
0.8025428269321192
0.9188267328144742
0.9188267328144742
0.8474241615762034
0.8474241615762034
0.7775689964784499
0.7775689964784499
0.7687670002699566
0.7687670002699566
0.7903494023052049
0.7903494023052049
0.7296470710939509
0.7296470710939509
0.71794672592091
0.71794672592091
0.836979850864344
0.836979850864344
0.840506283065973
0.840506283065973
0.7804375645334791
0.7708178565166888
0.7587360852586663
0.7681113416363223
0.838473854705053
0.860486836525871
0.8448663237932791
0.8247855992000366
0.7656714039507816
0.7763462326058588
0.8080395628153493
0.8130980680855262
0.744962275694968
0.7366764000107437
0.8479975753241736
0.8519622834599004
0.7825087076132204
0.7825087076132204
0.797755821220802
0.797755821220802
0.7785300184667634
0.7785300184667634
0.8384075249383882
0.8392074565798038
0.8154085852065472
0.8039414116013475
0.7770177885769237
0.7739092061793833
0.7769225225641033
0.8073792142540124
0.8345064381404201
0.8362593277387557
0.8705541893821843
0.8515700408987592
0.8736742079206952
0.8753481639029667
0.8376985017478401
0.8376985017478401
0.7785214739825281
0.7785214739825281
0.8428255889541684
0.8428255889541684
0.8782351936876347
0.8782351936876347
0.7692555496879218
0.7692555496879218
0.8136228151635504
0.8136228151635504
0.8623401997835302
0.8623401997835302
0.7694400987303092
0.7694400987303092
0.7744240787853467
0.7744240787853467
0.789652424383173
0.7959246736833167
0.7712533302215764
0.7728063121180088
0.8307394785768935
0.8311166882461406
0.8225945505971735
0.8294356435279401
0.8341832735774926
0.817660303243955
0.7256024265076695
0.7450358197185591
0.8201499941550151
0.8031198741979908
0.8332154123002069
0.8444921820267893
0.8515300603207047
0.8515300603207047
0.840542963953874
0.840542963953874
0.8108145409564806
0.8108145409564806
0.7781134131743896
0.7781134131743896
0.8084756447337581
0.8084756447337581
0.8538531101091017
0.8538531101091017
0.7686474540223466
0.7750179849342322
0.8054797906586214
0.8028968616721198
0.8158546911110027
0.8101375217505773
0.8341787885519313
0.8416724368272686
0.802036532433909
0.7917818666861152
0.8219414922503235
0.807092641571033
0.7455651772789968
0.754102510011302
0.8052511869286606
0.8171721861668275
0.7997085864464109
0.7997085864464109
0.828216020824747
0.828216020824747
0.7999035205415586
0.7999035205415586
0.7902308278148416
0.7902308278148416
0.8165433906781722
0.8165433906781722
0.830924551145559
0.8379118766639889
0.8426718603206489
0.8406697154292999
0.8091446258766015
0.8076826731891955
0.7739382555205825
0.7849778553698259
0.8056113778689075
0.796120176270748
0.7727060044105825
0.7557759698025373
0.8268039192972252
0.830813199369946
0.7859510794054554
0.7875607007590598
0.8139957887953745
0.8139957887953745
0.8149936246586746
0.8149936246586746
0.807794139495761
0.8176563489981976
0.8080454607909601
0.8051578943952733
0.8482082463265745
0.8401419365700219
0.8409077228655253
0.8390194964621885
0.8348170673361952
0.8388513845180932
0.8527736941161865
0.8248152547851041
0.7679062153006226
0.7734174478845224
0.8120035643297502
0.8258284187604806
0.7827294583916984
0.7827294583916984
0.8347695066603318
0.8347695066603318
0.825689814148938
0.825689814148938
0.7932861664102284
0.7932861664102284
0.7982714315638041
0.7982714315638041
0.7502695698782726
0.7502695698782726
0.8268019108994913
0.8268019108994913
0.8199772321225759
0.8199772321225759
0.7764069057868808
0.7764069057868808
0.7812984414240153
0.7865255965712752
0.7747675966167271
0.7798052362295437
0.8322187507236092
0.8316600090305016
0.7763537787517258
0.7705556380203306
0.8415815846513358
0.8456923889653285
0.8385909687071066
0.8179392167284135
0.8407838560645295
0.8357050452712148
0.8033610119010736
0.8033610119010736
0.8026036282881968
0.8026036282881968
0.8171826173522455
0.8171826173522455
0.7945567646790169
0.7945567646790169
0.8240766154440028
0.8240766154440028
0.8000369509675752
0.8000369509675752
0.7808203262279645
0.7795236667761193
0.8297120074381852
0.8389267558417286
0.7649121402029769
0.7775938644229011
0.8139472748183004
0.8324095648660517
0.832434425204503
0.8104281107388474
0.6665413881619727
0.6620075474800063
0.8058255967692709
0.8080534134979456
0.8283903569236954
0.8283903569236954
0.7599323353519577
0.7740367683016516
0.8963728727324706
0.8361097928447638
0.8047351447965566
0.8166333927792601
0.7713089661119208
0.7713089661119208
0.7606770185886533
0.7606770185886533
0.8197832215380653
0.8197832215380653
0.8049653611751058
0.8049653611751058
0.9024845335966388
0.9024845335966388
0.791388700412086
0.791388700412086
0.8518696915346635
0.8518696915346635
0.7768301496714369
0.7768301496714369
0.8171361576693638
0.8171361576693638
0.7414219460775524
0.7414219460775524
0.7777941127098257
0.8036357944190132
0.8096063924927702
0.7892729438770976
0.8371619581194918
0.8381635987154903
0.8049029426556304
0.8173864732725749
0.7995524867810031
0.8324949525108183
0.834670687755523
0.7809245593097167
0.7856169879693268
0.7721212305575387
0.8101223188481131
0.8101223188481131
0.7980874281103061
0.7980874281103061
0.8102966139337128
0.8102966139337128
0.823791188765279
0.823791188765279
0.7556327091331967
0.7556327091331967
0.7985019162540796
0.7985019162540796
0.8157790255449392
0.8157790255449392
0.7399763019816755
0.7399763019816755
0.7932176869014969
0.7952903809010808
0.8611567316776594
0.8690333411811154
0.8081896329335785
0.7925919278977779
0.7911088329570679
0.797285876469607
0.8244599330518108
0.8126704328593608
0.7605421185619093
0.7799143672839955
0.8933322455042384
0.8959674048034442
0.8178870249598815
0.8178870249598815
0.8764385185923584
0.8764385185923584
0.8078444096401729
0.8078444096401729
0.769272705793113
0.769272705793113
0.8204685228335796
0.8204685228335796
0.7992258335937439
0.7992258335937439
0.8107373883975575
0.8107373883975575
0.7742977210901967
0.7742977210901967
0.7684137601000568
0.7684137601000568
0.8094976025917429
0.8094976025917429
0.7864617842035221
0.7864617842035221
0.7744370903712047
0.8047247689154532
0.818067573313291
0.7874651898199277
0.7582492413120109
0.8086997873318976
0.8549732114344372
0.8146669297827361
0.7517275366324637
0.78440200287039
0.7769239646909095
0.7648181995620914
0.8013407074192973
0.7740444689029352
0.6863108141024215
0.6863108141024215
0.845121421954276
0.845121421954276
0.8535327010566556
0.8535327010566556
0.8140471113041802
0.8140471113041802
0.8391731540007271
0.8391731540007271
0.7606063431780689
0.7606063431780689
0.7651545821740658
0.7651545821740658
0.7577280682933457
0.7577280682933457
0.8225591205983983
0.8225591205983983
0.8266070486495957
0.8200820164066861
0.777151337443153
0.7672116343663781
0.7587159445056265
0.7681256884648388
0.7544617469733447
0.7330151815509688
0.7927015428975642
0.8032282462957103
0.7783474608590141
0.8464671038803133
0.8154828514075358
0.7397104359597032
0.6856283237824125
0.7008097607425796
0.7944190411225972
0.7944190411225972
0.814155060927586
0.814155060927586
0.748353635730585
0.748353635730585
0.7473628417793061
0.7473628417793061
0.7136278875437095
0.7136278875437095
0.7793038690825418
0.7793038690825418
0.7537742481999006
0.7537742481999006
0.821588564020217
0.8238269335062787
0.8105869156438893
0.8356236129728756
0.7781982511803398
0.7820885152282296
0.831891306721238
0.800128722886525
0.7465009233334607
0.7509874827572411
0.7765890676232428
0.7466346856539303
0.8004536542413965
0.8067310626882525
0.7035361315647741
0.7050980446323714
0.7290663404490991
0.7322605868867987
0.7572464782192064
0.7527617307095819
0.7700804098939128
0.7788550611990279
0.7187289242590982
0.7187289242590982
0.6646545538033877
0.7203581869517276
0.6897101065804946
0.6577853939836076
0.740105305684227
0.7310863809324011
0.7422433506183116
0.7562631520137219
0.7179045617112092
0.7094514709157796
0.7341537177434122
0.7396134543359408
0.7556278922772133
0.75574490598909
0.7297689587637807
0.7319391278904395
0.7419670266358765
0.7419670266358765
0.6333777772697606
0.6333777772697606
0.6533204303446181
0.6533204303446181
0.7452636768477997
0.7452636768477997
0.7323838858366647
0.7323838858366647
0.7280860354766087
0.7280860354766087
0.7082285031166118
0.7082285031166118
0.7760161656859008
0.7760161656859008
0.7805530339943234
0.7966688894668961
0.7683920497966056
0.7721893153691838
0.7476524762842931
0.7281030050347908
0.6568664231405392
0.6690308160182886
0.7865394809005095
0.7889274937595537
0.7807295759622935
0.7921870012365502
0.735420074824152
0.735420074824152
0.7783099562119836
0.7783099562119836
0.7536523480637456
0.7536523480637456
0.6412148400985977
0.6412148400985977
0.8178499417771751
0.8219706213646575
0.7903705576249337
0.7923530456009147
0.8471460441109315
0.8422619555442862
0.7232520202455887
0.7190227221615741
0.7934556567945922
0.7895665612342683
0.8008390686595502
0.8123389642055137
0.7212123448867562
0.7034686669470429
0.7291930699857807
0.7349604244249113
0.8373440671239654
0.8373440671239654
0.7126160223604002
0.7118629798907964
0.7650481445574787
0.7686320954907742
0.7694893224067566
0.7694893224067566
0.7713909304518237
0.7583007234520904
0.7420508898296466
0.7597950466770844
0.7672657520955484
0.7672657520955484
0.7386768416051152
0.7318268166694312
0.7979348295415296
0.8164049840216264
0.8278778035741717
0.8142876930630276
0.7661040459972746
0.764015750233941
0.7980734454268489
0.7970986520578629
0.7483553335649752
0.7452713813450991
0.8045557285908174
0.8002155013811314
0.7944936998484248
0.8075899028308118
0.7834294463240609
0.7984441807618285
0.7554319505490438
0.7431134818073815
0.7496104265771719
0.7389688190996735
0.660141976269581
0.660141976269581
0.6899324379681112
0.6899324379681112
0.7211775815257594
0.7211775815257594
0.7804457940530243
0.7804457940530243
0.728397915564746
0.728397915564746
0.6991524782676778
0.6991524782676778
0.6939193400657518
0.6939193400657518
0.8193825154120209
0.8193825154120209
0.7339279750013425
0.7339279750013425
0.7630500115083932
0.7746310630111668
0.7491022792265948
0.7482474289944813
0.7489779474110775
0.7492288432788153
0.7574226848652678
0.7568807217963384
0.8313785159324073
0.8274310224779831
0.754680183457795
