0.6487382830606379
0.7577296529654793
0.6714585594730906
0.5404796457771381
0.593107985176078
0.524367673060065
0.31763770636851435
0.48217806855293543
0.5157549327968639
0.5462217057830623
0.6801509088666954
0.5242479212663296
0.39808711732267
0.41515576880222127
0.4250753328123517
0.3723911410304125
0.5809563353607077
0.6025256572779369
0.5015058470023679
0.40019543665721413
0.43186310730016186
0.2800666599782378
0.4092072242929265
0.4817161493718599
0.5148766228001325
0.4274223124773123
0.4287341616301629
0.5208492574508181
0.6631240612833874
0.3314145217375813
0.5292829794286835
0.6955639477544181
0.6315695712679097
0.5494491627742568
0.5625963666372085
0.619722424396979
0.41711806833649445
0.3768708154919022
0.45961367329130465
0.6277741814053938
0.5884622880003203
0.3576244877246077
0.40723988911522657
0.5020712617626958
0.40824862851852695
0.42747819438690376
0.7737652108389828
0.7832015464939347
0.6422839523473901
0.5632743051106449
0.467873583556304
0.3914767630932908
0.4021966457877081
0.4856081026311792
0.5572185938171177
0.5219324055909059
0.46434898486374226
0.5149882774083363
0.6205760630156643
0.554604302402279
0.38755722503886614
0.6034694676156835
0.759999164173327
0.5840170596369183
0.41722598284579204
0.4829292440959141
0.5812408821538134
0.4236819265943674
0.4379516242908805
0.5113404427653103
0.47218314293169894
0.632724601373657
0.789511644243277
0.644245799830896
0.5543399628804557
0.5095438032550871
0.6555400619123838
0.4876402904384644
0.47410860465585986
0.4433843402581908
0.37551962745728973
0.6105112303420468
0.8343662539064338
0.6874196029743029
0.5937833114449166
0.597855061908348
0.5183651708115596
0.5160630791599679
0.5236464202790786
0.5076808628052647
0.4877206964877401
0.5153002735159242
0.5870735498346129
0.539051852254648
0.46804206338237075
0.4237648319918327
0.5438840057051427
0.4990835006100653
0.43133926287579055
0.6553699669694685
0.5565914846510387
0.4764157813628821
0.4292875226119304
0.42897475803441343
0.47289717689773114
0.5246237469561665
0.46960424637213505
0.5561479410691769
0.561696180109484
0.6232321238677655
0.6677462646717797
0.527566433293129
0.61602662878262
0.6116442387054649
0.35965367048721075
0.6316738216614681
0.6192824105069662
0.4912855273426396
0.514076340022298
0.6026588411928234
0.5345560502203678
0.37036105142790393
0.3263696663578572
0.3298821403516965
0.4960648843125128
0.48430982827354624
0.3179797186076624
0.2925127336329254
0.48640468357754074
0.4708638112215579
0.6213899932761848
0.6809589217199077
0.47567542466930857
0.49737771674445613
0.5274890475149411
0.539500147942028
0.5128528994850572
0.48461277092163085
0.35948929025169096
0.6385241863900148
0.6712203313601421
0.5896297262114568
0.4722440082618464
0.3361748694383054
0.6457423090761402
0.5830411654624676
0.5492337118853332
0.49003026918379033
0.3296445295662072
0.48501417859730556
0.4202734498985509
0.6076737229930756
0.5967143364932505
0.4923518462633793
0.6124359252409166
0.6401076435210082
0.6324585176632556
0.4774043789215509
0.47604720529373484
0.4362158332976528
0.5765325349765036
0.5063591456378199
0.444844878729407
0.39794294401298574
0.7055505144877474
0.6471222538613457
0.5311370892023894
0.5803020126337594
0.6455460025044472
0.8348691410056093
0.7214141897960629
0.47524380989934056
0.2591943827387202
0.6465443811570828
0.6101469471976368
0.5650419172782218
0.5699060469290705
0.3638402665685396
0.5953759619461365
0.715262609619927
0.5368548965426251
0.46552314839999237
0.5390070291664686
0.5471502230900989
0.5616907370826136
0.39029532220664453
0.35187728446958094
0.4489008488150253
0.6377266373790619
0.5205827370910526
0.4000248865334745
0.4802507805148423
0.4122088897062539
0.731584445674833
0.5472064172845282
0.4031584495021177
0.5056971642333106
0.5165017279076534
0.6859960802956103
0.7151533829871424
0.38319342917237265
0.5947061075048992
0.5616762953213059
0.6871845377970834
0.5996534208070162
0.43043574715332544
0.5762980701424975
0.6492974097161993
0.8625092731530014
0.6643892216381598
0.2476465526274743
0.7356345583728497
0.6402583106590297
0.6272470343076827
0.7241634864384717
0.5639866024129756
0.609927526947743
0.5964038977857242
0.6361294911390859
0.662587863327261
0.6374788465153319
0.6354370628767936
0.6098740833914253
0.6695233764106778
0.7215616525939318
0.5749029247450487
0.4349000545374451
0.5950301442942305
0.7431669373491765
0.69664790434811
0.5048153617023674
0.5159387336962472
0.44344113940689106
0.5985669633009023
0.6554550347021633
0.4839548125805823
0.5648758611819737
0.6907320527283345
0.8269699582497138
0.7818263687883333
0.4881521007936876
0.669876739293028
0.6303721040790842
0.5912256520219387
0.5193384916450443
0.37746468900203756
0.44187319132214675
0.5219574174305811
0.6055955546806393
0.6295006468477048
0.48122481033910036
0.43580956470704096
0.3303473000899401
0.5172630985583672
0.6821059113841668
0.5872005327484028
0.5746489102558991
0.5267909777464249
0.5668222431854117
0.38322834964994995
0.36876480958028146
0.5398902178129651
0.4610437114116035
0.47085931965867306
0.6940692354001694
0.5142802370737869
0.6124032464650137
0.685956029067779
0.7525200960672159
0.7269396513999515
0.6219261516036342
0.41601847473321546
0.5927101023296448
0.5610018890068513
0.5758441607916784
0.3905002501410829
0.33583842033341427
0.3466701390801924
0.46964878113995634
0.6527451329936313
0.4564388770527399
0.43992368170267554
0.43505587301553633
0.47184269916193944
0.4950494033996774
0.2829141406811325
0.5076867808155667
0.8047189111216811
0.960975848555465
0.7804235281230995
0.48492170629912645
0.38619524359818036
0.37296744440589147
0.4266934992014029
0.4479303850338521
0.07030101565409565
0.38494896472004686
0.6441066673513623
0.5113738720245158
0.5977652588862278
0.44373181415815427
0.37926572487626653
0.60707938255881
0.7094373847135198
0.5865145440947411
0.38613566570535846
0.2740007303710966
0.5072100360373292
0.6794071950589758
0.5659053006221755
0.5170407309660694
0.5192904511354305
0.5536527224825003
0.6873444811058967
0.6442662480542922
0.5727954543190684
0.5347320677474865
0.4838292770394311
0.6599271354634498
0.7309672802419213
0.6085292769332165
0.6513250581527558
0.5703618478811282
0.5504977383771775
0.6244824782049426
0.7121565941937481
0.5859675391337889
0.4977019699358906
0.6842972160346316
0.8117998592178524
0.6937037574581212
0.3931035619577699
0.2841444624585572
0.41774713440709366
0.33351385038110576
0.5121176808610525
0.6630640846584666
0.6208768869471832
0.6373703261622748
0.5357565969262751
0.5166470845872209
0.6747261268770285
0.6575502590322352
0.8187365626561313
0.8422033254149183
0.6180758398763995
0.5062129477519556
0.48841560237976384
0.8493391607173618
0.9230005760802799
0.5397418447892756
0.2597372438931121
0.23596929448573245
0.6316456758748014
0.6916333720589297
0.17540842365773723
0.2977315620166786
0.37458636939705187
0.8806065300413177
0.880720952206617
0.46163260007800966
0.5624085087911731
0.47572785530446793
0.7167397865498939
0.8670201712946534
0.37606730560284196
0.5264015603698737
0.5107848493951225
0.9044648133946389
0.8338688682338816
0.28210799795369446
0.32130567077629474
0.3581034832030704
0.7873790519965316
0.9830028635900978
0.5289040101379611
0.42405158225537437
0.5288001295399735
0.983963102752454
1.0
0.4303484661138292
0.5211919603790015
0.5802179414583063
0.9361631309539294
0.9455480294100334
0.5453504688268156
0.32681067700967137
0.45373100242323633
0.8736932824602882
0.9025030906234777
0.5324591569914116
0.569053263787456
0.497243273686261
0.887584205353909
0.9013952908581232
0.36267401725307574
0.25342185320235605
0.6385907043105917
0.9882998945614512
0.807912501587663
0.459903231503569
0.3935915976004476
0.42882657903894167
0.876129697906373
0.8941761353903593
0.5389058856946857
0.6655931000833074
0.5456673972316582
0.8600297751503846
0.895675723267161
0.46438052141766273
0.45304673212510266
0.47762944045442257
0.8898680977036861
0.9208758998160835
0.5712369692126297
0.4472846536382304
0.4929270535796154
0.9467526042653588
0.7927815128986646
0.3465969967222692
0.5598575796239287
0.5334825222000192
0.8433050185551026
0.7965280206441514
0.641125944043955
0.5871895981802765
0.6421738616498983
0.8290992306273172
0.7901684571078155
0.6033748804968369
0.49930857143668994
0.5185611235084288
0.7337420580977683
0.6657672940192635
0.7033721647256698
0.6397744592763378
0.5491673370416649
0.8308030884802993
0.776088232541898
0.5990676479613158
0.4670794799900748
0.28998517956759684
0.6756630512795735
0.740957916335851
0.633512508969208
0.693939646854578
0.6762781411757544
0.7508204221368393
0.7472971858250678
0.5569796877398844
0.5299919691609806
0.49316184629047494
0.5722865170350697
0.6159561573974001
0.6399057296026222
0.6829640007456836
0.5118241581329199
0.6517971937126879
0.6540285943575336
0.4811755985042355
0.41549230072682786
0.5956315361609326
0.7224897674447395
0.48532811069778364
0.5249390010224655
0.5760765225544882
0.4229802838284878
0.4856702758112063
0.861410382600843
0.8472842925054324
0.643749045324671
0.6376031270329345
0.5635074750047091
0.6107255649553084
0.5497780675962713
0.5269312973215234
0.6363598664315574
0.5366797445728753
0.41840146783396365
0.33791268524218915
0.5947110432818459
0.6050846626791738
0.5056125659176536
0.497749053549769
0.5590163724664081
0.5404733928358522
0.5201582843180775
0.6079034706508822
0.457532996765119
0.25040631833833304
0.42460901839513826
0.3884175636642428
0.46272387718774083
0.6579903769059987
0.6458376570349458
0.6562540460709313
0.6298127208011934
0.7174180004324122
0.607872039685135
0.6498014519890333
0.7143684687948116
0.42274384870532716
0.6098814488629293
0.7520642432383604
0.7257664153815753
0.36367289738086844
0.4005113724894209
0.517544287120492
0.5616885248998348
0.605367785935967
0.510443000679584
0.3370640933298639
0.4415901012562847
0.59219078147832
0.6802618735821788
0.5920304944861335
0.37946214826656094
0.4523258441865057
0.42433100922577915
0.3609174010081685
0.45008885496925893
0.6685855930007083
0.6219339415019499
0.5761645685844456
0.5607512786653637
0.6185915496145158
0.654420286011047
0.4115137183372696
0.4234544959797188
0.7578061787609313
0.6256426732494599
0.5504952743418284
0.41831555753441924
0.5552107128476778
0.5759343147902333
0.600745318832652
0.4310183708121057
0.547032398413082
0.41548764614866496
0.39216026154980743
0.6300101227133815
0.5258345021322498
0.5221978255918672
0.5745193809338646
0.5847620750819906
0.6590404388077595
0.5734706516197073
0.5851984992256103
0.490876081088459
0.15488247984799872
0.38333364472307735
0.6069444036388735
0.5601067392023334
0.5330428497024614
0.5334053596559776
0.5995246368712718
0.7210400998874654
0.6584752263350139
0.6202280880779099
0.6281437447859475
0.4781777364175053
0.649967635685546
0.6435673784400799
0.6216572391064445
0.5914107652510142
0.4862741513359712
0.5426078880927646
0.5533031215817963
0.5902743876168149
0.6760014453439931
0.7120528070653023
0.7735899174904619
0.6682056902413961
0.4548394896112617
0.5471183806488119
0.6948181288462046
0.538946268097007
0.46445981069604914
0.3430045477919073
0.6648147525059309
0.6965783308675867
0.5502968473880028
0.5804597552076819
0.5682159334978993
0.49139718910728103
0.4810340936322443
0.4754127523578212
0.5583844358126752
0.5078253766953573
0.5976591583465781
0.7287946726677095
0.5338886670645431
0.5494453146641551
0.6301502735484327
0.5808972237264258
0.6417986566260147
0.6512386961031378
0.6922022523211276
0.641598588113288
0.536831942929744
0.485968706086002
0.35480083406169954
0.4487171852023357
0.39182244721021575
0.286826737819631
0.6078078918274175
0.5987860982433341
0.3404167565625077
0.4545047694986383
0.39460735116553747
0.6082054346313335
0.7308914109856712
0.6528844350291185
0.5052537376666973
0.5182785229915233
0.32824794893317477
0.47441060740606517
0.47984017660337713
0.6447012548463146
0.6873884986378873
0.40517851060855026
0.4368577846813023
0.49658684867175823
0.5149875397305677
0.4710444227428212
0.5050271883826221
0.45940563562902026
0.3245431126329536
0.6232367448793255
0.7297038088653184
0.5639363379225343
0.5160819286151569
0.6652123291517876
0.47594937382415203
0.5613639346123814
0.5836292770212737
0.573704146769239
0.6360049941986278
0.7059912653696088
0.6932004945873191
0.6430226232045836
0.7729359739144785
0.6036638042225155
0.4190047766183999
0.32111166051684337
0.384601907287108
0.4347678295973823
0.5194201357837405
0.6278650012084606
0.5214376454000429
0.495333312732692
0.363697672489204
0.4104134002803916
0.5345522915364724
0.5320368421929209
0.48537626094745095
0.4754412006044165
0.3980264457871608
0.47577917115780205
0.6993347572189128
0.6553394199229089
0.6226931295259377
0.6647780324024017
0.574314225528359
0.3547082599356833
0.5461368526941656
0.5916733561416132
0.6562429830977858
0.564503787544888
0.6122146144506989
0.6643910495953675
0.5728962808758308
0.5194078985640889
0.6912480848565815
0.5926451415558877
0.5813305141728462
0.618727556873564
0.43389104505932075
0.5453228371659705
0.6453893761740543
0.45965563666000125
0.4802317157528718
0.5557025579246339
0.5714759163851211
0.48272005265686013
0.40545934158057456
0.3507485073446435
0.48687379969046524
0.5137212110046797
0.5820807092306229
0.37129069292876343
0.40130700717294737
0.5021401231683338
0.34873147014069156
0.634821276900391
0.6010548455486103
0.5675504641343039
0.5799124437756951
0.5747316782348576
0.3944913419314316
0.5854738591365993
0.5909465622240114
0.4375024140287956
0.4794583395760375
0.45190217324082155
0.5963966823188175
0.5965974591154306
0.5404043003262535
0.44730590317266383
0.4976874305023767
0.6688562217675343
0.5908130379647681
0.527813467011807
0.6189587701360538
0.4906707736468939
0.28523247643435046
0.4343715832437824
0.4690145017498475
0.3438279272110231
0.40613077304210415
0.46123592008581055
0.4001168381452146
0.47007599484512774
0.5553390049778159
0.8264222785332904
0.9198576472115468
0.6045322270677742
0.46029204692242176
0.46587637518660496
0.34163860074849856
0.44497017625597013
0.4745330185159597
0.5065720636482863
0.46102654291384126
0.4614824250627336
0.5484907932881447
0.48213765737875897
0.4463808703590617
0.43761303178391314
0.3696893443399533
0.5344498617317591
0.40878288202282964
0.5409479809177806
0.5474396331365057
0.5384752868009404
0.5252556614250865
0.5831299416695345
0.609691771999355
0.5644905493145688
0.4747533555866195
0.5996712711154653
0.2984776696600756
0.4012257946650868
0.5136238333562257
0.30752109980401654
0.4667613722137958
0.48277207894414725
0.45981482432752313
0.5865058222715026
0.48211376088870034
0.5281095168862878
0.5741507003071629
0.531613792816333
0.6449104192240593
0.6176299290520467
0.5099614178441286
0.5379430959686883
0.44055882083369835
0.4032792397915818
0.27617772090058
0.6444447285504253
0.46658077426170436
0.3883359615136463
0.5888779192183219
0.4500729365572739
0.5280295433641671
0.39826639260373764
0.3462261759442384
0.42775903108950997
0.4485715812638342
0.6407322563617722
0.6729668530665888
0.5703110270010687
0.8039428723467158
0.6714383298978672
0.4319780650503429
0.4276392340977567
0.3877422443526871
0.22452924260476764
0.4024408931698323
0.4840352030961842
0.4206093087444907
0.495307856952528
0.5918226536145569
0.582959163320849
0.6370111783555742
0.7414483593029486
0.6674037665084023
0.3023453014585221
0.22075237858682398
0.362184802616881
0.3934761495518051
0.4391364924907136
0.47922781452418717
0.5791029789100676
0.5647545879357427
0.5320854460189967
0.5251272353860237
0.6313057526531664
0.7174273450566289
0.6441035673805755
0.2682107683431663
0.3822345848593605
0.4865808277445047
0.404548332024623
0.3276957583908327
0.45837610853188837
0.5704410468006316
0.4762704145616825
0.5264296065792179
0.7220438325287044
0.6502064329418895
0.534890108013989
0.29640315384375876
0.4010909169118762
0.45206450769185436
0.39233690490339135
0.4657978324584998
0.5946533972913304
0.6694076066136975
0.5855161091324331
0.43799700108123385
0.32486803079802834
0.22118603408346596
0.46122535585431834
0.5418572873751452
0.515336996857486
0.435928131589533
0.46631267441962015
0.26573698001693535
0.33051882704776403
0.4253845873064118
0.3986964485835947
0.604489785937226
0.4716568711033806
0.34433229068320387
0.6250031590609458
0.5581414829397593
0.4492823016884736
0.7879404266467972
0.9039391122649952
0.6229469362228541
0.31510677735733245
0.467713562257345
0.5768146395735047
0.6433339818082665
0.5114591654367227
0.2683094095916546
0.4224774721903751
0.5879244628540718
0.6745866643897942
0.5572413182204073
0.45412251404256804
0.12651227220721606
0.19819671461529073
0.5353438601443727
0.7513806568964547
0.5525514811513554
0.5452593929749688
0.6612297701931745
0.7036925811911063
0.6746964491000484
0.4926334391590257
0.49073846497127643
0.6254191586641781
0.661858655146314
0.5994824946489957
0.38529421648023654
0.4277803288193224
0.4525180288743052
0.1636642142169411
0.6210924145724738
0.5145033670240221
0.8147425384770405
0.9006622482874811
0.4937238270498343
0.24663286554623576
0.38498539635933543
0.41868034740600235
0.5941768920311338
0.7133423085533397
0.5672088849177778
0.3949661276078671
0.41190397686319213
0.39031190895213547
0.3049315782040881
0.5528339888482033
0.5522189575030784
0.3803759663807524
0.1906334258144616
0.5361316432279993
0.5292991272400007
0.4338841719941586
0.3570337612361441
0.3692385050197271
0.6356177189809115
0.3853796283795593
0.31305411717848775
0.2685046054228519
0.3635646420372718
0.5731737148101341
0.5871104316355692
0.3566325098009346
0.4208993855832106
0.7383282494501164
0.7402964838947568
0.4812088961150546
0.4271845879928639
0.4679675864916706
0.2728444978600877
0.0
0.18787019349932424
0.2804438541507739
0.513495891448311
0.7065415439184982
0.6053552081292556
0.565545660215765
0.508394510213438
0.4153274989922479
0.4679605464659091
0.4624644340815949
0.6091007239124567
0.48494568146062184
0.4260012949812439
0.7137763271909228
0.6412886586128986
0.7532042419395868
0.6863665829226777
0.3653222100125301
0.3825792687526585
0.39319170899643546
0.5417052046649318
0.4933950572320745
0.38600575315834856
0.3872311776140974
0.5616113374718399
0.6401941135905834
0.4079546136987492
0.48471990283574395
0.5432023697722483
0.5234799932286454
0.40293737902535837
0.4337093444613778
0.3562851484322467
0.4848450845048674
0.5842538163609767
0.7652761454162228
0.5395505416959481
0.4319233708724316
0.5455741499715219
0.7702304586503498
0.6125080170354296
0.40810243521251416
0.4015946676582286
0.30541684309441336
0.48157068225379346
0.5572732497395514
0.4048434341752503
