0.04303314829119352
0.07273929674533079
0.0
0.07071067811865475
0.14301938838683884
0.22019275302527208
0.1126872339638022
0.20619652471058061
0.22360679774997896
0.0
0.0
0.25021729686848976
0.24671758189758447
0.3056735079072006
0.03224129401095805
0.04181210050035454
0.06827887419989188
0.1706971854997297
0.0
0.0
0.07658395810674835
0.1854955583040673
0.0975900072948533
0.1690308509457033
0.22360679774997896
0.10206207261596577
0.19364916731037088
0.1414213562373095
0.16390750941244592
0.25474090105633385
0.03179815003744467
0.050141221056390024
0.06575959492214292
0.2618614682831909
0.23262105259961768
0.12856486930664499
0.0
0.11065666703449761
0.15118578920369088
0.0
0.23094010767585035
0.07844645405527362
0.1315587028960544
0.18650096164806276
0.0
0.12309149097933275
0.05698028822981897
0.07273929674533079
0.07856742013183862
0.08164965809277262
0.051639777949432225
0.09759000729485329
0.0
0.0
0.1924500897298753
0.0
0.0
0.10675210253672475
0.16967593679354073
0.3780044164146766
0.23959569062925093
0.18786728732554484
0.0
0.0
0.19611613513818407
0.15724272550828775
0.06788442333021306
0.0582716546748065
0.1675415633166782
0.19364916731037082
0.12166606584807191
0.039344473768231684
0.038348249442368525
0.12403473458920845
0.04756514941544941
0.12298800925361816
0.07755667343294811
0.0
0.0
0.0
0.0
0.21919864974047637
0.15713484026367724
0.1421338109037403
0.06741998624632421
0.13987572123604708
0.14744195615489714
0.17677669529663687
0.0
0.18856180831641267
0.0
0.18860838403857944
0.18650096164806276
0.05270462766947299
0.15875015875023812
0.26639771383306554
0.08090398349558905
0.06666666666666667
0.07106690545187014
0.1348399724926484
0.0
0.0
0.11677484162422842
0.10050378152592121
0.0
0.0
0.09962709627734359
0.0
0.10767638041163309
0.24077170617153842
0.3670651741928988
0.23424606849358912
0.24273401821882046
0.08006407690254358
0.0
0.06611796049072863
0.0684385910829155
0.0
0.10101525445522107
0.18712029714127995
0.15877683720748892
0.1853123291652753
0.11322770341445959
0.0
0.0
0.4082482904638631
0.0
0.16514456476895406
0.05170876899950191
0.18786728732554484
0.20553399821548318
0.030001500112509377
0.059131239598908265
0.11322770341445959
0.0
0.0
0.4048204523763682
0.27185747308321606
0.1194162868053064
0.10811249552346706
0.10826639239215335
0.16694514082354445
0.03940552031195503
0.042257712736425826
0.0
0.07273929674533079
0.07453559924999298
0.04662524041201569
0.3006613500592581
0.19084250917799345
0.0
0.05976143046671968
0.2412090756622109
0.0
0.0
0.10878565864408425
0.0
0.16666666666666666
0.14433756729740646
0.0
0.09128709291752767
0.0
0.12298800925361815
0.13572417850765922
0.026315789473684206
0.04891159880445184
0.2222771122371935
0.26278072311320266
0.27169424432452977
0.1345345587992625
0.12403473458920845
0.0
0.0
0.08032193289024989
0.27153769332085226
0.0
0.15936381457791915
0.2267786838055363
0.1690308509457033
0.24174688920761406
0.14213381090374028
0.2253744679276044
0.12555296411486888
0.12456821978060995
0.1690308509457033
0.07881104062391006
0.05572782125753529
0.07968190728895959
0.1084652289093281
0.07312724241271307
0.06917144638660747
0.1731697435983527
0.18392019594868111
0.0
0.0
0.0
0.0
0.19179881852291686
0.3389171947022825
0.1430397079704303
0.19034674690672024
0.12909944487358055
0.1369306393762915
0.15191090506254998
0.18784518919133614
0.2031856384435789
0.09128709291752767
0.1690308509457033
0.25717224993681986
0.1421338109037403
0.0
0.0
0.0
0.11134044285378082
0.0
0.0
0.0
0.1969463855669324
0.15811388300841897
0.0
0.10369516947304254
0.06454972243679029
0.1538967528127731
0.0
0.050507627227610534
0.11338934190276817
0.26539552107881487
0.09223131928520185
0.20851441405707477
0.0
0.13867504905630731
0.06933752452815364
0.17677669529663687
0.08574929257125441
0.24504901470490173
0.10540925533894598
0.050636968354183326
0.09245003270420488
0.07856742013183862
0.18518518518518517
0.0629940788348712
0.08247860988423225
0.0
0.1814436846506058
0.24595492912420727
0.19518001458970663
0.0890870806374748
0.21081851067789195
0.3808750313077561
0.06131393394849658
0.053452248382484885
0.0
0.0
0.09128709291752767
0.11547005383792514
0.2940858488375231
0.08787495503274936
0.0
0.2090605025017727
0.08891084489487741
0.0
0.0
0.23606684260939007
0.23677853202210838
0.30743773095067284
0.2528608687120868
0.09166984970282112
0.14173667737846019
0.10206207261596577
0.2738612787525831
0.1690308509457033
0.0657951694959769
0.0
0.041666666666666664
0.2325651273547659
0.1386750490563073
0.036760731104690386
0.14237369936287486
0.0
0.0
0.0
0.07106690545187015
0.11785113019775793
0.0
0.35355339059327373
0.09622504486493763
0.16412198797244365
0.0844400661841498
0.36305409909144726
0.149071198499986
0.0
0.13333333333333333
0.11433239009500587
0.0700140042014005
0.03857583749052298
0.09723055853282464
0.27116307227332015
0.3029129782651013
0.166282198642108
0.16366341767699427
0.03768891807222045
0.0
0.0
0.0753778361444409
0.24174688920761406
0.4326451097093042
0.29974532466509035
0.26726124191242445
0.0936585811581694
0.11846977555181845
0.33958108798240705
0.3551424026022887
0.20573779994945587
0.0
0.3087890377243903
0.19641855032959657
0.04082482904638631
0.15689290811054724
0.21398024625545647
0.11757927025044308
0.36293309315564887
0.3113761843897639
0.13730875909527243
0.09393364366277242
0.04767312946227961
0.25584085962673253
0.0
0.0
0.06917144638660747
0.047836487323493986
0.12510864843424485
0.1745743121887939
0.1636634176769943
0.19764235376052372
0.31622776601683794
0.23664319132398465
0.0
0.05572782125753529
0.1276884796138123
0.0
0.0
0.24195539543709924
0.06350006350009525
0.0
0.0
0.0
0.0
0.0
0.11433239009500587
0.09245003270420485
0.15408338784034142
0.1111111111111111
0.0
0.08451542547285165
0.21105794120443455
0.16351748504193214
0.2656844656620286
0.0
0.049507377148833714
0.28607941594086056
0.32102894156205125
0.0
0.1333333333333333
0.0
0.1091089451179962
0.0
0.14762034939153687
0.19720265943665385
0.2253744679276044
0.041239304942116126
0.07968190728895957
0.27586342441653555
0.2899103782969038
0.32960882164869615
0.2247332874877474
0.1312159702703695
0.22591299788996205
0.2894736842105263
0.0662266178532522
0.17025130615174974
0.0
0.0
0.15230499150902674
0.29096669026181116
0.38276837370265676
0.11595420713048966
0.12126781251816648
0.2651650429449553
0.27669929526473314
0.1414213562373095
0.16903085094570333
0.0
0.0
0.0
0.10012523486435176
0.1636634176769943
0.10660035817780521
0.0
0.0
0.16866980208001867
0.09863939238321438
0.16903085094570333
0.20385887657505022
0.059131239598908265
0.12104550653376049
0.25197631533948484
0.3370093007873883
0.37450294313656907
0.17131207221604822
0.1348399724926484
0.05723638070321425
0.08219949365267865
0.07624928516630233
0.045466289298031565
0.2608745973749755
0.1336306209562122
0.06482037235521644
0.0700140042014005
0.12909944487358058
0.2711630722733202
0.0
0.125
0.05892556509887897
0.11785113019775793
0.0
0.0
0.16637806616154058
0.18333969940564224
0.0
0.048112522432468816
0.18184824186332696
0.2449894717530557
0.06804138174397718
0.1636634176769943
0.25588315785957944
0.38810293211724584
0.16169041669088863
0.14907119849998596
0.07559289460184544
0.13930903806377162
0.12285902336679023
0.08304547985373996
0.11877113736973435
0.05504818825631802
0.0975900072948533
0.20916500663351886
0.32969023669789355
0.33825504574586923
0.0
0.0
0.07679695275737068
0.09578262852211514
0.0
0.06085806194501845
0.06666666666666665
0.0
0.0
0.0
0.0
0.0
0.1333662673423161
0.2000494010134742
0.1685499656158105
0.15811388300841897
0.10425720702853739
0.09769344135387543
0.08347838711296822
0.043355498476206004
0.2934695928267111
0.1257389226923863
0.11566298639324805
0.11322770341445959
0.1666666666666667
0.11322770341445959
0.0
0.10300524052492095
0.0
0.14852213144650117
0.0
0.07647191129018724
0.0
0.12247448713915891
0.31622776601683794
0.0
0.11180339887498948
0.0
0.12499999999999997
0.1178511301977579
0.0
0.0
0.08362420100070908
0.0
0.17928429140015903
0.16205093088804107
0.09513029883089881
0.0
0.0
0.0545544725589981
0.222717701593687
0.10814761408717502
0.07254762501100116
0.18650096164806276
0.0
0.1626500121580888
0.20232565955562798
0.11980845957463075
0.44331034746678655
0.2062571618313475
0.11527808354084698
0.0
0.0
0.25819888974716115
0.19245008972987523
0.0
0.0
0.13957263155977065
0.0
0.2773500981126146
0.19230769230769232
0.2886751345948129
0.1815682598006407
0.08247860988423225
0.15018785229652765
0.15789473684210523
0.179968508266339
0.2175713172881685
0.12725695259515554
0.07254762501100116
0.07254762501100116
0.08671099695241198
0.1649572197684645
0.3144854510165755
0.17902871850985821
0.0
0.0
0.17149858514250882
0.07216878364870323
0.12309149097933275
0.16724840200141816
0.0
0.0
0.1386750490563073
0.15384615384615385
0.1307440900921227
0.06537204504606135
0.12403473458920844
0.09128709291752769
0.33541019662496846
0.04564354645876384
0.0
0.0
0.0
0.19518001458970663
0.0
0.0
0.0
0.0
0.0
0.0
0.03857583749052298
0.06681531047810609
0.0
0.3202563076101743
0.0
0.0
0.0
0.25802342327107003
0.12335879094879224
0.0
0.11470786693528087
0.059234887775909226
0.0
0.14285714285714282
0.06900655593423541
0.1217161238900369
0.0
0.08671099695241198
0.0
0.17978662999019787
0.1343038273375634
0.15430334996209188
0.16666666666666666
0.31180478223116176
0.2672612419124244
0.04170288281141496
0.14744195615489714
0.07216878364870323
0.0
0.06917144638660747
0.1383428927732149
0.1315903389919538
0.1690308509457033
0.2253744679276044
0.14285714285714288
0.1091089451179962
0.0
0.3195048252113469
0.2282177322938192
0.048112522432468816
0.049690399499995326
0.2581988897471611
0.1485562705416415
0.07427813527082075
0.07559289460184544
0.06788442333021306
0.14664711502135333
0.058925565098878974
0.214422506967559
0.10300524052492095
0.12403473458920845
0.0
0.26519741765271837
0.2506402059138015
0.0
0.05292561240249632
0.0
0.12247448713915889
0.1414213562373095
0.0
0.13483997249264842
0.20751433915982237
0.04588314677411235
0.08164965809277262
0.05270462766947299
0.0
0.0
0.04152273992686998
0.0
0.0
0.07254762501100116
0.0
0.0
0.0
0.21170244960998527
0.20619652471058061
0.0
0.11785113019775795
0.18898223650461363
0.042796049251091296
0.050636968354183326
0.4351689105121464
0.36340778388926165
0.22821773229381923
0.1666666666666667
0.24873416908154555
0.0
0.10614897848685505
0.11867816581938533
0.20412414523193154
0.21997067253202998
0.24722569302909875
0.0
0.0
0.0
0.12688648033134406
0.0
0.052704627669472995
0.10954451150103323
0.1264911064067352
0.08770580193070293
0.0
0.0
0.05170876899950191
0.0
0.06681531047810609
0.0
0.19364916731037088
0.10846522890932808
0.0
0.11094003924504584
0.2556038601690775
0.057735026918962574
0.31622776601683794
0.0
0.11803342130469503
0.3541002639140851
0.22496063533292376
0.054392829322042126
0.0
0.11487593716012254
0.0
0.0
0.24253562503633297
0.07856742013183862
0.0
0.24174688920761406
0.23354968324845685
0.15569978883230456
0.0
0.1404878717372541
0.15737789507292674
0.12964074471043288
0.15430334996209194
0.06454972243679029
0.05976143046671968
0.13552618543578768
0.20498001542269692
0.24597601850723633
0.05345224838248488
0.0
0.36181361349331637
0.20412414523193154
0.0
0.05783149319662403
0.215206411665471
0.054758567819339354
0.1530432982478542
0.07930515857181443
0.0
0.10741723110591492
0.1315587028960544
0.04902903378454601
0.0625
0.0
0.3396831102433787
0.5
0.15724272550828777
0.07715167498104597
0.0
0.0
0.0
0.0
0.0
0.05783149319662403
0.0
0.0
0.3656362120635653
0.25712973861328997
0.05698028822981897
0.08247860988423225
0.1690308509457033
0.23094010767585027
0.12403473458920845
0.1444316289348238
0.20088585092257696
0.08559209850218259
0.056613851707229795
0.1543033499620919
0.13363062095621217
0.2517544074890067
0.03425943549137658
0.07715167498104597
0.0
0.09534625892455924
0.0
0.1371182340382122
0.03874921291460643
0.08333333333333333
0.08111071056538126
0.11470786693528087
0.0
0.06804138174397718
0.13608276348795437
0.11785113019775793
0.08574929257125441
0.19174124721184257
0.33218191941495984
0.07580980435789035
0.0
0.12379689211803457
0.20761369963434992
0.07254762501100116
0.16222142113076254
0.17149858514250885
0.24253562503633297
0.06030226891555273
0.0
0.08944271909999159
0.1025978352085154
0.0
0.0
0.17460757394239454
0.39077376541550174
0.25021729686848976
0.12000000000000002
0.2713602101199873
0.16070608663330624
0.0
0.0
0.251259453814803
0.11396057645963795
0.32232918561015206
0.05504818825631802
0.14322297480788657
0.0
0.0
0.0
0.11677484162422842
0.0816496580927726
0.049999999999999996
0.23094010767585033
0.0778498944161523
0.0
0.07669649888473704
0.32539568672798425
0.0
0.0
0.3268602252303068
0.0
0.0
0.0
0.08206099398622181
0.0
0.0
0.05057217374241736
0.06726727939963124
0.06537204504606135
0.0
0.14213381090374028
0.0
0.0
0.140028008402801
0.0
0.0
0.0
0.2024102261881841
0.3347670317059931
0.23402293537155466
0.23302069121418523
0.0
0.12725695259515554
0.2341464528954235
0.140028008402801
0.05423261445466404
0.07071067811865475
0.26666666666666666
0.2738612787525831
0.1276884796138123
0.11350087076783315
0.28097574347450816
0.2427046394296926
0.26137422707813046
0.14350946197048195
0.0
0.0
0.14322297480788657
0.10540925533894598
0.08660254037844387
0.09486832980505137
0.0
0.0
0.0
0.22941573387056174
0.19611613513818404
0.11118739749916517
0.08671099695241198
0.0
0.0
0.06537204504606135
0.0
0.07692307692307693
0.0
0.20786985482077452
0.06172133998483677
0.06666666666666667
0.0
0.0
0.12768847961381233
0.13693063937629155
0.14314958357846705
0.2963477923850999
0.05143444998736397
0.0
0.058520573598065284
0.0
0.044721359549995794
0.0
0.0
0.0
0.0
0.10369516947304254
0.22416096662402304
0.22269966704152225
0.0837707816583391
0.40166320883712175
0.10289915108550529
0.0
0.0
0.0
0.0
0.0
0.11322770341445959
0.14322297480788657
0.19364916731037082
0.20277677641345318
0.2753443958769674
0.044543540318737404
0.13245323570650439
0.0
0.0
0.1333662673423161
0.23643312187173016
0.10910894511799618
0.3347193406976015
0.1011299793694863
0.20145574100634503
0.11572751247156894
0.20701966780270628
0.2165327847843067
0.15701857325533192
0.04499212706658475
0.04499212706658475
0.19611613513818402
0.06085806194501845
0.04879500364742666
0.11118739749916519
0.0
0.06711560552140244
0.1823843010350213
0.16012815380508713
0.23145502494313785
0.23904572186687872
0.1746667529218746
0.1926263261127128
0.0
0.0
0.13151918984428584
0.08164965809277262
0.0
0.060858061945018464
0.18871283902409933
0.03922322702763681
0.0
0.0
0.10425720702853739
0.07372097807744857
0.1507556722888818
0.2514778453847726
0.0
0.06085806194501845
0.0
0.0
0.0
0.0
0.14824986333222026
0.1345345587992625
0.1143323900950059
0.0
0.0
0.2559960557948585
0.5419311029903613
0.2175970699446223
0.20100756305184245
0.0
0.0890870806374748
0.06085806194501845
0.19920476822239894
0.0
0.14322297480788657
0.2025478734167333
0.24535824603285922
0.10767638041163309
0.059234887775909226
0.06131393394849658
0.0
0.04494665749754947
0.04879500364742665
0.041239304942116126
0.20998026278290402
0.2649064714130087
0.0
0.055048188256318034
0.0
0.06726727939963124
0.0
