0.9444444444444448
0.9444444444444448
0.0
0.0
0.10540925533894599
0.052704627669472995
0.0
0.05407380704358751
0.0
0.0
0.1781741612749496
0.21677749238102995
0.19088542889273333
0.19611613513818407
0.1666666666666667
0.1666666666666667
0.047140452079103175
0.047140452079103175
0.07856742013183862
0.07856742013183862
0.06804138174397718
0.06804138174397718
0.17972128867239737
0.21566554640687685
0.0
0.0
0.09829463743659811
0.09567297464698797
0.06362847629757777
0.06537204504606135
0.13201967239688991
0.13201967239688991
0.15097027121927944
0.15097027121927944
0.0
0.0
0.11111111111111113
0.11111111111111113
0.08606629658238704
0.0837707816583391
0.18367958959266123
0.1887128390240993
0.14744195615489716
0.14744195615489716
0.074535599249993
0.074535599249993
0.0
0.0
0.2541642838876745
0.2541642838876745
0.2459549291242073
0.2459549291242073
0.13130643285972257
0.13130643285972257
0.0
0.0
0.21081851067789195
0.21081851067789195
0.07856742013183862
0.07856742013183862
0.16222142113076254
0.16222142113076254
0.10286889997472795
0.10286889997472795
0.14744195615489716
0.0
0.0
0.0
0.14433756729740646
0.0
0.0
0.08574929257125441
0.09128709291752768
0.0816496580927726
0.0
0.0
0.0
0.0
0.0
0.0
0.0
0.0
0.0
0.0
0.0
0.0
0.10425720702853739
0.10425720702853739
0.0
0.0
0.0
0.0
0.0
0.0
0.08574929257125441
0.08574929257125441
0.07624928516630233
0.07624928516630233
0.1543033499620919
0.1543033499620919
0.0
0.0
0.14907119849998596
0.16666666666666666
0.1720618004029213
0.1720618004029213
0.14744195615489714
0.14744195615489714
0.0
0.0
0.0
0.0
0.10425720702853739
0.10425720702853739
0.0
0.0
0.0
0.0
0.125
0.125
0.09128709291752768
0.09128709291752768
0.12126781251816648
0.12126781251816648
0.16666666666666666
0.16666666666666666
0.10425720702853739
0.10425720702853739
0.0
0.0
0.2
0.2
0.0
0.0
0.0
0.0
0.1386750490563073
0.1386750490563073
0.11180339887498948
0.09999999999999999
0.14704292441876154
0.1643989873053573
0.0
0.0
0.0
0.0
0.0
0.0
0.0
0.0
0.17407765595569785
0.17407765595569785
0.0
0.0
0.11470786693528087
0.11470786693528087
0.31622776601683794
0.31622776601683794
0.18325416653445784
0.18325416653445784
0.0
0.0
0.0
0.0
0.0
0.0
0.0
0.0
0.11470786693528087
0.11470786693528087
0.0944911182523068
0.0944911182523068
0.3127716210856122
0.3127716210856122
0.0
0.0
0.0
0.0
0.0
0.05263157894736841
0.057353933467640436
0.057353933467640436
0.047836487323493986
0.047836487323493986
0.05407380704358751
0.05407380704358751
0.07647191129018724
0.07647191129018724
0.04891159880445184
0.04891159880445184
0.06243905410544626
0.09622504486493763
0.11785113019775793
0.11470786693528087
0.05564148840746572
0.11128297681493143
0.047836487323493986
0.09567297464698797
0.059234887775909226
0.059234887775909226
0.13245323570650439
0.13245323570650439
0.16476290360524765
0.16476290360524765
0.03673591791853225
0.03673591791853225
0.1573778950729267
0.1573778950729267
0.16692446522239715
0.16692446522239715
0.059234887775909226
0.11846977555181845
0.0899842541331695
0.0899842541331695
0.047836487323493986
0.04662524041201569
0.08770580193070293
0.0899842541331695
0.10526315789473682
0.10526315789473682
0.07647191129018724
0.07647191129018724
0.14509525002200233
0.14509525002200233
0.13834289277321493
0.13834289277321493
0.0
0.0
0.0837707816583391
0.0837707816583391
0.19389168358237033
0.19389168358237033
0.08671099695241198
0.08671099695241198
0.19088542889273333
0.19088542889273333
0.0
0.0
0.11382207864489445
0.11382207864489445
0.11846977555181845
0.21483446221182986
0.2719641466102106
0.2719641466102106
0.06726727939963124
0.06726727939963124
0.17739371879672478
0.17739371879672478
0.11322770341445959
0.0
0.06933752452815364
0.20801257358446093
0.0
0.0
0.28644594961577313
0.21483446221182986
0.26207120918047955
0.31448545101657543
0.10878565864408425
0.10878565864408425
0.09376144618769908
0.18752289237539815
0.06362847629757777
0.06362847629757777
0.0
0.0
0.24806946917841693
0.23904572186687872
0.20701966780270625
0.21483446221182986
0.11826247919781652
0.11826247919781652
0.21483446221182986
0.21483446221182986
0.05913123959890826
0.05913123959890826
0.1386750490563073
0.1386750490563073
0.20801257358446093
0.2004459314343183
0.09035079029052512
0.09376144618769908
0.12725695259515554
0.12725695259515554
0.1860521018838127
0.1860521018838127
0.19611613513818407
0.19611613513818407
0.05913123959890826
0.05913123959890826
0.0
0.0
0.05913123959890826
0.05913123959890826
0.0
0.0
0.11826247919781652
0.11826247919781652
0.09805806756909201
0.09805806756909201
0.2567762955065478
0.2567762955065478
0.0
0.0
0.2718574730832161
0.2718574730832161
0.09245003270420485
0.09245003270420485
0.12104550653376049
0.12104550653376049
0.08268982305947231
0.08268982305947231
0.1386750490563073
0.1386750490563073
0.0
0.0
0.15384615384615385
0.15384615384615385
0.0
0.0
0.16918197377512542
0.16918197377512542
0.18053953616852975
0.18053953616852975
0.07692307692307693
0.07692307692307693
0.1860521018838127
0.1860521018838127
0.16012815380508716
0.24019223070763074
0.3076923076923077
0.054392829322042126
0.0
0.0
0.05
0.051031036307982884
0.0
0.0
0.03651483716701107
0.03651483716701107
0.0
0.0
0.030860669992418384
0.030261376633440123
0.04756514941544941
0.048507125007266595
0.09863939238321438
0.09863939238321438
0.0
0.0
0.0
0.0
0.09701425001453319
0.09701425001453319
0.0
0.0
0.03592106040535498
0.03592106040535498
0.0
0.042796049251091296
0.0
0.0
0.03980148760839957
0.04149591933632679
0.020545535708970802
0.019706585563285865
0.0
0.0
0.0282842712474619
0.0282842712474619
0.048507125007266595
0.048507125007266595
0.0
0.0
0.07559289460184544
0.07559289460184544
0.0
0.0
0.019156525704423027
0.019972058663135294
0.044455422447438706
0.04181210050035454
0.08006407690254358
0.08164965809277262
0.0
0.0
0.0
0.0
0.05547001962252292
0.05547001962252292
0.04082482904638631
0.04082482904638631
0.0
0.0
0.04264014327112209
0.04264014327112209
0.0
0.0
0.044721359549995794
0.044721359549995794
0.03287979746107146
0.03287979746107146
0.10289915108550529
0.10289915108550529
0.0
0.0
0.0
0.0
0.09701425001453319
0.09513029883089882
0.0
0.0
0.03333333333333333
0.03333333333333333
0.04588314677411235
0.04588314677411235
0.0
0.0
0.0
0.0
0.043643578047198484
0.043643578047198484
0.0
0.0
0.0282842712474619
0.0282842712474619
0.020000000000000004
0.019611613513818404
0.0
0.0
0.0
0.0
0.028915746598312014
0.028915746598312014
0.0
0.0
0.04756514941544941
0.04756514941544941
0.0
0.0
0.075955452531275
0.075955452531275
0.0
0.0
0.0
0.0
0.09672388203287416
0.09672388203287416
0.0
0.0
0.054392829322042126
0.054392829322042126
0.056613851707229795
0.056613851707229795
0.03466876226407682
0.03466876226407682
0.0
0.0
0.0
0.0
0.038461538461538464
0.038461538461538464
0.0
0.0
0.0
0.0
0.04499212706658475
0.04499212706658475
0.0
0.0
0.0
0.0
0.03466876226407682
0.03466876226407682
0.054392829322042126
0.054392829322042126
0.0
0.0
0.0
0.0
0.0644825880219161
0.0644825880219161
0.027461751819054487
0.027461751819054487
0.0
0.0
0.14269544824634822
0.14269544824634822
0.0
0.0
0.10925355610938446
0.10721125348377948
0.030055654488914414
0.030628194591584446
0.06726727939963124
0.06726727939963124
0.0682788741998919
0.0682788741998919
0.0886968593983624
0.0886968593983624
0.027196414661021063
0.027196414661021063
0.02693862292201827
0.02693862292201827
0.0
0.0
0.0
0.0
0.0
0.0
0.04622501635210244
0.04622501635210244
0.0
0.0
0.1543033499620919
0.15724272550828777
0.054392829322042126
0.054392829322042126
0.06629935441317959
0.06629935441317959
0.042796049251091296
0.042796049251091296
0.04003203845127179
0.04003203845127179
0.0
0.0
0.08674723979493604
0.08674723979493604
0.07692307692307693
0.07692307692307693
0.0
0.0
0.03522349768381735
0.03522349768381735
0.0
0.0
0.0
0.0
0.0
0.0
0.10567049305145204
0.10567049305145204
0.10895340841010225
0.10895340841010225
0.03922322702763681
0.04000000000000001
0.0
0.0
0.07715167498104596
0.07715167498104596
0.0
0.0
0.0
0.0
0.04082482904638631
0.04082482904638631
0.0
0.0
0.0
0.0
0.04082482904638631
0.04082482904638631
0.0
0.0
0.0
0.0
0.04003203845127179
0.04003203845127179
0.08908708063747481
0.08908708063747481
0.0
0.0
0.0
0.0
0.08908708063747481
0.08908708063747481
0.051031036307982884
0.051031036307982884
0.044543540318737404
0.044543540318737404
0.0
0.0
0.08164965809277262
0.08164965809277262
0.03928371006591931
0.03928371006591931
0.036084391824351615
0.036084391824351615
0.0
0.0
0.09805806756909202
0.10206207261596577
0.0
0.0
0.09128709291752769
0.09128709291752769
0.06454972243679029
0.06454972243679029
0.0
0.0
0.07856742013183862
0.07856742013183862
0.042562826537937436
0.042562826537937436
0.05716619504750295
0.05716619504750295
0.0
0.0
0.0
0.0
0.0
0.0
0.03450327796711771
0.03450327796711771
0.042562826537937436
0.042562826537937436
0.03553345272593508
0.03553345272593508
0.061545745489666376
0.06030226891555273
0.11338934190276817
0.11572751247156894
0.10067340828210367
0.10067340828210367
0.03857583749052298
0.03857583749052298
0.0
0.0
0.11572751247156894
0.11572751247156894
0.09690031662230185
0.09690031662230185
0.04166666666666668
0.04166666666666668
0.0
0.0
0.04351941398892446
0.04351941398892446
0.034020690871988585
0.034020690871988585
0.0468292905790847
0.0468292905790847
0.0
0.0
0.0
0.0
0.0
0.0
0.03355780276070122
0.03355780276070122
0.0
0.0
0.0
0.0
0.0
0.0
0.0
0.0
0.08528028654224418
0.08703882797784893
0.0
0.0
0.045643546458763846
0.045643546458763846
0.09128709291752769
0.09128709291752769
0.0
0.0
0.0
0.0563436169819011
0.050251890762960605
0.050251890762960605
0.0
0.0
0.08399210511316159
0.08399210511316159
0.1259881576697424
0.1259881576697424
0.0
0.0
0.1259881576697424
0.1259881576697424
0.07106690545187014
0.07106690545187014
0.0
0.0
0.0
0.0
0.09534625892455924
0.10050378152592121
0.0
0.0
0.15294382258037448
0.15294382258037448
0.10959932487023819
0.10959932487023819
0.0
0.0
0.0
0.0
0.13608276348795434
0.13608276348795434
0.13074409009212268
0.13074409009212268
0.08333333333333333
0.08333333333333333
0.0
0.0
0.04578685464956301
0.04578685464956301
0.1643989873053573
0.1643989873053573
0.25607375986579195
0.25607375986579195
0.10540925533894598
0.10540925533894598
0.09245003270420485
0.09245003270420485
0.0
0.0
0.07106690545187014
0.0674199862463242
0.0
0.0
0.05802588531856595
0.05802588531856595
0.14547859349066158
0.14547859349066158
0.15294382258037448
0.15294382258037448
0.0
0.0
0.08466675133346033
0.08466675133346033
0.06537204504606134
0.06537204504606134
0.08606629658238703
0.08606629658238703
0.13245323570650439
0.13245323570650439
0.10959932487023819
0.10959932487023819
0.1111111111111111
0.1111111111111111
0.06537204504606134
0.06537204504606134
0.0
0.0
0.13900960937138318
0.13900960937138318
0.08606629658238703
0.08606629658238703
0.0
0.0
0.07273929674533079
0.07273929674533079
0.14907119849998596
0.14907119849998596
0.07106690545187014
0.07106690545187014
0.1178511301977579
0.1178511301977579
0.0
0.0
0.0
0.0
0.14907119849998599
0.14907119849998599
0.13483997249264842
0.13483997249264842
0.1178511301977579
0.1178511301977579
0.1781741612749496
0.1781741612749496
0.07647191129018724
0.07647191129018724
0.0
0.0
0.11433239009500587
0.11433239009500587
0.1259881576697424
0.1259881576697424
0.09245003270420485
0.09245003270420485
0.046225016352102424
0.046225016352102424
0.13074409009212268
0.12403473458920847
0.05
0.05270462766947299
0.09245003270420485
0.09245003270420485
0.11433239009500587
0.11433239009500587
0.08084520834544431
0.08084520834544431
0.13608276348795434
0.13608276348795434
0.0
0.0
0.10050378152592121
0.10050378152592121
0.0
0.0
0.0
0.0
0.08606629658238703
0.08606629658238703
0.0890870806374748
0.0890870806374748
0.05143444998736397
0.05143444998736397
0.06666666666666667
0.06666666666666667
0.0
0.0
0.07647191129018724
0.07647191129018724
0.2703690352179376
0.25649458802128855
0.0912870929175277
0.09622504486493763
0.17213259316477406
0.17213259316477406
0.0563436169819011
0.0563436169819011
0.05986843400892497
0.05986843400892497
0.06415002990995841
0.06415002990995841
0.0
0.0
0.13608276348795434
0.13608276348795434
0.17213259316477408
0.17213259316477408
0.0
0.0
0.0
0.0
0.06537204504606134
0.06537204504606134
0.0
0.0
0.0
0.0
0.0
0.0
0.1178511301977579
0.0
0.06622661785325219
0.0
0.12309149097933275
0.2769558547034987
0.0
0.0
0.12909944487358058
0.12909944487358058
0.0
0.0
0.15075567228888184
0.10050378152592122
0.28295822920905517
0.242535625036333
0.19245008972987526
0.19245008972987526
0.0
0.0
0.0
0.0
0.17407765595569785
0.17407765595569785
0.09759000729485333
0.09376144618769908
0.0
0.0
0.058925565098878974
0.058925565098878974
0.10425720702853739
0.10425720702853739
0.08333333333333336
0.08333333333333336
0.0
0.0
0.0
0.0
0.06299407883487121
0.06299407883487121
0.1825741858350554
0.1825741858350554
0.14433756729740646
0.14433756729740646
0.0
0.0
0.15309310892394865
0.15309310892394865
0.11111111111111113
0.11111111111111113
0.10206207261596575
0.10206207261596575
0.0545544725589981
0.0545544725589981
0.12909944487358058
0.12909944487358058
0.06454972243679029
0.06819943394704735
0.269581933008596
0.269581933008596
0.1540789086069842
0.16610264925668733
0.029061909685954818
0.026958193300859603
0.09539445011233401
0.10283867552865915
0.11314714296070713
0.10495671428119792
0.2623917857029948
0.2623917857029948
0.07624928516630233
0.08219949365267865
0.04244763599780088
0.039374961547907886
0.1495371511386448
0.1495371511386448
0.053916386601719206
0.053916386601719206
0.05981486045545792
0.05981486045545792
0.07325794357582566
0.07897471897389846
0.04956815970966097
0.047088160934801115
0.26783579200279006
0.2615328904829707
0.045980048987170286
0.045980048987170286
0.08216865534971651
0.08216865534971651
0.05477910356647767
0.05477910356647767
0.0
0.0
0.0
0.0
0.19538688270775087
0.19078890022466802
0.04822428221704121
0.04822428221704121
0.06225728063646904
0.06225728063646904
0.03327791628198609
0.06655583256397218
0.08972229068318688
0.08972229068318688
0.21790048222764163
0.21790048222764163
0.0
0.0
0.039374961547907886
0.07874992309581577
0.042295493443781355
0.042295493443781355
0.10166571355506977
0.10050378152592121
0.25594534844449573
0.25890435250935817
0.21147746721890678
0.21147746721890678
0.05763904177042349
0.05763904177042349
0.2875540618758358
0.2875540618758358
0.0
0.0
0.0
0.0
0.07397267214553091
0.07397267214553091
0.18870735310601722
0.18870735310601722
0.053916386601719206
0.053916386601719206
0.1647172818672541
0.1647172818672541
0.1437770309379179
0.1437770309379179
0.12688648033134406
0.12688648033134406
0.08459098688756271
0.08459098688756271
0.1143739277494535
0.1143739277494535
0.08459098688756271
0.08459098688756271
0.050832856777534886
