0.9444444444444448
0.9444444444444448
0.9444444444444448
0.9444444444444448
0.0
0.0
0.9444444444444448
0.052704627669472995
0.1025978352085154
0.9733285267845755
0.05407380704358751
0.05407380704358751
0.9444444444444448
0.0
0.0
0.9444444444444448
0.22271770159368698
0.22271770159368698
0.9444444444444448
0.19611613513818407
0.19088542889273333
0.9733285267845755
0.1666666666666667
0.1666666666666667
0.9444444444444448
0.047140452079103175
0.047140452079103175
0.9444444444444448
0.07856742013183862
0.07647191129018724
0.9192547197409879
0.06804138174397718
0.06804138174397718
0.9444444444444448
0.21566554640687685
0.21566554640687685
0.9444444444444448
0.0
0.0
0.9444444444444448
0.09829463743659811
0.09829463743659811
0.9444444444444448
0.06537204504606135
0.06537204504606135
0.9444444444444448
0.13201967239688991
0.13201967239688991
0.0
0.16012815380508713
0.16012815380508713
0.75
0.0
0.0
0.4472135954999579
0.0
0.0
0.75
0.09128709291752768
0.09128709291752768
0.75
0.0
0.0
0.75
0.10425720702853739
0.10425720702853739
0.75
0.15811388300841897
0.15811388300841897
0.75
0.11180339887498948
0.11180339887498948
0.75
0.0
0.0
0.4472135954999579
0.06666666666666667
0.07453559924999299
0.75
0.0
0.0
0.75
0.0
0.0
0.75
0.0
0.0
0.75
0.0
0.0
0.75
0.0
0.0
0.75
0.0
0.0
0.75
0.0
0.0
0.75
0.0
0.0
0.75
0.14433756729740646
0.12909944487358058
0.6708203932499369
0.08574929257125441
0.08574929257125441
0.75
0.09128709291752768
0.09128709291752768
0.75
0.0
0.0
0.75
0.0
0.0
0.75
0.0
0.0
0.75
0.0
0.0
0.75
0.0
0.0
0.75
0.0
0.0
0.75
0.10425720702853739
0.10425720702853739
0.75
0.0
0.0
0.947368421052631
0.146943671674129
0.146943671674129
0.947368421052631
0.12262786789699316
0.12262786789699316
0.947368421052631
0.1573778950729267
0.16169041669088866
0.9192547197409879
0.1399422857082639
0.10495671428119792
0.947368421052631
0.1061988488107183
0.1061988488107183
0.947368421052631
0.0
0.0
0.947368421052631
0.07647191129018724
0.07647191129018724
0.947368421052631
0.07894736842105261
0.07894736842105261
0.947368421052631
0.16912752287293456
0.16484511834894675
0.9233805168766381
0.0
0.0
0.947368421052631
0.0
0.0
0.947368421052631
0.09567297464698797
0.09567297464698797
0.947368421052631
0.06917144638660747
0.06917144638660747
0.947368421052631
0.13245323570650439
0.13245323570650439
0.947368421052631
0.1720618004029213
0.1720618004029213
0.12725695259515554
0.3038218101251
0.20254787341673333
0.9230769230769235
0.20180183819889375
0.20180183819889375
0.9230769230769235
0.09245003270420485
0.1849000654084097
0.9230769230769235
0.11566298639324805
0.11566298639324805
0.9230769230769235
0.14824986333222026
0.07412493166611013
0.9230769230769235
0.22188007849009167
0.22188007849009167
0.9230769230769235
0.15384615384615385
0.14824986333222026
0.8894991799933215
0.0
0.0
0.9230769230769235
0.07692307692307693
0.07692307692307693
0.9230769230769235
0.12403473458920845
0.11952286093343936
0.8894991799933215
0.22798037629377663
0.22798037629377663
0.9230769230769235
0.14322297480788657
0.14322297480788657
0.9230769230769235
0.0
0.0
0.9230769230769235
0.05547001962252292
0.05547001962252292
0.9230769230769235
0.0
0.0
0.9230769230769235
0.1448413648755803
0.1448413648755803
0.9230769230769235
0.0
0.0
0.9230769230769235
0.12725695259515554
0.12725695259515554
0.9230769230769235
0.17541160386140586
0.17541160386140586
0.9230769230769235
0.2710696590286789
0.2710696590286789
0.9230769230769235
0.06537204504606135
0.06537204504606135
0.9230769230769235
0.046225016352102424
0.046225016352102424
0.9230769230769235
0.07692307692307693
0.0
0.916666666666667
0.0
0.06622661785325219
0.916666666666667
0.13245323570650439
0.13245323570650439
0.916666666666667
0.0545544725589981
0.0545544725589981
0.916666666666667
0.0
0.0
0.916666666666667
0.14907119849998599
0.14907119849998599
0.916666666666667
0.0
0.0
0.8807048459279794
0.06622661785325219
0.06622661785325219
0.916666666666667
0.07216878364870323
0.07216878364870323
0.916666666666667
0.12038585308576923
0.12038585308576923
0.916666666666667
0.06804138174397718
0.06804138174397718
0.916666666666667
0.0
0.0
0.916666666666667
0.06154574548966637
0.06154574548966637
0.916666666666667
0.0
0.0
0.916666666666667
0.0
0.0
0.9805806756909202
0.048507125007266595
0.04950737714883372
0.9389710680668849
0.0
0.0
0.9600000000000003
0.051639777949432225
0.050636968354183326
0.9805806756909202
0.05773502691896259
0.0
0.9600000000000003
0.08207826816681234
0.08207826816681234
0.9600000000000003
0.0
0.0
0.9600000000000003
0.0
0.03363363969981562
0.9805806756909202
0.0
0.0
0.9591663046625443
0.051639777949432225
0.051639777949432225
0.9600000000000003
0.07844645405527362
0.07844645405527362
0.9600000000000003
0.04170288281141496
0.04170288281141496
0.9600000000000004
0.03922322702763681
0.04089304100547654
0.8996469021204837
0.04499212706658475
0.04588314677411235
0.9600000000000003
0.0
0.0
0.9600000000000003
0.0632455532033676
0.0632455532033676
0.9600000000000003
0.0
0.0
0.9600000000000003
0.037139067635410375
0.037139067635410375
0.9600000000000003
0.0
0.0
0.9200000000000004
0.033806170189140665
0.033806170189140665
0.9413574486632834
0.0
0.0
0.9600000000000003
0.0
0.0
0.9600000000000003
0.0
0.0
0.9600000000000003
0.024806946917841695
0.024806946917841695
1.0000000000000002
0.0
0.0
0.9615384615384615
0.038461538461538464
0.038461538461538464
0.9615384615384615
0.0
0.0
0.9615384615384615
0.04181210050035454
0.04181210050035454
0.9615384615384615
0.0
0.0
0.9615384615384615
0.04902903378454601
0.04902903378454601
0.9615384615384615
0.0
0.0
0.9615384615384615
0.0
0.0
0.905821627315677
0.0
0.0
0.9615384615384615
0.0
0.0
0.9615384615384615
0.033149677206589796
0.033149677206589796
0.9615384615384615
0.04499212706658475
0.04499212706658475
0.9615384615384615
0.0
0.0
0.9615384615384615
0.0
0.0
0.9615384615384615
0.0
0.0
0.9615384615384615
0.04181210050035454
0.04181210050035454
0.9615384615384615
0.0
0.0
0.9435641951204968
0.0
0.0
0.9615384615384615
0.0
0.0
0.9615384615384615
0.0
0.0
0.9615384615384615
0.0
0.0
0.9615384615384615
0.0
0.0
0.905821627315677
0.0
0.0
0.9615384615384615
0.04622501635210244
0.04622501635210244
0.9615384615384615
0.0
0.0
0.9615384615384615
0.0
0.0
0.9615384615384615
0.08362420100070908
0.08362420100070908
0.9615384615384615
0.1315587028960544
0.1315587028960544
0.9615384615384615
0.1254363015010636
0.1254363015010636
0.9615384615384615
0.0
0.0
0.9021342216356466
0.06172133998483677
0.06299407883487121
0.958333333333333
0.0
0.0
0.958333333333333
0.08574929257125442
0.08574929257125442
0.958333333333333
0.0
0.0
0.958333333333333
0.044543540318737404
0.044543540318737404
0.958333333333333
0.12171612389003693
0.12171612389003693
0.958333333333333
0.0
0.0
0.9166666666666664
0.0
0.0
0.958333333333333
0.11322770341445959
0.11322770341445959
0.958333333333333
0.0
0.0
0.958333333333333
0.09338592095470356
0.09338592095470356
0.960768922830523
0.07659643817822481
0.0797241005179101
0.958333333333333
0.0
0.0
0.958333333333333
0.045643546458763846
0.045643546458763846
0.958333333333333
0.0
0.0
0.958333333333333
0.056613851707229795
0.056613851707229795
0.958333333333333
0.0
0.0
0.958333333333333
0.051031036307982884
0.051031036307982884
0.958333333333333
0.0
0.0
0.9389710680668849
0.037267799624996496
0.037267799624996496
0.958333333333333
0.0
0.0
0.958333333333333
0.031497039417435604
0.031497039417435604
0.958333333333333
0.04950737714883372
0.04950737714883372
0.958333333333333
0.10067340828210367
0.10067340828210367
0.958333333333333
0.0
0.0
0.958333333333333
0.0
0.0
0.958333333333333
0.09901475429766744
0.09901475429766744
0.9166666666666664
0.0
0.0
0.9797958971132712
0.03592106040535498
0.03666177875533833
0.958333333333333
0.044543540318737404
0.044543540318737404
0.958333333333333
0.0
0.0
0.0
0.09950371902099892
0.09950371902099892
0.8888888888888886
0.2299101649050017
0.2299101649050017
0.8888888888888886
0.08333333333333333
0.08333333333333333
0.8888888888888886
0.04714045207910317
0.04714045207910317
0.8888888888888886
0.08084520834544431
0.07669649888473705
0.8432740427115678
0.0
0.0
0.8888888888888886
0.0629940788348712
0.0629940788348712
0.8888888888888886
0.14907119849998596
0.14907119849998596
0.8888888888888886
0.031927542840705044
0.031927542840705044
0.8888888888888886
0.0
0.0
0.8888888888888886
0.2041241452319315
0.2041241452319315
0.8888888888888886
0.10540925533894598
0.10540925533894598
0.8888888888888886
0.0
0.0
0.7378647873726218
0.08770580193070293
0.09245003270420485
0.8888888888888886
0.06804138174397717
0.06804138174397717
0.8888888888888886
0.0
0.0
0.8888888888888886
0.14213381090374028
0.14213381090374028
0.8888888888888886
0.1781741612749496
0.1781741612749496
0.8888888888888886
0.0
0.0
0.8888888888888886
0.10959932487023819
0.10959932487023819
0.8888888888888886
0.057166195047502935
0.057166195047502935
0.8888888888888886
0.0
0.0
0.8888888888888886
0.07647191129018724
0.07647191129018724
0.8888888888888886
0.0
0.0
0.8888888888888886
0.10050378152592121
0.10050378152592121
0.8888888888888886
0.1111111111111111
0.1111111111111111
0.8888888888888886
0.0
0.0
0.8888888888888886
0.10050378152592121
0.10050378152592121
0.8888888888888886
0.15713484026367724
0.15713484026367724
0.8888888888888886
0.0
0.0
0.8432740427115678
0.15294382258037448
0.15294382258037448
0.8888888888888886
0.09428090415820634
0.09428090415820634
0.8888888888888886
0.16666666666666666
0.16666666666666666
0.8888888888888886
0.09622504486493763
0.09622504486493763
0.8888888888888886
0.0
0.0
0.8888888888888886
0.14744195615489714
0.14744195615489714
0.8888888888888886
0.0
0.0
0.8888888888888886
0.24253562503633294
0.23008949665421113
0.8432740427115678
0.13900960937138318
0.13900960937138318
0.8888888888888886
0.12909944487358055
0.12909944487358055
0.8888888888888886
0.23570226039551587
0.23570226039551587
0.8888888888888886
0.0
0.0
0.8888888888888886
0.10959932487023819
0.10959932487023819
0.8888888888888886
0.10540925533894598
0.10540925533894598
0.8888888888888886
0.09245003270420485
0.09245003270420485
0.0
0.1666666666666667
0.08333333333333336
0.916666666666667
0.10206207261596575
0.05103103630798288
0.916666666666667
0.0
0.0
0.916666666666667
0.0
0.0
0.916666666666667
0.11322770341445959
0.11322770341445959
0.916666666666667
0.0
0.0
0.8807048459279794
0.0
0.0
0.916666666666667
0.1986798535597566
0.1986798535597566
0.916666666666667
0.0
0.0
0.916666666666667
0.0
0.0
0.916666666666667
0.15309310892394865
0.15309310892394865
0.916666666666667
0.08006407690254358
0.08006407690254358
0.916666666666667
0.08006407690254358
0.08006407690254358
0.916666666666667
0.0
0.0
0.0
0.050141221056390024
0.10028244211278005
0.9777538105996058
0.1611432394306458
0.1708325687035928
0.9777538105996058
0.0
0.0
0.9767441860465118
0.14794534429106182
0.15949044456578
0.9777538105996058
0.0
0.0
0.9767441860465118
0.0566365471788599
0.0566365471788599
0.9777538105996058
0.15404884978892905
0.17073170731707318
0.9764672918705589
0.10461315619318828
0.10461315619318828
0.9767441860465118
0.21237274928075958
0.21237274928075958
0.9767441860465118
0.13794014696151086
0.14126448280440335
0.9764672918705589
0.12688648033134406
0.12688648033134406
0.9767441860465118
0.18852560660029857
0.2513674754670647
0.9767441860465118
0.10495671428119792
0.10495671428119792
0.9767441860465118
0.07874992309581577
0.11812488464372366
0.9767441860465118
0.0
0.0
0.965581028730576
0.1437770309379179
0.1437770309379179
0.9767441860465118
0.06819943394704735
0.06819943394704735
0.9767441860465118
0.0
0.0
0.9767441860465118
0.042295493443781355
0.042295493443781355
0.9767441860465118
0.1031078524452934
0.1031078524452934
0.9767441860465118
0.06655583256397218
0.06655583256397218
0.9767441860465118
0.03112864031823452
0.03112864031823452
0.9767441860465118
0.07397267214553091
0.20180183819889375
0.8807048459279794
0.2553769592276246
0.24535824603285922
0.9230769230769235
0.0
0.10878565864408425
0.9230769230769235
0.12725695259515554
0.12725695259515554
0.9230769230769235
0.0
0.0
0.9230769230769235
0.0
0.07692307692307693
0.9230769230769235
0.08770580193070293
0.08451542547285167
0.8894991799933215
0.16984155512168939
0.16984155512168939
0.9230769230769235
0.14944064441601537
0.14944064441601537
0.9230769230769235
0.21571674297647797
0.21571674297647797
0.9230769230769235
0.11094003924504584
0.11094003924504584
0.9230769230769235
0.06537204504606135
0.06537204504606135
0.9230769230769235
0.0
0.0
0.9230769230769235
0.24906774069335896
0.24906774069335896
0.9230769230769235
0.09245003270420485
0.09245003270420485
0.9230769230769235
0.0
0.0
0.8461538461538465
0.0
0.0
0.8807048459279794
0.15097027121927944
0.15097027121927944
0.9230769230769235
0.11094003924504584
0.11094003924504584
0.9230769230769235
0.060522753266880246
0.060522753266880246
0.9230769230769235
0.0
0.0
0.9230769230769235
0.10878565864408425
0.10878565864408425
0.9230769230769235
0.060522753266880246
0.060522753266880246
0.9230769230769235
0.06201736729460423
0.06201736729460423
0.8461538461538465
0.08006407690254358
0.08006407690254358
0.9230769230769235
0.060522753266880246
0.060522753266880246
0.9230769230769235
0.0
0.0
0.9230769230769235
0.18156825980064073
0.18156825980064073
0.9230769230769235
0.11566298639324805
0.11566298639324805
0.9230769230769235
0.11094003924504584
0.11094003924504584
0.9230769230769235
0.10675210253672476
0.10675210253672476
0.9230769230769235
0.19611613513818402
0.19611613513818402
0.9230769230769235
0.12104550653376049
0.11664236870396087
0.8894991799933215
0.0
0.0
0.9230769230769235
0.20446520502738266
0.20446520502738266
0.9230769230769235
0.0
0.0
0.9230769230769235
0.043852900965351466
0.043852900965351466
0.9230769230769235
0.0
0.0
0.9230769230769235
0.10675210253672476
0.10675210253672476
0.8153742483272114
0.0
0.0
0.9230769230769235
0.15534712747612348
0.15534712747612348
0.9230769230769235
0.06201736729460423
0.06201736729460423
0.9230769230769235
0.17349447958987207
0.17349447958987207
0.9230769230769235
0.1345345587992625
0.1345345587992625
0.9230769230769235
0.09376144618769908
0.09035079029052512
0.8894991799933215
0.11566298639324805
0.11566298639324805
0.9230769230769235
0.048280454958526765
0.048280454958526765
0.9230769230769235
0.0
0.0
0.9230769230769235
0.10482848367219183
0.10482848367219183
0.9230769230769235
0.09119215051751065
0.09119215051751065
0.9230769230769235
0.052414241836095915
0.052414241836095915
0.9230769230769235
0.0
0.0
0.9230769230769235
0.15724272550828775
0.15724272550828775
0.9230769230769235
0.13166160373532665
0.13166160373532665
0.8461538461538465
0.11322770341445959
0.11322770341445959
0.9230769230769235
0.056613851707229795
0.056613851707229795
0.9230769230769235
0.11826247919781652
0.11826247919781652
0.9230769230769235
0.09245003270420485
0.09245003270420485
0.9230769230769235
0.12725695259515554
0.12725695259515554
0.9230769230769235
0.09376144618769908
0.09376144618769908
0.9230769230769235
0.0
0.0
0.9230769230769235
0.10300524052492095
0.09925833339709303
0.8894991799933215
0.09119215051751065
0.09119215051751065
0.9230769230769235
0.08362420100070908
0.08362420100070908
0.9230769230769235
0.14824986333222026
0.14824986333222026
0.9230769230769235
0.0
0.0
0.9230769230769235
0.15724272550828775
0.15724272550828775
0.9230769230769235
0.11826247919781652
0.11826247919781652
0.9230769230769235
0.11566298639324805
0.11145564251507058
0.8894991799933215
0.06201736729460423
0.06201736729460423
0.9230769230769235
0.0
0.0
0.9230769230769235
0.08362420100070908
0.08362420100070908
0.9230769230769235
0.04688072309384954
0.04688072309384954
0.9230769230769235
0.08362420100070908
0.08362420100070908
0.9230769230769235
0.0
0.0
0.9230769230769235
0.1397713115629224
