0.0
0.0
0.0512989176042577
0.0
0.0
0.26207120918047955
0.19611613513818407
0.0
0.0
0.0
0.0
0.08972229068318688
0.08178608201095308
0.11566298639324805
0.15534712747612348
0.20180183819889372
0.0
0.15713484026367724
0.08606629658238704
0.11694106924093721
0.13355611265883557
0.0659380473395787
0.07071067811865475
0.16878498775964423
0.24112141108520604
0.27681826617913324
0.07744030926623663
0.13987572123604708
0.14907119849998596
0.07647191129018724
0.0
0.09100315103865803
0.18200630207731605
0.31497039417435607
0.2970442628930023
0.31311214554257466
0.253546276418555
0.2545875386086578
0.0890870806374748
0.15724272550828775
0.043852900965351466
0.0
0.12510864843424488
0.26064301757134345
0.24019223070763068
0.3209703693831847
0.2520920866827581
0.2615328904829707
0.2588414429342565
0.05143444998736397
0.0
0.11470786693528086
0.20295302744752147
0.10425720702853737
0.0
0.0
0.1257389226923863
0.0
0.2165063509461097
0.04564354645876384
0.2656844656620286
0.16169041669088863
0.20851441405707477
0.11145564251507058
0.10690449676496977
0.11094003924504584
0.0
0.0
0.06201736729460423
0.3308465799422135
0.2546858159868053
0.0
0.22677868380553634
0.0
0.0
0.0
0.0
0.14509525002200233
0.23180022278587675
0.20156929930231737
0.15713484026367724
0.046225016352102424
0.06362847629757777
0.26315789473684204
0.04335549847620599
0.1182165609358651
0.0
0.1732050807568877
0.0512989176042577
0.0
0.1563858105428061
0.14744195615489716
0.0
0.07106690545187014
0.2901294265928297
0.30618621784789724
0.24253562503633297
0.25286086871208685
0.10767638041163309
0.07453559924999299
0.20732210721568237
0.23000322710873394
0.21969401455243584
0.33275613232308116
0.06262242910851494
0.15191090506254998
0.08178608201095308
0.0
0.0899842541331695
0.0
0.10540925533894598
0.0
0.11197850219117086
0.20341905108624309
0.30860669992418377
0.06388765649999398
0.20965696734438366
0.0
0.0
0.2882306768491568
0.30382181012509996
0.19026059766179765
0.20683507599800763
0.17407765595569785
0.3061862178478973
0.0
0.0
0.2927700218845599
0.14824986333222023
0.13259870882635919
0.07755667343294811
0.0
0.0
0.23094010767585027
0.11009637651263604
0.05504818825631802
0.0
0.21320071635561041
0.1875
0.08451542547285165
0.07755667343294811
0.1025978352085154
0.15811388300841897
0.050251890762960605
0.14213381090374028
0.0
0.04767312946227961
0.0
0.0
0.27277236279499045
0.08908708063747481
0.040422604172722164
0.23338001400466826
0.2182178902359924
0.19518001458970666
0.14907119849998599
0.0
0.0
0.0
0.04822428221704121
0.25809709637054695
0.10832372170111786
0.06201736729460423
0.12909944487358058
0.16012815380508716
0.28644594961577313
0.0
0.0
0.0761386987626881
0.04188539082916955
0.17699808135119716
0.03742405942825599
0.11961783342433499
0.14704292441876154
0.08451542547285165
0.0
0.04667600280093366
0.10369516947304254
0.07838618016696206
0.3273268353539886
0.22388336779724755
0.5098284237156423
0.02463323195410733
0.0
0.034299717028501764
0.0
0.0
0.12677313820927746
0.14992352790734176
0.10210462507669134
0.04351941398892446
0.06454972243679029
0.0
0.0
0.056613851707229795
0.13608276348795434
0.07106690545187014
0.05698028822981897
0.05976143046671968
0.18380365552345193
0.028194193721730043
0.03575992699260758
0.19134594929397594
0.11128297681493143
0.14625448482542613
0.0
0.15294382258037448
0.13834289277321493
0.07106690545187015
0.051434449987363975
0.10012523486435176
0.064888568452305
0.41012193308819755
0.0
0.0
0.1978141420187361
0.1970276015597752
0.0
0.1517165212272521
0.08075728530872482
0.0
0.0
0.0
0.0
0.0
0.16012815380508716
0.05103103630798288
0.0
0.0
0.1860521018838127
0.04622501635210244
0.0
0.0
0.0
0.18257418583505536
0.16137430609197567
0.19611613513818402
0.07692307692307693
0.12403473458920845
0.14704292441876154
0.1611432394306458
0.28005601680560194
0.12126781251816648
0.0
0.039590379123244784
0.1450036976414354
0.16070147520167405
0.2089785019092862
0.1574591643244434
0.06271815075053182
0.17143634649587836
0.3151267458316272
0.3554093266554553
0.0
0.0
0.10540925533894599
0.05976143046671968
0.14824986333222026
0.2344036154692477
0.18442777839082936
0.3118047822311618
0.19802950859533489
0.21455956195564546
0.2313259727864961
0.04499212706658475
0.08240856434303291
0.14944064441601537
0.08770580193070293
0.12909944487358058
0.10998533626601499
0.31929831471426645
0.11111111111111112
0.09428090415820635
0.0
0.0
0.05986843400892497
0.0
0.10690449676496977
0.0
0.21773242158072695
0.08728715609439697
0.1091089451179962
0.09805806756909202
0.042796049251091296
0.04879500364742666
0.19364916731037088
0.18898223650461363
0.0
0.0545544725589981
0.18200630207731605
0.2919201796799047
0.11547005383792516
0.2041241452319315
0.11572751247156893
0.0
0.07372097807744857
0.0659380473395787
0.1414213562373095
0.07669649888473705
0.140028008402801
0.08025723539051281
0.17518714874213512
0.25048971643405976
0.13987572123604708
0.20228869496966947
0.12298800925361815
0.07049073768502413
0.0
0.052486388108147805
0.1709408646894569
0.1553424415003
0.21747941810041999
0.07715167498104596
0.0
0.24670871720894108
0.1938006332446037
0.1666666666666667
0.08703882797784893
0.0
0.2676516895156554
0.27144835701531844
0.0
0.03641785203646149
0.030528125543633176
0.09913631941932194
0.08058229640253803
0.0
0.0
0.16116459280507603
0.17782168978975482
0.04662524041201569
0.0
0.06741998624632421
0.20385887657505022
0.17837651700316892
0.12309149097933275
0.28288947493050187
0.0
0.0
0.0
0.16116459280507603
0.14213381090374028
0.0
0.0
0.18463723646899913
0.0
0.4148728575225928
0.0
0.0
0.0
0.04003203845127179
0.14708710135363803
0.10425720702853739
0.37234154758203314
0.24840131369742974
0.42098266797411443
0.1619552660357832
0.17541160386140586
0.09962709627734359
0.1531679162134967
0.0909090909090909
0.2597943666588219
0.15194743527951726
0.15018785229652765
0.0
0.0
0.3736016110400384
0.2025478734167333
0.3077935056255462
0.1742014225237369
0.10959932487023819
0.0
0.0
0.17349447958987207
0.26919095102908275
0.0
0.0
0.04879500364742666
0.14301938838683884
0.0
0.0
0.0
0.0
0.4020151261036848
0.19069251784911845
0.0472455591261534
0.06131393394849658
0.06131393394849658
0.09166984970282112
0.06482037235521643
0.10482848367219183
0.07692307692307693
0.10878565864408425
0.12403473458920847
0.1315587028960544
0.047565149415449405
0.291161615782696
0.09901475429766744
0.0
0.13483997249264842
0.0
0.0
0.044280744277004756
0.06900655593423542
0.28867513459481287
0.3086066999241838
0.2065591117977289
0.059234887775909226
0.14886458551295736
0.046829290579084706
0.22360679774997896
0.21821789023599236
0.1821530222156749
0.20739033894608508
0.04199605255658081
0.0
0.316227766016838
0.19364916731037082
0.11180339887498948
0.2631174057921088
0.0
0.19518001458970666
0.0
0.057353933467640436
0.0
0.12227899701112961
0.0
0.0
0.0
0.11009637651263607
0.24375747470904355
0.4200840252084029
0.0
0.0
0.0
0.15289415743128765
0.059761430466719674
0.0
0.1965892748731962
0.17376201171422898
0.0
0.0
0.0
0.13801311186847084
0.31622776601683794
0.17213259316477406
0.09128709291752767
0.2041241452319315
0.0
0.0
0.21128856368212912
0.049999999999999996
0.0
0.10206207261596575
0.28067069969390585
0.1843024451936214
0.047836487323493986
0.21052631578947364
0.3154466340720224
0.12909944487358055
0.15191090506254998
0.0
0.0
0.1884222879063983
0.14484136487558028
0.15512630699850574
0.0
0.0
0.22580645161290325
0.06350006350009525
0.0
0.0
0.32969023669789355
0.12909944487358058
0.08908708063747481
0.3851644432598217
0.20016019225635895
0.08333333333333336
0.10540925533894598
0.07161148740394328
0.09245003270420485
0.08084520834544431
0.06726727939963124
0.10482848367219183
0.0
0.06537204504606135
0.0
0.0
0.08574929257125441
0.12499999999999997
0.27277236279499045
0.0363696483726654
0.1634301126151534
0.15384615384615385
0.1386750490563073
0.1386750490563073
0.09245003270420485
0.07856742013183862
0.9444444444444448
0.9444444444444448
0.9444444444444448
0.9444444444444448
0.9444444444444448
0.9733285267845755
0.9733285267845755
0.9444444444444448
0.9444444444444448
0.9444444444444448
0.9444444444444448
0.9444444444444448
0.9444444444444448
0.9733285267845755
0.9733285267845755
0.9444444444444448
0.9444444444444448
0.9444444444444448
0.9444444444444448
0.9192547197409879
0.9192547197409879
0.9444444444444448
0.9444444444444448
0.9444444444444448
0.9444444444444448
0.9444444444444448
0.9444444444444448
0.9444444444444448
0.9444444444444448
0.9444444444444448
0.9444444444444448
0.9444444444444448
0.0
0.75
0.75
0.75
0.4472135954999579
0.6708203932499369
0.75
0.75
0.75
0.75
0.75
0.75
0.75
0.75
0.75
0.75
0.75
0.75
0.4472135954999579
0.6708203932499369
0.75
0.75
0.75
0.75
0.75
0.75
0.75
0.75
0.75
0.75
0.75
0.75
0.75
0.75
0.75
0.75
0.75
0.4472135954999579
0.6708203932499369
0.75
0.75
0.75
0.75
0.75
0.75
0.75
0.75
0.75
0.75
0.75
0.75
0.75
0.75
0.75
0.75
0.75
0.75
0.11470786693528087
0.947368421052631
0.947368421052631
0.947368421052631
0.947368421052631
0.947368421052631
0.9192547197409879
0.9192547197409879
0.947368421052631
0.947368421052631
0.947368421052631
0.947368421052631
0.947368421052631
0.947368421052631
0.947368421052631
0.947368421052631
0.947368421052631
0.947368421052631
0.9233805168766381
0.9233805168766381
0.947368421052631
0.947368421052631
0.947368421052631
0.947368421052631
0.947368421052631
0.947368421052631
0.947368421052631
0.947368421052631
0.947368421052631
0.947368421052631
0.947368421052631
0.12725695259515554
0.9230769230769235
0.9230769230769235
0.9230769230769235
0.9230769230769235
0.9230769230769235
0.9230769230769235
0.9230769230769235
0.9230769230769235
0.9230769230769235
0.9230769230769235
0.9230769230769235
0.9230769230769235
0.8153742483272114
0.8894991799933215
0.9230769230769235
0.9230769230769235
0.9230769230769235
0.9230769230769235
0.8894991799933215
0.8894991799933215
0.9230769230769235
0.9230769230769235
0.9230769230769235
0.9230769230769235
0.9230769230769235
0.9230769230769235
0.9230769230769235
0.9230769230769235
0.9230769230769235
0.9230769230769235
0.8461538461538465
0.9230769230769235
0.9230769230769235
0.9230769230769235
0.9230769230769235
0.9230769230769235
0.9230769230769235
0.9230769230769235
0.9230769230769235
0.9230769230769235
0.9230769230769235
0.9230769230769235
0.9230769230769235
0.9230769230769235
0.054392829322042126
0.9805806756909202
0.9389710680668849
0.9389710680668849
0.9600000000000003
0.9600000000000003
0.9805806756909202
0.9805806756909202
0.9600000000000003
0.9600000000000003
0.9600000000000003
0.9600000000000003
0.9600000000000003
0.9600000000000003
0.9805806756909202
0.9805806756909202
0.9591663046625443
0.9591663046625443
0.9600000000000003
0.9600000000000003
0.9600000000000004
0.9600000000000003
0.9600000000000003
0.9600000000000004
0.9591663046625443
0.8996469021204837
0.9413574486632834
0.9600000000000003
0.9600000000000003
0.9600000000000003
0.9600000000000003
0.9600000000000003
0.9600000000000003
0.9600000000000003
0.9600000000000003
0.9600000000000003
0.9600000000000003
0.9200000000000004
0.9600000000000003
0.9413574486632834
0.9413574486632834
0.9600000000000003
0.9600000000000003
0.9600000000000003
0.9600000000000003
0.9600000000000003
0.9600000000000003
1.0000000000000002
0.9021342216356466
0.9615384615384615
0.9615384615384615
0.9615384615384615
0.9615384615384615
0.9615384615384615
0.9615384615384615
0.9615384615384615
0.9615384615384615
0.9615384615384615
0.9615384615384615
0.9615384615384615
0.9615384615384615
0.9615384615384615
0.9615384615384615
0.905821627315677
0.9435641951204968
0.9615384615384615
0.9615384615384615
0.9615384615384615
0.9615384615384615
0.9615384615384615
0.9615384615384615
0.9615384615384615
0.9615384615384615
0.9615384615384615
0.9615384615384615
0.9615384615384615
0.9615384615384615
0.9615384615384615
0.9615384615384615
0.9615384615384615
0.905821627315677
0.9435641951204968
0.9615384615384615
0.9615384615384615
0.9615384615384615
0.9615384615384615
0.9615384615384615
0.9615384615384615
0.9615384615384615
0.9615384615384615
0.9615384615384615
0.905821627315677
0.9435641951204968
0.9615384615384615
0.9615384615384615
0.9615384615384615
0.9615384615384615
0.9615384615384615
0.9615384615384615
0.9615384615384615
0.9615384615384615
0.9615384615384615
0.9615384615384615
0.9615384615384615
0.9615384615384615
0.9615384615384615
0.9615384615384615
0.9021342216356466
0.9389710680668849
0.958333333333333
0.958333333333333
0.958333333333333
0.958333333333333
0.958333333333333
0.958333333333333
0.958333333333333
0.958333333333333
0.958333333333333
0.958333333333333
0.958333333333333
0.958333333333333
0.9166666666666664
0.958333333333333
0.958333333333333
0.958333333333333
0.958333333333333
0.958333333333333
0.958333333333333
0.958333333333333
0.960768922830523
0.960768922830523
0.958333333333333
0.958333333333333
0.958333333333333
0.9166666666666664
0.958333333333333
0.958333333333333
0.958333333333333
0.958333333333333
0.958333333333333
0.958333333333333
0.958333333333333
0.958333333333333
0.958333333333333
0.8981462390204986
0.9389710680668849
0.958333333333333
0.958333333333333
0.958333333333333
0.958333333333333
0.958333333333333
0.958333333333333
0.958333333333333
0.958333333333333
0.958333333333333
0.958333333333333
0.958333333333333
0.958333333333333
0.958333333333333
0.958333333333333
0.958333333333333
0.9166666666666664
0.9999999999999997
0.9797958971132712
0.9389710680668849
0.958333333333333
0.958333333333333
0.958333333333333
0.9999999999999997
0.0
0.8888888888888886
0.8888888888888886
0.8888888888888886
0.8888888888888886
0.8888888888888886
0.8888888888888886
0.8888888888888886
0.8888888888888886
0.7378647873726218
0.8432740427115678
0.8888888888888886
0.8888888888888886
0.8888888888888886
0.8888888888888886
0.8888888888888886
0.8888888888888886
0.8888888888888886
0.8888888888888886
0.8888888888888886
0.8888888888888886
0.8888888888888886
0.8888888888888886
0.8888888888888886
0.8888888888888886
0.8888888888888886
0.7378647873726218
0.8432740427115678
0.8888888888888886
0.8888888888888886
0.8888888888888886
0.8888888888888886
0.8888888888888886
0.8888888888888886
0.8888888888888886
0.8888888888888886
0.8888888888888886
0.8888888888888886
0.8888888888888886
0.8888888888888886
0.8888888888888886
0.7777777777777776
0.8888888888888886
0.8888888888888886
0.8888888888888886
0.8888888888888886
0.8888888888888886
0.8888888888888886
0.8888888888888886
0.8888888888888886
0.8888888888888886
0.8888888888888886
0.8888888888888886
0.8888888888888886
0.8888888888888886
0.8888888888888886
0.8888888888888886
0.8888888888888886
0.8888888888888886
0.7378647873726218
0.8432740427115678
0.8888888888888886
0.8888888888888886
0.8888888888888886
0.8888888888888886
0.8888888888888886
0.8888888888888886
0.8888888888888886
0.8888888888888886
0.8888888888888886
0.8888888888888886
0.8888888888888886
0.8888888888888886
0.8888888888888886
0.8888888888888886
0.7378647873726218
0.8432740427115678
0.8888888888888886
0.8888888888888886
0.8888888888888886
0.8888888888888886
0.8888888888888886
0.8888888888888886
0.8888888888888886
0.8888888888888886
0.8888888888888886
0.8888888888888886
0.8888888888888886
0.8888888888888886
0.8888888888888886
0.0
0.916666666666667
0.916666666666667
0.916666666666667
0.916666666666667
0.916666666666667
0.916666666666667
0.916666666666667
0.916666666666667
0.916666666666667
0.916666666666667
0.916666666666667
0.8807048459279794
0.8807048459279794
0.916666666666667
0.916666666666667
0.916666666666667
0.916666666666667
0.916666666666667
0.916666666666667
0.916666666666667
0.916666666666667
0.916666666666667
0.916666666666667
0.916666666666667
0.916666666666667
0.916666666666667
0.916666666666667
0.0
0.9767441860465118
0.9777538105996058
0.9777538105996058
0.9777538105996058
0.9777538105996058
0.9767441860465118
0.9777538105996058
0.9777538105996058
0.9767441860465118
0.9767441860465118
0.9767441860465118
0.9777538105996058
0.9756427153298839
0.9764672918705589
0.9767441860465118
0.9767441860465118
0.9767441860465118
0.9767441860465118
0.9764672918705589
0.9764672918705589
0.9767441860465118
0.9767441860465118
0.9767441860465118
0.9767441860465118
0.9767441860465118
0.9767441860465118
0.9767441860465118
0.9767441860465118
0.9425910042369909
0.965581028730576
0.9767441860465118
0.9767441860465118
0.9767441860465118
0.9767441860465118
0.9767441860465118
0.9767441860465118
0.9767441860465118
0.9767441860465118
0.9767441860465118
0.9767441860465118
0.9767441860465118
0.9767441860465118
0.9767441860465118
0.9767441860465118
