0.9444444444444448
0.9444444444444448
0.9444444444444448
0.9444444444444448
0.9444444444444448
0.9733285267845755
0.9733285267845755
0.9444444444444448
0.9444444444444448
0.9444444444444448
0.9444444444444448
0.9444444444444448
0.9444444444444448
0.9733285267845755
0.9733285267845755
0.9444444444444448
0.9444444444444448
0.9444444444444448
0.9444444444444448
0.9192547197409879
0.9192547197409879
0.9444444444444448
0.9444444444444448
0.9444444444444448
0.9444444444444448
0.9444444444444448
0.9444444444444448
0.9444444444444448
0.9444444444444448
0.9444444444444448
0.9444444444444448
0.9444444444444448
0.0
0.75
0.75
0.75
0.4472135954999579
0.6708203932499369
0.75
0.75
0.75
0.75
0.75
0.75
0.75
0.75
0.75
0.75
0.75
0.75
0.4472135954999579
0.6708203932499369
0.75
0.75
0.75
0.75
0.75
0.75
0.75
0.75
0.75
0.75
0.75
0.75
0.75
0.75
0.75
0.75
0.75
0.4472135954999579
0.6708203932499369
0.75
0.75
0.75
0.75
0.75
0.75
0.75
0.75
0.75
0.75
0.75
0.75
0.75
0.75
0.75
0.75
0.75
0.75
0.11470786693528087
0.947368421052631
0.947368421052631
0.947368421052631
0.947368421052631
0.947368421052631
0.9192547197409879
0.9192547197409879
0.947368421052631
0.947368421052631
0.947368421052631
0.947368421052631
0.947368421052631
0.947368421052631
0.947368421052631
0.947368421052631
0.947368421052631
0.947368421052631
0.9233805168766381
0.9233805168766381
0.947368421052631
0.947368421052631
0.947368421052631
0.947368421052631
0.947368421052631
0.947368421052631
0.947368421052631
0.947368421052631
0.947368421052631
0.947368421052631
0.947368421052631
0.12725695259515554
0.9230769230769235
0.9230769230769235
0.9230769230769235
0.9230769230769235
0.9230769230769235
0.9230769230769235
0.9230769230769235
0.9230769230769235
0.9230769230769235
0.9230769230769235
0.9230769230769235
0.9230769230769235
0.8153742483272114
0.8894991799933215
0.9230769230769235
0.9230769230769235
0.9230769230769235
0.9230769230769235
0.8894991799933215
0.8894991799933215
0.9230769230769235
0.9230769230769235
0.9230769230769235
0.9230769230769235
0.9230769230769235
0.9230769230769235
0.9230769230769235
0.9230769230769235
0.9230769230769235
0.9230769230769235
0.8461538461538465
0.9230769230769235
0.9230769230769235
0.9230769230769235
0.9230769230769235
0.9230769230769235
0.9230769230769235
0.9230769230769235
0.9230769230769235
0.9230769230769235
0.9230769230769235
0.9230769230769235
0.9230769230769235
0.9230769230769235
0.08006407690254358
0.916666666666667
0.916666666666667
0.916666666666667
0.916666666666667
0.916666666666667
0.916666666666667
0.916666666666667
0.916666666666667
0.916666666666667
0.916666666666667
0.916666666666667
0.8807048459279794
0.8807048459279794
0.916666666666667
0.916666666666667
0.916666666666667
0.916666666666667
0.916666666666667
0.916666666666667
0.916666666666667
0.916666666666667
0.916666666666667
0.916666666666667
0.916666666666667
0.916666666666667
0.916666666666667
0.916666666666667
0.056613851707229795
0.9805806756909202
0.9389710680668849
0.9389710680668849
0.9600000000000003
0.9600000000000003
0.9805806756909202
0.9805806756909202
0.9600000000000003
0.9600000000000003
0.9600000000000003
0.9600000000000003
0.9600000000000003
0.9600000000000003
0.9805806756909202
0.9805806756909202
0.9591663046625443
0.9591663046625443
0.9600000000000003
0.9600000000000003
0.9600000000000004
0.9600000000000003
0.9600000000000003
0.9600000000000004
0.9591663046625443
0.8996469021204837
0.9413574486632834
0.9600000000000003
0.9600000000000003
0.9600000000000003
0.9600000000000003
0.9600000000000003
0.9600000000000003
0.9600000000000003
0.9600000000000003
0.9600000000000003
0.9600000000000003
0.9200000000000004
0.9600000000000003
0.9413574486632834
0.9413574486632834
0.9600000000000003
0.9600000000000003
0.9600000000000003
0.9600000000000003
0.9600000000000003
0.9600000000000003
1.0000000000000002
0.9021342216356466
0.9615384615384615
0.9615384615384615
0.9615384615384615
0.9615384615384615
0.9615384615384615
0.9615384615384615
0.9615384615384615
0.9615384615384615
0.9615384615384615
0.9615384615384615
0.9615384615384615
0.9615384615384615
0.9615384615384615
0.9615384615384615
0.905821627315677
0.9435641951204968
0.9615384615384615
0.9615384615384615
0.9615384615384615
0.9615384615384615
0.9615384615384615
0.9615384615384615
0.9615384615384615
0.9615384615384615
0.9615384615384615
0.9615384615384615
0.9615384615384615
0.9615384615384615
0.9615384615384615
0.9615384615384615
0.9615384615384615
0.905821627315677
0.9435641951204968
0.9615384615384615
0.9615384615384615
0.9615384615384615
0.9615384615384615
0.9615384615384615
0.9615384615384615
0.9615384615384615
0.9615384615384615
0.9615384615384615
0.905821627315677
0.9435641951204968
0.9615384615384615
0.9615384615384615
0.9615384615384615
0.9615384615384615
0.9615384615384615
0.9615384615384615
0.9615384615384615
0.9615384615384615
0.9615384615384615
0.9615384615384615
0.9615384615384615
0.9615384615384615
0.9615384615384615
0.9615384615384615
0.9021342216356466
0.9389710680668849
0.958333333333333
0.958333333333333
0.958333333333333
0.958333333333333
0.958333333333333
0.958333333333333
0.958333333333333
0.958333333333333
0.958333333333333
0.958333333333333
0.958333333333333
0.958333333333333
0.9166666666666664
0.958333333333333
0.958333333333333
0.958333333333333
0.958333333333333
0.958333333333333
0.958333333333333
0.958333333333333
0.960768922830523
0.960768922830523
0.958333333333333
0.958333333333333
0.958333333333333
0.9166666666666664
0.958333333333333
0.958333333333333
0.958333333333333
0.958333333333333
0.958333333333333
0.958333333333333
0.958333333333333
0.958333333333333
0.958333333333333
0.8981462390204986
0.9389710680668849
0.958333333333333
0.958333333333333
0.958333333333333
0.958333333333333
0.958333333333333
0.958333333333333
0.958333333333333
0.958333333333333
0.958333333333333
0.958333333333333
0.958333333333333
0.958333333333333
0.958333333333333
0.958333333333333
0.958333333333333
0.9166666666666664
0.9999999999999997
0.9797958971132712
0.9389710680668849
0.958333333333333
0.958333333333333
0.958333333333333
0.9999999999999997
0.0
0.8888888888888886
0.8888888888888886
0.8888888888888886
0.8888888888888886
0.8888888888888886
0.8888888888888886
0.8888888888888886
0.8888888888888886
0.7378647873726218
0.8432740427115678
0.8888888888888886
0.8888888888888886
0.8888888888888886
0.8888888888888886
0.8888888888888886
0.8888888888888886
0.8888888888888886
0.8888888888888886
0.8888888888888886
0.8888888888888886
0.8888888888888886
0.8888888888888886
0.8888888888888886
0.8888888888888886
0.8888888888888886
0.7378647873726218
0.8432740427115678
0.8888888888888886
0.8888888888888886
0.8888888888888886
0.8888888888888886
0.8888888888888886
0.8888888888888886
0.8888888888888886
0.8888888888888886
0.8888888888888886
0.8888888888888886
0.8888888888888886
0.8888888888888886
0.8888888888888886
0.7777777777777776
0.8888888888888886
0.8888888888888886
0.8888888888888886
0.8888888888888886
0.8888888888888886
0.8888888888888886
0.8888888888888886
0.8888888888888886
0.8888888888888886
0.8888888888888886
0.8888888888888886
0.8888888888888886
0.8888888888888886
0.8888888888888886
0.8888888888888886
0.8888888888888886
0.8888888888888886
0.7378647873726218
0.8432740427115678
0.8888888888888886
0.8888888888888886
0.8888888888888886
0.8888888888888886
0.8888888888888886
0.8888888888888886
0.8888888888888886
0.8888888888888886
0.8888888888888886
0.8888888888888886
0.8888888888888886
0.8888888888888886
0.8888888888888886
0.8888888888888886
0.7378647873726218
0.8432740427115678
0.8888888888888886
0.8888888888888886
0.8888888888888886
0.8888888888888886
0.8888888888888886
0.8888888888888886
0.8888888888888886
0.8888888888888886
0.8888888888888886
0.8888888888888886
0.8888888888888886
0.8888888888888886
0.8888888888888886
0.0
0.916666666666667
0.916666666666667
0.916666666666667
0.916666666666667
0.916666666666667
0.916666666666667
0.916666666666667
0.916666666666667
0.916666666666667
0.916666666666667
0.916666666666667
0.8807048459279794
0.8807048459279794
0.916666666666667
0.916666666666667
0.916666666666667
0.916666666666667
0.916666666666667
0.916666666666667
0.916666666666667
0.916666666666667
0.916666666666667
0.916666666666667
0.916666666666667
0.916666666666667
0.916666666666667
0.916666666666667
0.0
0.9767441860465118
0.9777538105996058
0.9777538105996058
0.9777538105996058
0.9777538105996058
0.9767441860465118
0.9777538105996058
0.9777538105996058
0.9767441860465118
0.9767441860465118
0.9767441860465118
0.9777538105996058
0.9756427153298839
0.9764672918705589
0.9767441860465118
0.9767441860465118
0.9767441860465118
0.9767441860465118
0.9764672918705589
0.9764672918705589
0.9767441860465118
0.9767441860465118
0.9767441860465118
0.9767441860465118
0.9767441860465118
0.9767441860465118
0.9767441860465118
0.9767441860465118
0.9425910042369909
0.965581028730576
0.9767441860465118
0.9767441860465118
0.9767441860465118
0.9767441860465118
0.9767441860465118
0.9767441860465118
0.9767441860465118
0.9767441860465118
0.9767441860465118
0.9767441860465118
0.9767441860465118
0.9767441860465118
0.9767441860465118
0.9767441860465118
0.08459098688756271
0.8807048459279794
0.8807048459279794
0.9230769230769235
0.9230769230769235
0.9230769230769235
0.9230769230769235
0.9230769230769235
0.9230769230769235
0.9230769230769235
0.9230769230769235
0.9230769230769235
0.8153742483272114
0.8894991799933215
0.9230769230769235
0.9230769230769235
0.9230769230769235
0.9230769230769235
0.9230769230769235
0.9230769230769235
0.9230769230769235
0.9230769230769235
0.9230769230769235
0.9230769230769235
0.9230769230769235
0.9230769230769235
0.9230769230769235
0.9230769230769235
0.9230769230769235
0.9230769230769235
0.9230769230769235
0.8461538461538465
0.8807048459279794
0.8807048459279794
0.8461538461538465
0.9230769230769235
0.9230769230769235
0.9230769230769235
0.9230769230769235
0.9230769230769235
0.9230769230769235
0.9230769230769235
0.9230769230769235
0.9230769230769235
0.9230769230769235
0.9230769230769235
0.9230769230769235
0.8461538461538465
0.9230769230769235
0.9230769230769235
0.9230769230769235
0.9230769230769235
0.9230769230769235
0.9230769230769235
0.9230769230769235
0.9230769230769235
0.9230769230769235
0.9230769230769235
0.9230769230769235
0.9230769230769235
0.9230769230769235
0.9230769230769235
0.9230769230769235
0.9230769230769235
0.8153742483272114
0.8894991799933215
0.9230769230769235
0.9230769230769235
0.9230769230769235
0.9230769230769235
0.9230769230769235
0.9230769230769235
0.9230769230769235
0.9230769230769235
0.9230769230769235
0.9230769230769235
1.0000000000000004
0.8153742483272114
0.8894991799933215
0.9230769230769235
0.9230769230769235
0.9230769230769235
0.9230769230769235
0.9230769230769235
0.9230769230769235
0.9230769230769235
0.9230769230769235
0.9230769230769235
0.8153742483272114
0.8894991799933215
0.9230769230769235
0.9230769230769235
0.9230769230769235
0.9230769230769235
0.9230769230769235
0.9230769230769235
0.9230769230769235
0.9230769230769235
0.9230769230769235
0.9230769230769235
0.9230769230769235
0.9230769230769235
0.9230769230769235
0.9230769230769235
0.9230769230769235
0.9230769230769235
0.9230769230769235
0.8461538461538465
0.9230769230769235
0.9230769230769235
0.9230769230769235
0.9230769230769235
0.9230769230769235
0.9230769230769235
0.9230769230769235
0.9230769230769235
0.9230769230769235
0.9230769230769235
0.9230769230769235
0.9230769230769235
0.9230769230769235
0.9230769230769235
0.8153742483272114
0.8894991799933215
0.9230769230769235
0.9230769230769235
0.9230769230769235
0.9230769230769235
0.9230769230769235
0.9230769230769235
0.9230769230769235
0.9230769230769235
0.9230769230769235
0.9230769230769235
0.9230769230769235
0.9230769230769235
0.8153742483272114
0.8894991799933215
0.9230769230769235
0.9230769230769235
0.9230769230769235
0.9230769230769235
0.9230769230769235
0.9230769230769235
0.9230769230769235
0.9230769230769235
0.9230769230769235
0.9230769230769235
0.9230769230769235
0.9230769230769235
0.07161148740394328
0.9333333333333331
0.9333333333333331
0.9333333333333331
0.9333333333333331
0.9333333333333331
0.9333333333333331
0.9333333333333331
0.9333333333333331
0.9333333333333331
0.9333333333333331
0.9333333333333331
0.9333333333333331
0.9333333333333331
0.9333333333333331
0.9036961141150636
0.9036961141150636
0.9333333333333331
0.9333333333333331
0.9333333333333331
0.9333333333333331
0.9333333333333331
0.9333333333333331
0.9333333333333331
0.9333333333333331
0.9333333333333331
0.9333333333333331
0.9333333333333331
0.0
0.9045340337332909
0.9045340337332909
0.9090909090909093
0.9090909090909093
0.9045340337332909
0.9045340337332909
0.9090909090909093
0.9090909090909093
0.7833494518006403
0.8703882797784892
0.9090909090909093
0.9090909090909093
0.9090909090909093
0.9090909090909093
0.9090909090909093
0.9090909090909093
0.9090909090909093
0.9090909090909093
0.9090909090909093
0.9090909090909093
0.9090909090909093
0.9090909090909093
0.9090909090909093
0.9090909090909093
0.9090909090909093
0.7833494518006403
0.8703882797784892
0.9090909090909093
0.9090909090909093
0.9090909090909093
0.9090909090909093
0.9090909090909093
0.9090909090909093
0.9090909090909093
0.9090909090909093
0.9090909090909093
0.9090909090909093
0.9090909090909093
0.0
0.9146591207600475
0.9444444444444448
0.9444444444444448
0.9444444444444448
0.9444444444444448
0.9444444444444448
0.9444444444444448
0.9733285267845755
0.9733285267845755
0.9444444444444448
0.9444444444444448
0.9444444444444448
0.9444444444444448
0.9444444444444448
0.9444444444444448
0.9444444444444448
0.9444444444444448
0.8651809126974004
0.9192547197409879
0.9444444444444448
0.9444444444444448
0.9444444444444448
0.9444444444444448
0.9444444444444448
0.9444444444444448
0.9444444444444448
0.9444444444444448
0.9444444444444448
0.9444444444444448
0.9444444444444448
0.032686022523030676
0.9903379376602878
0.9803921568627454
0.9803921568627454
0.9803921568627454
0.9803921568627454
0.9803921568627454
0.9803921568627454
0.9803921568627454
0.9804088442468011
0.9804088442468011
0.9803921568627454
0.9803921568627454
0.9801960588196067
0.9801960588196067
0.9803921568627454
0.9801960588196067
0.9801960588196067
0.9803921568627454
0.9803921568627454
0.9803921568627454
0.9803921568627454
0.9804088442468011
0.9804088442468011
0.9803921568627454
0.9804088442468011
0.9804088442468011
0.9803921568627454
0.9803921568627454
0.9803921568627454
0.9801960588196067
0.9801960588196067
0.9803921568627454
0.9803921568627454
0.9803921568627454
0.9801960588196067
0.9801960588196067
0.9803921568627454
0.9803921568627454
0.97034459211714
0.97034459211714
0.9607843137254904
0.9803921568627454
0.9803921568627454
0.9803921568627454
0.9803921568627454
0.9803921568627454
0.9803921568627454
0.9803921568627454
0.9803921568627454
0.9803921568627454
0.9803921568627454
0.9803921568627454
0.9803921568627454
0.9515011557912568
0.9709195467257723
0.9803921568627454
0.9803921568627454
0.9803921568627454
0.9803921568627454
0.9803921568627454
0.9803921568627454
0.9803921568627454
0.9803921568627454
0.9803921568627454
0.9803921568627454
0.9803921568627454
0.9803921568627454
0.9803921568627454
0.9607843137254904
0.9803921568627454
0.9803921568627454
0.9803921568627454
0.9803921568627454
0.9803921568627454
0.9803921568627454
0.9803921568627454
0.9803921568627454
0.9803921568627454
0.9803921568627454
0.9803921568627454
0.9515011557912568
0.9709195467257723
0.9803921568627454
0.9803921568627454
0.9803921568627454
0.9803921568627454
0.9803921568627454
0.9803921568627454
0.9803921568627454
0.9803921568627454
0.9803921568627454
0.9803921568627454
0.9803921568627454
0.9803921568627454
0.9515011557912568
0.9709195467257723
0.9803921568627454
0.9803921568627454
0.9803921568627454
0.9803921568627454
0.9803921568627454
0.9803921568627454
0.9803921568627454
0.9803921568627454
0.9803921568627454
0.9803921568627454
0.9803921568627454
0.9515011557912568
0.9709195467257723
0.9803921568627454
0.9803921568627454
0.9803921568627454
0.9803921568627454
0.9803921568627454
0.9803921568627454
0.9803921568627454
0.9803921568627454
0.9803921568627454
0.9803921568627454
0.9803921568627454
0.9803921568627454
0.9803921568627454
0.9607843137254904
0.9803921568627454
0.9803921568627454
0.9803921568627454
0.9803921568627454
0.9803921568627454
0.9803921568627454
0.9803921568627454
0.9803921568627454
0.9803921568627454
0.9803921568627454
0.9803921568627454
0.9515011557912568
0.9709195467257723
0.9803921568627454
0.9803921568627454
0.9803921568627454
0.9803921568627454
0.9803921568627454
0.9803921568627454
0.9803921568627454
0.9803921568627454
0.9803921568627454
0.9803921568627454
0.9803921568627454
0.9803921568627454
0.9803921568627454
0.9803921568627454
0.9515011557912568
0.9709195467257723
0.9803921568627454
0.9803921568627454
0.9803921568627454
0.9803921568627454
0.9803921568627454
0.9803921568627454
0.9803921568627454
0.9803921568627454
0.9803921568627454
0.9803921568627454
0.9803921568627454
0.9803921568627454
0.9803921568627454
0.9803921568627454
0.9803921568627454
0.9803921568627454
0.9803921568627454
0.9709195467257723
0.9709195467257723
0.9803921568627454
0.9803921568627454
0.9803921568627454
0.9803921568627454
0.9803921568627454
0.9803921568627454
0.9803921568627454
0.9803921568627454
0.9803921568627454
0.9803921568627454
0.9803921568627454
0.9607843137254904
0.9803921568627454
0.9803921568627454
0.9803921568627454
0.9803921568627454
0.9803921568627454
0.9803921568627454
0.9515011557912568
0.9709195467257723
0.9803921568627454
0.9803921568627454
0.9803921568627454
0.9803921568627454
0.9803921568627454
0.9803921568627454
0.9803921568627454
0.9803921568627454
0.9803921568627454
0.9803921568627454
0.9803921568627454
0.9803921568627454
0.9803921568627454
0.9803921568627454
0.9803921568627454
0.9515011557912568
0.9709195467257723
0.9803921568627454
0.9803921568627454
0.9803921568627454
0.9803921568627454
0.9803921568627454
0.9803921568627454
0.9803921568627454
0.9803921568627454
0.9803921568627454
0.9803921568627454
0.9803921568627454
0.9803921568627454
0.9803921568627454
0.9803921568627454
0.9515011557912568
0.9709195467257723
0.9803921568627454
0.9803921568627454
0.9803921568627454
0.9803921568627454
0.9803921568627454
0.9803921568627454
0.9803921568627454
0.9803921568627454
0.9803921568627454
0.9803921568627454
0.9803921568627454
0.9803921568627454
0.9803921568627454
0.9803921568627454
0.9803921568627454
0.9803921568627454
0.9803921568627454
0.9803921568627454
0.97034459211714
0.97034459211714
0.9607843137254904
0.9803921568627454
0.9803921568627454
0.9803921568627454
0.9803921568627454
0.9803921568627454
0.9803921568627454
0.9803921568627454
0.9803921568627454
0.9411764705882355
0.97034459211714
0.9800000000000003
0.9800000000000003
0.9800000000000003
0.9800000000000003
0.9800000000000003
0.9800000000000003
0.9800000000000003
0.9800000000000003
0.9800000000000003
0.9800000000000003
0.9800000000000003
0.9800000000000003
0.9800000000000003
0.9800000000000003
0.9800000000000003
0.9800000000000003
0.9800000000000003
0.9800000000000003
0.9505416412576065
0.97034459211714
0.9800000000000003
0.9800000000000003
0.9800000000000003
0.9800000000000003
0.9800000000000003
0.9800000000000003
0.9800000000000003
0.9800000000000003
0.9800000000000003
0.9800000000000003
0.9800000000000003
0.9800000000000003
0.9600000000000003
0.9800000000000003
0.9800000000000003
0.9800000000000003
0.9800000000000003
0.9800000000000003
0.9800000000000003
0.9800000000000003
0.9800000000000003
0.9800000000000003
0.9800000000000003
0.9800000000000003
0.9800000000000003
0.9800000000000003
0.9800000000000003
0.9800000000000003
0.9800000000000003
0.9600000000000003
0.9800000000000003
0.9800000000000003
0.9800000000000003
0.9800000000000003
0.9800000000000003
0.9800000000000003
0.9800000000000003
0.9800000000000003
0.9800000000000003
0.9800000000000003
0.9600000000000003
0.9800000000000003
0.9800000000000003
0.9800000000000003
0.9800000000000003
0.9800000000000003
0.9800000000000003
0.9800000000000003
0.9800000000000003
0.9800000000000003
0.9800000000000003
0.9800000000000003
0.9800000000000003
0.9800000000000003
0.9800000000000003
0.9505416412576065
0.97034459211714
0.9800000000000003
0.9800000000000003
0.9800000000000003
0.9800000000000003
0.9800000000000003
0.9800000000000003
0.9800000000000003
0.9800000000000003
0.9800000000000003
0.9800000000000003
0.9800000000000003
0.9800000000000003
0.97034459211714
0.97034459211714
0.9800000000000003
0.9800000000000003
0.9800000000000003
0.9800000000000003
0.9800000000000003
0.9800000000000003
0.9800000000000003
0.9800000000000003
0.9800000000000003
0.9800000000000003
0.9899494936611671
0.21137012653545936
0.9740215340114139
0.9743589743589748
0.9743589743589748
0.9743589743589748
0.9743589743589748
0.9743589743589748
0.9743589743589748
0.9743589743589748
0.974021534011414
0.974021534011414
0.9743589743589748
0.974021534011414
0.974021534011414
0.9611200169123422
0.9611200169123422
0.9743589743589748
0.9743589743589748
0.9743589743589748
0.9740215340114139
0.9740215340114139
0.9743589743589748
0.9743589743589748
0.9743589743589748
0.9743589743589748
0.9743589743589748
0.9743589743589748
0.9743589743589748
0.9743589743589748
0.9743589743589748
0.9743589743589748
0.9743589743589748
0.9743589743589748
0.9743589743589748
0.9367839145523921
0.9621023987294838
0.9743589743589748
0.9743589743589748
0.9743589743589748
0.9743589743589748
0.9743589743589748
0.9743589743589748
0.9743589743589748
0.9743589743589748
0.9743589743589748
0.9743589743589748
0.9743589743589748
0.9743589743589748
0.9743589743589748
0.9743589743589748
0.9743589743589748
0.9743589743589748
0.9621023987294838
0.9621023987294838
0.9743589743589748
0.9743589743589748
0.9743589743589748
0.9743589743589748
0.9743589743589748
0.9743589743589748
0.9743589743589748
0.9743589743589748
0.9743589743589748
0.9743589743589748
0.9743589743589748
0.9743589743589748
0.9743589743589748
0.9743589743589748
0.9743589743589748
0.9743589743589748
0.9743589743589748
0.0
0.8888888888888886
0.8888888888888886
0.8888888888888886
0.8888888888888886
0.8888888888888886
0.8888888888888886
0.8888888888888886
0.8888888888888886
0.7777777777777776
0.8888888888888886
0.8888888888888886
0.8888888888888886
0.8888888888888886
0.8888888888888886
0.8888888888888886
0.8888888888888886
0.8888888888888886
0.8888888888888886
0.8888888888888886
0.8888888888888886
0.7777777777777776
0.8888888888888886
0.8888888888888886
0.8888888888888886
0.8888888888888886
0.8888888888888886
0.8888888888888886
