0.9444444444444448
0.9444444444444448
0.9444444444444448
0.9444444444444448
0.9444444444444448
0.9444444444444448
0.9733285267845755
0.9733285267845755
0.0
0.0
0.9444444444444448
0.9444444444444448
0.9444444444444448
0.10540925533894599
0.10540925533894599
0.9444444444444448
0.9733285267845755
0.9733285267845755
0.05407380704358751
0.05407380704358751
0.9444444444444448
0.9444444444444448
0.9444444444444448
0.0
0.0
0.9192547197409879
0.9444444444444448
0.9444444444444448
0.22271770159368698
0.22271770159368698
0.9444444444444448
0.9444444444444448
0.9444444444444448
0.19611613513818407
0.19611613513818407
0.9444444444444448
0.9444444444444448
0.9444444444444448
0.1666666666666667
0.1666666666666667
0.0
0.75
0.75
0.0
0.0
0.4472135954999579
0.6708203932499369
0.75
0.0
0.0
0.75
0.75
0.75
0.0
0.0
0.75
0.75
0.75
0.07624928516630233
0.07624928516630233
0.75
0.75
0.4472135954999579
0.08770580193070293
0.09805806756909202
0.75
0.75
0.75
0.0
0.0
0.75
0.75
0.75
0.1386750490563073
0.1386750490563073
0.75
0.75
0.75
0.21004201260420147
0.21004201260420147
0.75
0.75
0.75
0.16012815380508713
0.16012815380508713
0.75
0.4472135954999579
0.6708203932499369
0.0
0.0
0.75
0.75
0.75
0.0
0.0
0.75
0.75
0.75
0.09128709291752768
0.09128709291752768
0.75
0.75
0.75
0.0
0.0
0.75
0.75
0.75
0.10425720702853739
0.10425720702853739
0.75
0.11470786693528087
0.947368421052631
0.07254762501100116
0.07254762501100116
0.947368421052631
0.947368421052631
0.947368421052631
0.0512989176042577
0.052704627669472995
0.9192547197409879
0.947368421052631
0.947368421052631
0.12369267399882333
0.12369267399882333
0.947368421052631
0.947368421052631
0.947368421052631
0.13679711361135385
0.13679711361135385
0.947368421052631
0.947368421052631
0.947368421052631
0.08520286456846099
0.08304547985373996
0.9233805168766381
0.947368421052631
0.947368421052631
0.047836487323493986
0.047836487323493986
0.947368421052631
0.947368421052631
0.947368421052631
0.1538967528127731
0.1538967528127731
0.947368421052631
0.947368421052631
0.947368421052631
0.15294382258037448
0.15294382258037448
0.12725695259515554
0.9230769230769235
0.9230769230769235
0.0
0.0
0.9230769230769235
0.9230769230769235
0.9230769230769235
0.12104550653376049
0.12104550653376049
0.9230769230769235
0.9230769230769235
0.9230769230769235
0.11566298639324805
0.11566298639324805
0.9230769230769235
0.8153742483272114
0.8894991799933215
0.18156825980064073
0.18156825980064073
0.9230769230769235
0.9230769230769235
0.9230769230769235
0.24019223070763074
0.2314550249431379
0.8894991799933215
0.9230769230769235
0.9230769230769235
0.23782574707724702
0.23782574707724702
0.9230769230769235
0.9230769230769235
0.9230769230769235
0.20254787341673333
0.20254787341673333
0.9230769230769235
0.9230769230769235
0.9230769230769235
0.21398024625545647
0.21398024625545647
0.9230769230769235
0.9230769230769235
0.9230769230769235
0.1307440900921227
0.1307440900921227
0.9230769230769235
0.9230769230769235
0.9230769230769235
0.20965696734438366
0.20965696734438366
0.9230769230769235
0.9230769230769235
0.9230769230769235
0.11538461538461539
0.11538461538461539
0.9230769230769235
0.054392829322042126
0.9805806756909202
0.0
0.0
0.9389710680668849
0.9600000000000003
0.9600000000000003
0.0
0.0
0.9805806756909202
0.9600000000000003
0.9600000000000003
0.0
0.0
0.9600000000000003
0.9600000000000003
0.9600000000000003
0.0
0.0
0.9805806756909202
0.9591663046625443
0.9591663046625443
0.09607689228305229
0.09607689228305229
0.9600000000000003
0.9600000000000004
0.9600000000000003
0.053452248382484885
0.08017837257372733
0.9600000000000004
0.9591663046625443
0.8996469021204837
0.0
0.0
0.9600000000000003
0.9600000000000003
0.9600000000000003
0.06099942813304187
0.06099942813304187
0.9600000000000003
0.9600000000000003
0.9600000000000003
0.030860669992418384
0.030860669992418384
0.9600000000000003
0.9600000000000003
0.9200000000000004
0.0
0.0
0.9413574486632834
0.9413574486632834
0.9600000000000003
0.0
0.0
0.9600000000000003
0.9600000000000003
0.9600000000000003
0.022941573387056175
0.022941573387056175
1.0000000000000002
0.9021342216356466
0.9615384615384615
0.028915746598312014
0.028915746598312014
0.9615384615384615
0.9615384615384615
0.9615384615384615
0.0
0.0
0.9615384615384615
0.9615384615384615
0.9615384615384615
0.04622501635210244
0.04622501635210244
0.9615384615384615
0.9615384615384615
0.9615384615384615
0.04089304100547654
0.04089304100547654
0.905821627315677
0.9435641951204968
0.9615384615384615
0.0
0.0
0.9615384615384615
0.9615384615384615
0.9615384615384615
0.0
0.0
0.9615384615384615
0.9615384615384615
0.9615384615384615
0.04902903378454601
0.04902903378454601
0.9615384615384615
0.9615384615384615
0.9615384615384615
0.10741723110591493
0.10741723110591493
0.9615384615384615
0.905821627315677
0.9435641951204968
0.04756514941544941
0.04756514941544941
0.9615384615384615
0.9615384615384615
0.9615384615384615
0.06537204504606134
0.06537204504606134
0.9615384615384615
0.9615384615384615
0.9615384615384615
0.08178608201095308
0.08178608201095308
0.905821627315677
0.9435641951204968
0.9615384615384615
0.10482848367219184
0.10482848367219184
0.9615384615384615
0.9615384615384615
0.9615384615384615
0.0
0.0
0.9615384615384615
0.9615384615384615
0.9615384615384615
0.054392829322042126
0.054392829322042126
0.9615384615384615
0.9615384615384615
0.9615384615384615
0.0
0.0
0.9021342216356466
0.9389710680668849
0.958333333333333
0.0
0.0
0.958333333333333
0.958333333333333
0.958333333333333
0.09128709291752769
0.09128709291752769
0.958333333333333
0.958333333333333
0.958333333333333
0.0
0.0
0.958333333333333
0.958333333333333
0.9166666666666664
0.0
0.0
0.958333333333333
0.958333333333333
0.958333333333333
0.0
0.0
0.958333333333333
0.958333333333333
0.960768922830523
0.11766968108291043
0.12247448713915893
0.958333333333333
0.958333333333333
0.958333333333333
0.0
0.0
0.958333333333333
0.958333333333333
0.958333333333333
0.07106690545187017
0.07106690545187017
0.958333333333333
0.958333333333333
0.958333333333333
0.0
0.0
0.958333333333333
0.8981462390204986
0.9389710680668849
0.0
0.0
0.958333333333333
0.958333333333333
0.958333333333333
0.0
0.0
0.958333333333333
0.958333333333333
0.958333333333333
0.0997509336107633
0.0997509336107633
0.958333333333333
0.958333333333333
0.958333333333333
0.04811252243246882
0.04811252243246882
0.958333333333333
0.958333333333333
0.9166666666666664
0.06804138174397717
0.06804138174397717
0.9797958971132712
0.9389710680668849
0.958333333333333
0.056613851707229795
0.056613851707229795
0.958333333333333
0.9999999999999997
0.0
0.15294382258037448
0.15294382258037448
0.8888888888888886
0.8888888888888886
0.8888888888888886
0.0
0.07647191129018724
0.8888888888888886
0.8888888888888886
0.8888888888888886
0.0
0.0
0.8432740427115678
0.8888888888888886
0.8888888888888886
0.0
0.0
0.8888888888888886
0.8888888888888886
0.8888888888888886
0.17213259316477406
0.17213259316477406
0.8888888888888886
0.8888888888888886
0.8888888888888886
0.07453559924999298
0.07453559924999298
0.8888888888888886
0.8888888888888886
0.8888888888888886
0.0
0.0
0.7378647873726218
0.8432740427115678
0.8888888888888886
0.16666666666666666
0.16666666666666666
0.8888888888888886
0.8888888888888886
0.8888888888888886
0.13900960937138318
0.13900960937138318
0.8888888888888886
0.8888888888888886
0.8888888888888886
0.0
0.0
0.8888888888888886
0.8888888888888886
0.8888888888888886
0.0
0.0
0.8888888888888886
0.8888888888888886
0.8888888888888886
0.07106690545187014
0.07106690545187014
0.8888888888888886
0.8888888888888886
0.8888888888888886
0.18144368465060579
0.18144368465060579
0.8888888888888886
0.8888888888888886
0.8888888888888886
0.25
0.25
0.8888888888888886
0.8888888888888886
0.8888888888888886
0.16169041669088863
0.16169041669088863
0.8888888888888886
0.7378647873726218
0.8432740427115678
0.06950480468569159
0.06950480468569159
0.8888888888888886
0.8888888888888886
0.8888888888888886
0.0
0.0
0.8888888888888886
0.8888888888888886
0.8888888888888886
0.0
0.0
0.8888888888888886
0.8888888888888886
0.8888888888888886
0.10259783520851541
0.10259783520851541
0.8888888888888886
0.7378647873726218
0.8432740427115678
0.0
0.0
0.8888888888888886
0.8888888888888886
0.8888888888888886
0.11433239009500587
0.11433239009500587
0.8888888888888886
0.8888888888888886
0.8888888888888886
0.08084520834544431
0.08084520834544431
0.8888888888888886
0.8888888888888886
0.8888888888888886
0.0
0.0
0.0
0.916666666666667
0.916666666666667
0.056613851707229795
0.056613851707229795
0.916666666666667
0.916666666666667
0.916666666666667
0.06019292654288461
0.06019292654288461
0.916666666666667
0.916666666666667
0.916666666666667
0.056613851707229795
0.056613851707229795
0.8807048459279794
0.8807048459279794
0.916666666666667
0.1986798535597566
0.1986798535597566
0.916666666666667
0.916666666666667
0.916666666666667
0.09622504486493763
0.09622504486493763
0.916666666666667
0.916666666666667
0.916666666666667
0.0
0.0
0.916666666666667
0.916666666666667
0.916666666666667
0.17407765595569785
0.17407765595569785
0.0
0.9767441860465118
0.9777538105996058
0.18316875326179907
0.19822791512600965
0.9777538105996058
0.9777538105996058
0.9767441860465118
0.1113692092779409
0.12006004503753284
0.9777538105996058
0.9767441860465118
0.9767441860465118
0.25776963111323353
0.25776963111323353
0.9777538105996058
0.9756427153298839
0.9764672918705589
0.0
0.0
0.9767441860465118
0.9767441860465118
0.9767441860465118
0.042295493443781355
0.043314808182421
0.9764672918705589
0.9767441860465118
0.9767441860465118
0.0
0.0
0.9767441860465118
0.9767441860465118
0.9767441860465118
0.1891511969643836
0.24589655605369867
0.9767441860465118
0.9425910042369909
0.965581028730576
0.19687480773953941
0.19687480773953941
0.9767441860465118
0.9767441860465118
0.9767441860465118
0.08972229068318688
0.08972229068318688
0.9767441860465118
0.9767441860465118
0.9767441860465118
0.07397267214553091
0.07397267214553091
0.9767441860465118
0.9767441860465118
0.9767441860465118
0.130051217752471
0.130051217752471
0.9767441860465118
0.11812488464372366
0.9333333333333331
0.10540925533894598
0.10540925533894598
0.9333333333333331
0.9333333333333331
0.9333333333333331
0.12909944487358055
0.12909944487358055
0.9333333333333331
0.9333333333333331
0.9333333333333331
0.0
0.0
0.9333333333333331
0.9333333333333331
0.9333333333333331
0.1333333333333333
0.1333333333333333
0.9036961141150636
0.9036961141150636
0.9333333333333331
0.24397501823713325
0.24397501823713325
0.9333333333333331
0.9333333333333331
0.9333333333333331
0.10127393670836665
0.10127393670836665
0.9333333333333331
0.9333333333333331
0.9333333333333331
0.17457431218879385
0.17457431218879385
0.9333333333333331
0.0
0.9045340337332909
0.0
0.0
0.9090909090909093
0.9090909090909093
0.9045340337332909
0.0
0.0
0.9090909090909093
0.9090909090909093
0.7833494518006403
0.0
0.0
0.9090909090909093
0.9090909090909093
0.9090909090909093
0.0
0.0
0.9090909090909093
0.9090909090909093
0.9090909090909093
0.0
0.0
0.9090909090909093
0.9090909090909093
0.9090909090909093
0.0
0.0
0.9090909090909093
0.9090909090909093
0.9090909090909093
0.0
0.0
0.8703882797784892
0.9090909090909093
0.9090909090909093
0.0
0.0
0.9090909090909093
0.9090909090909093
0.9090909090909093
0.0
0.0
0.9090909090909093
0.9090909090909093
0.9090909090909093
0.0
0.0
0.0
0.8807048459279794
0.8807048459279794
0.06362847629757777
0.06362847629757777
0.9230769230769235
0.9230769230769235
0.9230769230769235
0.12403473458920845
0.12403473458920845
0.9230769230769235
0.9230769230769235
0.9230769230769235
0.19611613513818407
0.19611613513818407
0.8153742483272114
0.8894991799933215
0.9230769230769235
0.11826247919781652
0.11826247919781652
0.9230769230769235
0.9230769230769235
0.9230769230769235
0.09245003270420485
0.09245003270420485
0.9230769230769235
0.9230769230769235
0.9230769230769235
0.11826247919781652
0.11826247919781652
0.9230769230769235
0.9230769230769235
0.9230769230769235
0.06201736729460423
0.06201736729460423
0.9230769230769235
0.9230769230769235
0.9230769230769235
0.0
0.0
0.8807048459279794
0.8807048459279794
0.8461538461538465
0.0
0.0
0.9230769230769235
0.9230769230769235
0.9230769230769235
0.1283881477532739
0.1283881477532739
0.9230769230769235
0.9230769230769235
0.9230769230769235
0.08006407690254358
0.08006407690254358
0.9230769230769235
0.9230769230769235
0.9230769230769235
0.19418390934515434
0.19418390934515434
0.9230769230769235
0.9230769230769235
0.9230769230769235
0.1849000654084097
0.1849000654084097
0.9230769230769235
0.9230769230769235
0.9230769230769235
0.18156825980064073
0.18156825980064073
0.9230769230769235
0.9230769230769235
0.9230769230769235
0.12403473458920847
0.12403473458920847
0.9230769230769235
0.9230769230769235
0.9230769230769235
0.1386750490563073
0.1386750490563073
0.8153742483272114
0.8894991799933215
0.9230769230769235
0.0
0.0
0.9230769230769235
0.9230769230769235
0.9230769230769235
0.07692307692307693
0.07692307692307693
0.9230769230769235
0.9230769230769235
0.9230769230769235
0.0
0.0
1.0000000000000004
0.8153742483272114
0.8894991799933215
0.08459098688756271
0.08459098688756271
0.9230769230769235
0.9230769230769235
0.9230769230769235
0.10832372170111786
0.10832372170111786
0.9230769230769235
0.9230769230769235
0.9230769230769235
0.15384615384615385
0.15384615384615385
0.8153742483272114
0.8894991799933215
0.9230769230769235
0.06201736729460423
0.06201736729460423
0.9230769230769235
0.9230769230769235
0.9230769230769235
0.08006407690254358
0.08006407690254358
0.9230769230769235
0.9230769230769235
0.9230769230769235
0.23076923076923078
0.23076923076923078
0.9230769230769235
0.9230769230769235
0.9230769230769235
0.28644594961577313
0.28644594961577313
0.9230769230769235
0.9230769230769235
0.9230769230769235
0.0
0.0
0.9230769230769235
0.9230769230769235
0.9230769230769235
0.05783149319662403
0.05783149319662403
0.9230769230769235
0.9230769230769235
0.9230769230769235
0.05063696835418333
0.05063696835418333
0.9230769230769235
0.9230769230769235
0.9230769230769235
0.2545139051903111
0.2545139051903111
0.9230769230769235
0.9230769230769235
0.8153742483272114
0.12371791482634838
0.1283881477532739
0.9230769230769235
0.9230769230769235
0.9230769230769235
0.06726727939963124
0.06726727939963124
0.9230769230769235
0.9230769230769235
0.9230769230769235
0.09119215051751065
0.09119215051751065
0.9230769230769235
0.9230769230769235
0.9230769230769235
0.12403473458920845
0.12403473458920845
0.8153742483272114
0.8894991799933215
0.9230769230769235
0.10482848367219183
0.10482848367219183
0.9230769230769235
0.9230769230769235
0.9230769230769235
0.06726727939963124
0.06726727939963124
0.9230769230769235
0.9230769230769235
0.9230769230769235
0.05337605126836238
0.05337605126836238
0.9230769230769235
0.9230769230769235
0.0
0.0
0.0
0.8888888888888886
0.8888888888888886
0.8888888888888886
0.0
0.0
0.8888888888888886
0.8888888888888886
0.8888888888888886
0.0
0.0
0.8888888888888886
0.8888888888888886
0.8888888888888886
0.03316790634033297
0.03316790634033297
0.8888888888888886
0.8888888888888886
0.8888888888888886
0.0656886185442862
0.0656886185442862
0.8888888888888886
0.8888888888888886
0.8888888888888886
0.0
0.0
0.8888888888888886
0.8888888888888886
0.8888888888888886
0.09428090415820634
0.09428090415820634
0.8888888888888886
0.8888888888888886
0.08084520834544431
0.058823529411764705
0.05716619504750295
0.9444444444444448
0.9444444444444448
0.9444444444444448
0.0
0.074535599249993
0.9444444444444448
0.9444444444444448
0.9733285267845755
0.04335549847620599
0.0445435403187374
0.9444444444444448
0.9444444444444448
0.9444444444444448
0.10540925533894599
0.10540925533894599
0.9444444444444448
0.9444444444444448
0.9444444444444448
0.11288091024643274
0.11288091024643274
0.8651809126974004
0.9192547197409879
0.9444444444444448
0.15075567228888181
0.15075567228888181
0.9444444444444448
0.9444444444444448
0.9444444444444448
0.0
0.0
0.9444444444444448
0.9444444444444448
0.9444444444444448
0.22360679774997902
0.22360679774997902
0.9444444444444448
