0.8665082621387432
0.914237356856033
0.8764578409525497
0.8616176892160822
0.8120443478862004
0.7215139309390792
0.7935688334361674
0.8245649368269644
0.8802643622201084
0.8119919066267616
0.7567440373111114
0.7879091000896453
0.7454913510903842
0.8368254440888652
0.846271001197414
0.8156327910269637
0.7715350930269304
0.7050609582555095
0.7616137131332721
0.7854895526923995
0.7695903967000112
0.7701648767944065
0.8105035764286515
0.8116106685739034
0.8141968405416933
0.8870139827964502
0.8589898038237002
0.8290182051334135
0.8538017453964506
0.76507800048904
0.7474530734438306
0.8304082145465354
0.8401124229092282
0.7390247932802981
0.7607521850405516
0.762210197525922
0.7696148682977001
0.9212595886277527
0.9253919135875414
0.8050009071762453
0.7873046666504635
0.7538492556104655
0.7585436667085808
0.7951258982315941
0.8109779046274459
0.7857611875201013
0.8079369578805223
0.8247221779624851
0.7521328261059002
0.8466843111048388
0.9152312127502739
0.8049595449113915
0.7938977854318294
0.8369500517605689
0.7679524208470409
0.7362952431051766
0.7891918928390838
0.859495610305137
0.9281552080889012
0.8319863513010457
0.805552734039927
0.8694868717969618
0.7959608292975726
0.775287458790953
0.7468613662128709
0.849768013607493
0.947797771669752
0.8860533951080322
0.8442256714710707
0.8094157544607778
0.8084076310599743
0.7501554385294458
0.7959960404151599
0.8080735860537758
0.8395042718647332
0.8101345258491223
0.7679887264698773
0.820590867580047
0.8009719972701107
0.8468005443434108
0.8261556794248396
0.7910454340943442
0.7704072025742796
0.6787214958102403
0.8121564868129092
0.7880625520640757
0.8259614444716648
0.8977413253954062
0.8748321666414096
0.8134451370521234
0.8521832963478012
0.8501984585941321
0.859035456767716
0.8536090561527823
0.7975571378641888
0.8515827654531635
0.8165060040606674
0.7446023418137111
0.7253377983311746
0.7655036473245838
0.79450236571224
0.7216637036648558
0.7105112964689075
0.7621633461246808
0.85453200094836
0.8806182041989498
0.7907212198489135
0.8027918704906719
0.818671104918237
0.807001841134615
0.7946350292282317
0.8390735223682106
0.876353516984724
0.8406236631019569
0.7892185467577393
0.8302547072768477
0.8377384251210628
0.8229335909828899
0.7970074398870859
0.7674345505391317
0.7664597934289403
0.8485254229589096
0.8437261292464786
0.8468125633557766
0.8627287646205688
0.8593790879178363
0.7914783570547234
0.6707555309068831
0.8348881899032136
0.8041581206389817
0.7772200220142953
0.8074003691327355
0.8658005766514769
0.8150087853872597
0.8365389055176237
0.902136205011146
0.8983342244995112
0.7905322087166086
0.6959206483557417
0.7612392005834667
0.8298562614031838
0.8319863429410637
0.7417467839979373
0.8808014421875068
0.8175127062789376
0.786275372842152
0.8184551601809051
0.7958863137626966
0.7533318834182372
0.7365079994391143
0.7789961973257534
0.7239621739926058
0.7575926179857418
0.7927248426376485
0.7629281912699116
0.806096737797841
0.7589648562084886
0.8038682282081911
0.8085997224855999
0.8284058248857884
0.7502218488751283
0.8428466930885268
0.8283824007727093
0.7929207606774102
0.7709100287883258
0.834785513936484
0.8667531128010071
0.8187948682184066
0.6908636656089423
0.9045615553359693
0.8627947442124181
0.8149821784473582
0.8293941218484293
0.849512400391347
0.8435901830840589
0.8360023065610496
0.8615775716280778
0.8606834413427066
0.849488996588241
0.787310869498138
0.8341745570609318
0.7728650216484925
0.8429885940722779
0.8322835716153995
0.8034820725285434
0.8083531781576869
0.7766053017190899
0.7715880331913166
0.794346898562406
0.8297835427360716
0.8848980173253739
0.8681797136959919
0.796184959381845
0.8757651361515564
0.8584654134529195
0.8042622678418161
0.7477131403192179
0.775918671734405
0.8109888577191077
0.7854814853560297
0.7931513861500392
0.7732633109540482
0.7270796688784944
0.8016415928285184
0.8395598797493304
0.8340633199820441
0.8131055524476726
0.7423841488745766
0.7439033215297804
0.8188419228631126
0.7843137544820413
0.7868785643998573
0.8076268954946576
0.8505965582603271
0.8828065188345695
0.9237294260399145
0.8547667934059338
0.7645964705542639
0.8419726099372727
0.806950994309805
0.7534216246959325
0.7294843198011649
0.7342277057267422
0.7797357650703854
0.782297222572556
0.7750649497437442
0.7729332570959964
0.7516041885937923
0.7063079163980925
0.8047395136905967
0.9348147177534202
1.0
0.7947703170579643
0.7515363922667582
0.7457437237178514
0.7201985188923014
0.6132011686673837
0.7509906264628187
0.8644800022400456
0.8441033382759667
0.7767325929234035
0.748501843240425
0.8482651516098464
0.788787970137482
0.7515103021378605
0.7024045889574593
0.8045307393931791
0.8135701777696874
0.808835760697162
0.8098209497735501
0.8248687476428442
0.8374624363600427
0.8332516614622865
0.8165830850004803
0.7942919245058434
0.865303171720348
0.8489000839534487
0.8676410530513797
0.8321859455961361
0.7986209439926798
0.8942801727177689
0.8390199317785039
0.8003670025034599
0.8736652313582693
0.8861993751910805
0.7545616573093934
0.7068466943279297
0.743055118578936
0.8066798769334708
0.8727817638110392
0.854307303336078
0.7990286742258694
0.8086633765412643
0.877888761898436
0.8703671698317289
0.881625895636207
0.8530806792367044
0.8040940982053892
0.7963003510148795
0.8519611754842589
0.8187769479012661
0.6961583760903223
0.6857500042211457
0.825424027184443
0.6592294132566078
0.7127967063546526
0.7464526773195057
0.7893052466145156
0.7845716384132313
0.8287030489679478
0.7907441800773591
0.7397951433451284
0.7471012033862772
0.812935020240708
0.8060962083426906
0.7607960349681259
0.7059548933777641
0.7231201922494146
0.7392345531959745
0.7918506475722292
0.8140308837215559
0.7681142990771465
0.813985392717039
0.7997525668381701
0.7708718070006304
0.8106536516183975
0.8365020893816333
0.828708440626436
0.8212330556477339
0.7255309240730582
0.7811114002016016
0.7904789436731471
0.8155877403887429
0.8316128953242939
0.8001661319504597
0.7476495494601583
0.7412360644419729
0.6933927637237748
0.8620644722521221
0.8039745267532876
0.7838143197689877
0.7547753760601085
0.7702053478818052
0.7738533205854682
0.8184108678085
0.8738892608253359
0.8213718437542283
0.8410819402810549
0.7857749978903208
0.7808117471015409
0.7915769151628472
0.8366659416482775
0.8325691754698116
0.7782884391542374
0.7982759889192214
0.7711502660573853
0.7341956754978148
0.8275859555692062
0.8160358886688743
0.7995295949921409
0.8631746949924214
0.8395550913239876
0.8636335951669366
0.9290193684991221
0.8466428898660893
0.8010705594481202
0.8095015653358695
0.8355656276286996
0.8904333280869938
0.8625828578172497
0.8229045243585961
0.8810507276227101
0.8447566826385191
0.7869569157747659
0.7094044394077249
0.7949904432030571
0.859840647864435
0.886302674996892
0.8785684142189009
0.8409376904236532
0.8263256798754555
0.8145073186842833
0.7983788084685611
0.7977591079447365
0.8626403432295559
0.8814962609370243
0.8065513385537353
0.857799829379518
0.7931298354866286
0.764366050393378
0.8432519533583671
0.9069267314001405
0.8122945416993055
0.8346884946420049
0.767645160060617
0.8909042867157159
0.9534547910134993
0.8643233937342544
0.861631996089403
0.8035026189871568
0.823171973208106
0.8131670006733112
0.8610875520379775
0.74472759424892
0.7303926741634057
0.8428488545455816
0.8473916313104617
0.8041175143627419
0.8272175772642705
0.8190973046968159
0.8102009880482276
0.7969039975878873
0.6920722119289501
0.7683584094350295
0.7525095823919749
0.8154321877030376
0.8652380307943663
0.8697995370800912
0.858220450411561
0.8609388880979226
0.8669738411155756
0.8952487886038625
0.7675416212722003
0.9346570389070731
0.9002401349159349
0.7416734903067204
0.7578056581034159
0.8126781532671151
0.8475156155924461
0.805946507226564
0.7300210619541542
0.7762915240012411
0.8803129554749708
0.8416749986019727
0.7485878602398282
0.6528734216771426
0.7404668135993758
0.7795164445555078
0.8751997221767268
0.794979601562054
0.827977320924414
0.8533065169242082
0.868996503705399
0.7690898937946359
0.9142708687473198
0.8563943187210789
0.8234860497145345
0.8266168944830357
0.8346262195476044
0.8454913620171924
0.7711651691707133
0.7149282598938131
0.7541485707085203
0.8583068959216269
0.8126866962095722
0.7744818046241971
0.8384920394512784
0.8710197438081263
0.8335473413490812
0.7678157555588996
0.6502407684023215
0.7502832515467918
0.8482060421440225
0.7728852393065737
0.8160020979350171
0.8449568055196892
0.8981704044402182
0.8117347741511814
0.8574895786518785
0.7918170228886051
0.8670466156609203
0.8971072020058832
0.8414036090838126
0.7953625747506592
0.8200320349087559
0.8193000878583055
0.8784472446109445
0.8942347226450856
0.9211828248175339
0.8466284416774424
0.8220072530073739
0.8866873765583311
0.8184285519197007
0.7482654797601612
0.8735484097535858
0.887458197670805
0.823399155322053
0.8443344754953205
0.797606036368222
0.79306786820019
0.790606191368718
0.791737918153778
0.8441398821130387
0.9015662580664597
0.8162137461150623
0.7906789378624858
0.8367995581421706
0.8634692867805114
0.8676032337043086
0.9005337152514363
0.8175026545182866
0.7952288153045722
0.7377882693863106
0.7158219044186798
0.7080213063626102
0.8485841776750674
0.8446333874347896
0.7516555772833099
0.7552201910776637
0.8487582681389165
0.9024844539003385
0.8742297429705291
0.8093778099701896
0.7261603288399795
0.7901673357844219
0.8831838724307948
0.8834338205727809
0.7635260803763099
0.06197718156111195
0.0619366741906079
0.0
0.05828250801650682
0.05828250801650682
0.0
0.05842618756554374
0.061950896934744995
0.06381726279977061
0.062172615928233706
0.05465305733824783
0.06422727149250056
0.056867025234352005
0.04656502562823067
0.062313294253367145
0.07487026297301709
0.07090112699863556
0.05482831406470478
0.07152684275984397
0.056470248865103066
0.056470248865103066
0.0
0.0
0.0
0.0
0.0
0.0
0.0
0.0
0.0
0.0
0.0
0.8927982730797985
0.4064813710063349
0.2786189475375448
0.3076787195292517
0.6620535673587212
0.4816926926516164
0.0
0.0
0.0
0.0
0.0
0.0
0.0
0.3095968948763973
0.17217239451927435
0.2206145703790811
0.21916415682894166
0.21736633483306936
0.6207124665904566
0.0
0.0
0.0
0.0
0.0
0.0
0.0
0.0
0.0
0.0
0.0
0.0
0.0
0.47236382466530125
0.2899992676044177
0.31611964613721416
0.42025744228751777
0.3011160331143477
0.9082743009111394
0.6804434039210904
0.0
0.0
0.0
0.0
0.0
0.0
0.0
0.0
0.0
0.0
0.0
0.0
0.0
0.5084769828525824
0.1641811662110173
0.3777187112852226
0.40880357750564095
0.3231323573925452
0.8559033767708604
0.07989302970374347
0.09069822340023506
0.0792107301153592
0.07401908219200844
0.07706842600250927
0.0
0.07580056620365155
0.07580056620365155
0.090462167186101
0.090462167186101
0.08608770193646993
0.07978584658384914
0.06874861880566263
0.08465973560685569
0.08465973560685569
0.08028162522824811
0.08467520927689154
0.15486900465987646
0.15094915500065884
0.08048309140383336
0.0
0.0
0.0
0.0
0.0
0.08391364568048448
0.07036194664795219
0.08010022300856778
0.070201110791704
0.05795729381127716
0.7906902360117837
0.10002180701156832
0.0846810004617126
0.08994032463419355
0.09123390000129762
0.09161606999613725
0.10851276653001084
0.10187673600936922
0.08394758620206158
0.08394758620206158
0.10063118565322725
0.11230708095901756
0.09778301403824359
0.27060049391197877
0.19603465392870853
0.0
0.0
0.0
0.0
0.0
0.0
0.0
0.0
0.0
0.0
0.0
0.1073920337741329
0.10403843679135297
0.05687702334488501
0.07519430449304083
0.0725904511356582
0.21573577770211136
0.20750555180246685
0.0
0.0
0.0
0.0
0.0
0.0
0.0
0.11447209446343765
0.06456474690703347
0.08273056217826259
0.08218663813296087
0.08151257832374914
0.836685076935082
0.047851171864481096
0.047851171864481096
0.0
0.0
0.05732837834930282
0.05732837834930282
0.06505344626002614
0.06505344626002614
0.050495771642846264
0.06209403556748947
0.062290279121858506
0.05588282953515169
0.05657275044597033
0.0
0.04088824432801005
0.038532792539279735
0.053026725033931105
0.05352345921568589
0.05080718312378112
0.04699522035575312
0.0521295078226288
0.05801026705940492
0.0560362350333185
0.043836128291266145
0.1308999196303269
0.08163493478758589
0.043151528882111025
0.0
0.0
0.0
0.0
0.047483520091796
0.042736965332456564
0.043013699547509915
0.04353322542520193
0.03802794824928731
0.09471061571130591
0.0
0.0
0.0
0.0
0.0
0.0
0.0
0.0
0.0
0.0
0.09323268701186568
0.09036344775996673
0.053320317084500024
0.0
0.0
0.0
0.0
0.0
0.0
0.0
0.057344002802586835
0.03930333134619592
0.03572631463868687
0.04635249345422718
0.03638410118474292
0.1317548988370843
0.07184556392802885
0.0
0.0
0.0
0.0
0.0
0.0
0.0
0.0
0.0
0.0
0.0550946444119092
0.05123224293959655
0.08233504057658883
0.08472763902192476
0.06501134953683962
0.14197469099563276
0.11789375453454966
0.07123895496763602
0.0
0.0
0.0
0.0695187032328218
0.05729965290764606
0.029429784113038118
0.07296873151302546
0.08269872341618066
0.140972833249009
0.13433284108984594
0.0
0.0
0.0
0.0
0.0
0.0
0.0
0.0
0.0
0.07626513568012254
0.06441236800913336
0.08000981528496894
0.06777096926937226
0.09128900561358673
0.19319907784336934
0.12299470459223
0.06278779588778377
0.0
0.0
0.0
0.0
0.0
0.0
0.08135372801741149
0.07531822253409139
0.06862317838664861
0.06825377996619668
0.08501651513798965
0.11363150560698336
0.03295242949234508
0.06521936812238376
0.0
0.0
0.0
0.0
0.0
0.07554037318050354
0.07531822253409139
0.06862317838664861
0.06825377996619668
0.08501651513798965
0.19812804280977303
0.12445762271384664
0.08004456697425177
0.0
0.0
0.08571168454912645
0.08476733388055833
0.09880132185997569
0.09230776756417162
0.0812613920343504
0.18315652226007245
0.10720786836875446
0.06295019138346318
0.0
0.0
0.0
0.0
0.0
0.0
0.0
0.0
0.0
0.08160888197782495
0.06906803099552607
0.07645574335028855
0.08691395515395527
0.08358003813487178
0.16180039101728144
0.08032918400192147
0.0
0.0
0.0
0.0
0.0
0.0
0.8874250302268628
0.1975198425557625
0.17835022749867133
0.20403107777458757
0.17546557112751354
0.18275952656994107
0.18275952656994107
0.0
0.18824165725961212
0.3853418582365937
0.18938560645426775
0.0
0.0
0.0
0.0
0.0
0.0
0.0
0.0
0.0
0.0
0.2047008273993131
0.14740629572225292
0.16285506890087983
0.14675851132191775
0.14778976899115795
0.3694776506118893
0.23339991204928068
0.0
0.0
0.0
0.0
0.0
0.0
0.0
0.0
0.22316008519921254
0.2241877449489674
0.1823430154515629
0.15376242471917473
0.18330649338116392
0.40696455947850074
0.2454658698895634
0.0
0.0
0.0
0.0
0.0
0.0
0.0
0.0
0.0
0.0
0.0
0.25453457327334
0.22038540719948155
0.19348889646937772
0.20344754402404547
0.20110241162947598
0.4375929747808823
0.2571888405798754
0.0
0.0
0.0
0.0
0.0
0.0
0.0
0.0
0.0
0.21175151978927043
0.11831475916935238
0.1181738217796996
0.11222724997967873
0.11396692376852988
0.38433705538048735
0.24974383093221014
0.19801853473868428
0.0
0.0
0.0
0.0
0.0
0.0
0.0
0.21048554227021782
0.221091456019733
0.2590596623620974
0.22590411545787853
0.1437274836885558
0.753103403178979
0.11581035552855286
0.10954576771936318
0.10954576771936318
0.11305195376265782
0.11305195376265782
0.0
0.09149528346370202
0.10972028760687615
0.11771485049184467
0.09835844971229463
0.12081982289253058
0.11348598926045285
0.10097447207888693
0.10449997543912681
0.0
0.0
0.0
0.0
0.0
0.0
0.0
0.0
0.1267062315943698
0.1503619630731183
0.12712928478325625
0.12577606469468938
0.11982740570948097
0.7712920999659039
0.0
0.0
0.0
0.0
0.05966352630263533
0.04613767506789941
0.056431655441656445
0.06239836888390288
0.06239836888390288
0.05069854728975086
0.06261199548739226
0.06541083930020707
0.0
0.06023131674042508
0.06023131674042508
0.0
0.07211429357957778
0.07211429357957778
0.0
0.06624480682505883
0.05474986912557721
0.04961869449075179
0.06099557227154686
0.06324874484039082
0.05988840029372643
0.05658804274383239
0.06816335400339196
0.06795867817911824
0.14879456759766224
0.11575619999075443
0.0
0.0
0.0
0.0
0.0
0.0
0.0
0.0
0.0
0.07127916654544157
0.061226174957984984
0.08293821502338804
0.08040448252133603
0.07745079792894273
