0.8560751262450998
0.9032295419281275
0.8659049078078187
0.8512434379449282
0.8022669811796782
0.7128265897796722
0.7840139199495215
0.8146368167905605
0.8696655969057355
0.8022151713357839
0.7476325103667706
0.7784223322511209
0.7365153113763897
0.8267497022189745
0.8360815307167176
0.8058122179061811
0.7622454753464288
0.6965717180345037
0.7524435531766097
0.7760319172556069
0.760324194008076
0.7608917571125764
0.8007447612798005
0.8018385235546948
0.8043935568885405
0.8763339491182538
0.848647193434243
0.8190364658120678
0.8435216014841878
0.7558661290077026
0.7384534137405141
0.8204097389080255
0.8299971043864528
0.7301266137314567
0.7515923982563798
0.7530328556380551
0.7603483709570981
0.9101672229788071
0.914249792950968
0.7953083465555929
0.7778251764531171
0.7447725830953146
0.7494104714445222
0.7855522370084109
0.8012133783610299
0.7763002814819829
0.7982090459339487
0.8147921646745029
0.7430768201476138
0.8364898641933122
0.9042114313656635
0.795267482310376
0.7843389112202567
0.8268728095601805
0.758705940095924
0.7274299285261802
0.7796896796186016
0.8491469097859172
0.9169798161861361
0.8219688742104575
0.7958535291841183
0.8590178721491037
0.786377115141655
0.7659526609965976
0.7378688309216571
0.8395364375782516
0.9363858747686009
0.8753849273228905
0.8340608276487858
0.7996700371609778
0.7986740520038562
0.7411232411765714
0.7864119023020906
0.7983440290446439
0.8293962757447187
0.8003801542295671
0.7587418085832901
0.8107105970637406
0.7913279464749159
0.8366046979331992
0.8162084061565271
0.7815209034319569
0.7611311651847918
0.6705493941591296
0.8023777699049955
0.7785739365971185
0.8160165098765656
0.8869321298522828
0.8642988073215895
0.8036509042355305
0.8419226392651502
0.8399616998202633
0.8486922966969809
0.8433312323027188
0.7879542034596811
0.8413293390233588
0.8066749170756288
0.7356370061575997
0.7166044161472509
0.7562866508704423
0.7849362120914569
0.712974559176768
0.7019564318081457
0.7529865683480375
0.8442430644420239
0.8700151784734401
0.7812005928668823
0.7931259076313354
0.8088139491783377
0.7972851883998836
0.7850672782810862
0.828970712659255
0.8658018399458847
0.8305021890251746
0.7797160126124979
0.8202580799325495
0.8276516905629389
0.8130251130591172
0.7874111240850153
0.7581943051714888
0.7572312845603457
0.8383088082608676
0.8335673001295825
0.8366165722314349
0.8523411355188856
0.8490317903787779
0.7819486138118282
0.6626793429336818
0.8248357734152754
0.7944757075343505
0.7678619553192114
0.7976789179477832
0.855375961598524
0.8051957255654517
0.8264666136966051
0.8912740932082813
0.8875178901936146
0.7810138575107181
0.6875414614365463
0.7520735499205952
0.8198644315202923
0.8219688659511332
0.7328158304984029
0.870196210197015
0.8076694981618723
0.7768082757893904
0.8086006045094513
0.786303496806189
0.7442614402890311
0.7276401231814343
0.7696167447083361
0.7152453549232997
0.7484708737614487
0.7831800911668526
0.7537422044254654
0.7963909829004678
0.7498265896398835
0.7941893055343581
0.7988638305652712
0.8184314588886465
0.7411888519128428
0.8326984527650058
0.8184083168120645
0.7833736502683073
0.7616279371527895
0.8247343337117885
0.8563170287990252
0.8089362223146096
0.6825453669588083
0.893670241261604
0.8524063206877869
0.8051694389846648
0.8194078563265339
0.8392839020562683
0.8334329908180143
0.8259364756245707
0.8512038033901107
0.8503204388217921
0.8392607800451185
0.7778313046158111
0.824130733022422
0.7635593910496566
0.8328386451992698
0.8222625158631117
0.7938077993368422
0.7986202547381671
0.7672546365233992
0.7622977780882383
0.7847826168336431
0.8197925884175217
0.8742434607906401
0.8577264527995085
0.7865985466023491
0.8652205434735454
0.8481291169513254
0.7945786007596205
0.7387103492977468
0.766576273862007
0.80122419957271
0.7760239470534714
0.7836014989100605
0.7639528847789538
0.7183253138164997
0.7919894798119232
0.8294512140862289
0.8240208352862863
0.8033154083772353
0.7334455212250516
0.7349464023815472
0.8089827104009524
0.7748702761664767
0.7774042046587102
0.797902716833903
0.8403550061935399
0.8721771448502272
0.9126073224756112
0.8444750298964129
0.7553903969025213
0.831834893954601
0.7972349537929325
0.7443501010427587
0.7207010116974634
0.7253872851959354
0.770347407736049
0.7728780241771778
0.7657328310549767
0.7636268049127306
0.7425545476607956
0.6978036622593622
0.7950501003610628
0.9235591424613548
0.987959565592725
0.7852009371865788
0.7424875676309902
0.7367646453277896
0.711527015865362
0.6058179602175797
0.7419483730844147
0.8540712874766735
0.8339399673984932
0.7673803950863166
0.7394895558931642
0.8380516706919109
0.7792906203217942
0.7424617916385783
0.6939473325767481
0.7948438397968791
0.8037744394085365
0.7990970267742294
0.8000703537461646
0.8149369695922395
0.827379024826493
0.8232189494876969
0.8067510699274417
0.7847283046886026
0.8548845456388422
0.8386789581742771
0.8571942778630557
0.8221660653035298
0.7890052009002599
0.883512650956434
0.8289177673235285
0.7907302361080698
0.8631459224461834
0.8755291497423243
0.745476407168315
0.6983359530688751
0.7341084121626964
0.7969671007875847
0.8622730922320068
0.8440210722866041
0.7894080218843209
0.7989267181984537
0.8673185998439141
0.8598875710131245
0.8710107368680442
0.8428092172742413
0.7944124559586703
0.7867125488699949
0.8417031928332958
0.8089185177658721
0.6877763268259317
0.6774932762755325
0.81548556332694
0.6512920047469453
0.7042143243660679
0.7374650628201055
0.7798016685653356
0.7751250550631086
0.8187251042637405
0.7812232766442032
0.7308876884468608
0.7381057803513086
0.803146929452123
0.7963904598201874
0.7516357202117773
0.6974548897895543
0.7144135110060595
0.7303338480466272
0.7823164217897776
0.8042295982606104
0.7588658692418181
0.8041846549875495
0.7901231985151054
0.7615901755720218
0.8008930294990683
0.8264302408428853
0.8187304310043183
0.8113450529081213
0.716795216571307
0.7717064796226996
0.7809612338015186
0.8057677096972147
0.8215999148058978
0.7905317841237873
0.7386475241002545
0.7323112602277526
0.6850440136336796
0.8516848415191284
0.7942943241987948
0.7743768548643264
0.7456875526524305
0.760931740910502
0.7645357904381069
0.8085568454364508
0.8633672545011465
0.8114821699455231
0.8309549483479572
0.7763139255693458
0.7714104344761351
0.7820459852375159
0.8265921202570604
0.8225446809230483
0.7689175082526605
0.788664399235737
0.7618652818607687
0.7253556406248785
0.8176214611547932
0.8062104620773745
0.789902911346963
0.8527816966953456
0.8294464833156074
0.8532350715124101
0.9178335717296205
0.8364489416842709
0.7914253219214861
0.7997548148358566
0.8255050544962627
0.8797121240061109
0.8521969854968613
0.8129963964096066
0.8704424941272869
0.8345854452111029
0.7774816126490284
0.7008629017868065
0.7854184129172603
0.8494877929431145
0.8756312057735995
0.8679900688551947
0.830812435321502
0.8163763597278682
0.8047002967394198
0.7887659807930371
0.7881537417327217
0.8522537787598313
0.8708826630269538
0.7968401100657793
0.8474715467993024
0.7835802077259991
0.7551627511004687
0.8330988335251492
0.8960069395785129
0.8025141625505876
0.8246384825717608
0.7584023788628451
0.8801774120883552
0.9419747811419993
0.8539165646053238
0.8512575725572792
0.7938280984071684
0.8132606250587867
0.8033761167395437
0.8507196838487433
0.7357607504990782
0.7215984290785872
0.8327005881971786
0.8371886679563945
0.7944355901753164
0.8172575182846752
0.8092350173264382
0.8004458161949236
0.7873089272760352
0.6837393618561218
0.7591070404049489
0.7434490401243384
0.8056140299334185
0.854820189037907
0.8593267728064002
0.8478871033713987
0.8505728098871074
0.8565350994488004
0.8844696042864854
0.7583000867264189
0.9234033621368146
0.8894008526206832
0.7327434192950676
0.74868134878356
0.802893155268477
0.8373111594137641
0.7962425611705302
0.721231291241766
0.7669446368255807
0.8697136050767
0.8315408659890624
0.7395745372105282
0.6450125420671858
0.7315512714994686
0.7701307279354451
0.8646619373285928
0.7854077018143245
0.8180081143011124
0.8430323357778821
0.858533408302383
0.7598297173751035
0.9032626503216854
0.8460829590997548
0.8135709199476407
0.8166640679850674
0.8245769572965497
0.8353112787309069
0.7618800055341383
0.7063202130746544
0.7450682943095642
0.8479725080399707
0.8029015953501959
0.7651567072559916
0.828396231049243
0.860532287715363
0.8235110692602091
0.7585709203172204
0.6424115870814372
0.7412495152696656
0.8379932729297331
0.7635793652783519
0.8061770781986318
0.8347831585258488
0.8873560425990001
0.80196113484691
0.8471650316251987
0.7822832019619511
0.8566069977570053
0.8863056415838374
0.8312727441185945
0.7857860638393726
0.8101584929805729
0.809435358890573
0.8678703581819549
0.8834677481223698
0.9100913834382102
0.8364346674580918
0.8121099285952343
0.8760112753611218
0.8085743166232705
0.7392560383318808
0.8630305074243685
0.8767728154525513
0.8134850718013923
0.8341683216253182
0.7880025132044839
0.7835189865526083
0.7810869493795575
0.782205049682495
0.8339760712318919
0.8907110086723982
0.8063861780426477
0.7811588199739387
0.826724127950323
0.8530727414703342
0.8571569138773523
0.8896908981214119
0.8076595674287861
0.7856539149151226
0.7289049781223078
0.707203097731236
0.6994964222643981
0.8383668555447193
0.8344636345351866
0.7426053176081678
0.7461270119039435
0.8385388498837576
0.8916181490295662
0.8637036370934037
0.7996325495385397
0.7174170430314165
0.7806533778071384
0.8725499549452287
0.8727968936030059
0.750700556094301
0.7644063904137277
0.820072175306891
0.7791970196476343
0.7938994447886077
0.7741615732073373
0.8464631307278077
0.8911043406051188
0.819386109717803
0.798682207099495
0.827237769539209
0.8182731759589444
0.827906133248962
0.8236120894359403
0.7551741474435948
0.8753114162958289
0.853602282743908
0.9098084589530689
0.8611889124881839
0.7143295737142452
0.7417982209166517
0.7635021847791709
0.7803632670337888
0.800999323544362
0.7897054517928735
0.7327541380864551
0.8006136364535138
0.8055849979139377
0.7853975973336754
0.7810992573306051
0.7949243632730677
0.8779653655974258
0.8589310656819181
0.8448068579649983
0.86236872851054
0.7288649265216768
0.8116852768341057
0.8313863523796953
0.7784611875692294
0.840273395764917
0.8628471950833249
0.8232625714494505
0.872505570115577
0.8318067890933489
0.8269115882771345
0.8430911784443671
0.8259705389434342
0.8546262432046207
0.7742697345465915
0.7831718429201185
0.854512853049105
0.7842484058886594
0.7508220558093982
0.7271517650131751
0.8067207981929188
0.8272361553472488
0.7360392095779806
0.7490255750157065
0.7569206184410487
0.850054022976864
0.8354451934751848
0.8209497381947136
0.8441920424680249
0.7460768212544189
0.8287041798457108
0.8310719096624746
0.7631614054735028
0.7709152484311279
0.8334298690926321
0.8335167338832596
0.7771664867683479
0.7907239457156074
0.8647790231251823
0.8310141412498964
0.8010258920775771
0.7876882342243446
0.698806675322649
0.7633307513410295
0.7516293136036997
0.7511125463158234
0.7749534340140142
0.7485106560352792
0.7857691443385992
0.9329489648807081
0.9733731766141523
0.8369496602397212
0.7926676878795441
0.7232104224752913
0.7679161644887702
0.7807063381870769
0.8003545007452868
0.77506008280795
0.8127036941029093
0.7839964363147436
0.6731365796846016
0.7353463964031751
0.806628975308524
0.7522599642207732
0.8208116357467977
0.8083705495926051
0.8026511636385506
0.8276900990183463
0.8033868165686268
0.7808016656045537
0.8348465988891557
0.7045371230426213
0.7109926520079004
0.7084497049707146
0.7773439853641547
0.7842709147274722
0.7841928300050516
0.7839860976519066
0.8038858658616189
0.8238052879540467
0.8270333724847195
0.8426162968220308
0.7960342074519863
0.8081403006495134
0.7052791254283217
0.6948891935374361
0.8542175474816706
0.7772658508209165
0.7726010717044227
0.7701238409368101
0.803851265831277
0.7477100726648914
0.5459796218644843
0.7694742892185724
0.8526113702499478
0.8665574613369831
0.9107569911809927
0.8658961556121173
0.7622952110781914
0.7604180437529686
0.666472327574252
0.7495161435045783
0.7848173972735346
0.7573765917314189
0.7984744811222583
0.8276162128634095
0.8510014697665753
0.8961855448677115
0.7806524664105005
0.6709097754136084
0.7320996046596697
0.7456376047961897
0.7379692684148073
0.8259478594624461
0.819740120326984
0.8056060260469042
0.7710203274889562
0.8857930074412361
0.8540699462942366
0.691442342718447
0.6245823867904648
0.7504279133802311
0.717178141342296
0.7737161549257111
0.776527145937854
0.8031590634643379
0.8877903010750697
0.8567103118551713
0.7463699796568534
0.7489320849531035
0.7709854813880158
0.7451447179211751
0.8212572902955445
0.8650175762350295
0.8287224590348603
0.7648992650672181
0.747298800803723
0.7749488634671572
0.8098337504043348
0.7983599171623433
0.8352301044106442
0.6903720740985667
0.7183995238523689
0.7594425853096964
0.8165198007218484
0.7794619914945193
0.7243758301127325
0.845806277396362
0.837686884138298
0.9163000389915051
0.966486124780692
0.8449166658011599
0.7713423602774674
0.8249578241560331
0.853736990042636
0.7966821983216403
0.7489108098169353
0.8297644177936232
0.8672582622951616
0.8164895524737222
0.7685767075655032
0.6611512123654608
0.8070157579758596
0.900482689584955
0.8760876770239461
0.8614794878680531
0.8798507501305102
0.8673057599444479
0.8536207438332288
0.8459862569509994
0.861751570901077
0.8347649259642365
0.8098686546036998
0.7711816944127444
0.6462109480144412
0.8441143189284528
1.0
0.9650684106417895
0.7890091181566269
0.6821068017582518
0.798556284504751
0.83246949109164
0.8840256426533211
0.8208019561420721
0.7716742805491856
0.7442686164378619
0.7073293650938067
0.814582749747503
0.8378745770889531
0.6578790040763416
0.807356587263773
0.8044005431353222
0.7977138444531974
0.7351513436689011
0.8503985985241308
0.7421346969487533
0.7000036265899209
0.7326965833164363
0.8233826014580112
0.8294122324188569
0.7543137875956505
0.894835649393367
0.8956871933756589
0.7835946137233105
0.8725713594899311
0.6934470960121655
0.5754026776315683
0.6566835093749673
0.7424199238412097
0.8810833355437422
0.8373057177065301
0.8200823726645777
0.815045687107505
0.7778628003970322
0.7858655813848243
0.06123094937177761
0.06119092972761113
0.0
0.057580761301642594
0.057580761301642594
0.0
0.05772271088649367
0.06120498122373035
0.06304887523297815
0.06142403062422112
0.05399501078620962
0.06345394724293686
0.05618232154708094
0.046004362491480884
0.06156301512120826
0.07396879248263505
0.07004744662960662
0.05416815734554723
0.0706656285012346
0.0557903225376803
0.0557903225376803
0.0
0.0
0.0
0.0
0.0
0.0
0.0
0.0
0.0
0.0
0.0
0.8820485940338528
0.40158715872095396
0.275264254375095
0.30397413408824536
0.6540821548068362
0.475892903381281
0.0
0.0
0.0
0.0
0.0
0.0
0.0
0.305869213770942
0.17009936409632156
0.21795827511514265
0.21652532517421708
0.21474914973616202
0.6132388188506964
0.0
0.0
0.0
0.0
0.0
0.0
0.0
0.0
0.0
0.0
0.0
0.0
0.0
0.46667635901804916
0.28650755044466897
0.3123134282730481
0.41519736011948577
0.2974904652686556
0.8973382837672054
0.6722505697483155
0.0
0.0
0.0
0.0
0.0
0.0
0.0
0.0
0.0
0.0
0.0
0.0
0.0
0.5023546990929367
0.16220435364834365
0.3731708139175925
0.40388140484522494
0.3192417034384921
0.8455979283038857
0.07893108291999708
0.08960617739052816
0.07825699851505287
0.07312786028798887
0.07614048867435413
0.0
0.07488789445824218
0.07488789445824218
0.08937296339575682
0.08937296339575682
0.08505116860803083
0.07882519033142742
0.06792085557034229
0.08364039561334412
0.08364039561334412
0.07931499958557796
0.08365568297367085
0.15300431456754926
0.14913166160103983
0.07951404002089078
0.0
0.0
0.0
0.0
0.0
0.0829032889337933
0.06951475824456933
0.07913578152742502
0.06935585892189866
0.05725946281671931
0.7603202176851562
0.11441594853912813
0.10822678908854362
0.10822678908854362
0.11169075912876426
0.11169075912876426
0.0
0.09039364050458229
0.1083992076807982
0.11629751255573545
0.09717417125013249
0.1193650997398945
0.11211956865061766
0.09975869557101189
0.10324175033929017
0.0
0.0
0.0
0.0
0.0
0.0
0.0
0.0
0.12518063352386483
0.14855153971938734
0.12559859296857967
0.1242616662377278
0.11838463169084204
0.7135533217649941
0.0
0.2219161137305165
0.2219161137305165
0.0
0.0
0.2048806381838625
0.3011362516773138
0.21779275116723618
0.36106696210191064
0.4324677632480515
0.29661523727531347
0.0
0.0
0.0
0.0
0.3164305376458941
0.33613551640493455
0.3276172240199304
0.2695645013801205
0.31547096300382005
0.6129714570662385
0.0
0.2574389453374338
0.15895265782211268
0.24159312142787154
0.09430465903980847
0.20105529305103784
