0.06258286218949678
0.06254195895507955
0.0
0.0
0.05885208193371495
0.05885208193371495
0.0
0.05899716561113195
0.8755562433348796
0.8822425751223226
0.06444092587803196
0.06278020646615791
0.05518716194381371
0.8930586178650167
0.8856130866947581
0.05742276614916525
0.04702008881879304
0.06292225958979332
0.8353166049536701
0.8286270919130904
0.07159401812520902
0.055364131391009735
0.07222584878073648
0.8397005636402302
0.8425672777126589
0.057022112227652695
0.0
0.0
0.799510588546076
0.799510588546076
0.0
0.0
0.0
0.8212543016788354
0.8212543016788354
0.0
0.0
0.0
0.8092534417132666
0.8092534417132666
0.9015232683996756
0.41045376674967937
0.28134178996073667
0.8918067616959864
0.8506895430512051
0.668523577943292
0.4864001014983052
0.0
0.9193151457423361
0.9193151457423361
0.0
0.0
0.0
0.8615164962465198
0.8615164962465198
0.0
0.312622473599267
0.17385497319543003
0.920089177219411
0.8846289278741033
0.22130596903924196
0.2194905775778219
0.6267784655168536
0.8396497619641452
0.8396497619641452
0.0
0.0
0.0
0.8212667684585734
0.8212667684585734
0.0
0.0
0.0
0.8743905166115521
0.8743905166115521
0.0
0.0
0.0
0.8580367632737853
0.8580367632737853
0.47698006585186503
0.2928333257885672
0.3192089693541531
0.849600256615324
0.9128047647916595
0.30405873143588424
0.9171505378658518
0.6870931317416572
0.9205686063064488
0.9205686063064488
0.0
0.0
0.0
0.9880623477183323
0.9880623477183323
0.0
0.0
0.0
1.0
1.0
0.0
0.0
0.0
0.9737321849249853
0.9737321849249853
0.5134461449011938
0.1657856494968794
0.38141001993529994
0.9150867951201798
0.8921518708968215
0.3262902133057575
0.864267811584149
0.0806737954503565
0.8184478561961488
0.8142563486312241
0.07998482799433078
0.07474244396944453
0.0778215879165244
0.8643424734123715
0.8643424734123715
0.07654133778141174
0.07654133778141174
0.09134622129902167
0.7834646716712719
0.785745822930227
0.08692900597921144
0.08056556486851287
0.06942047424648717
0.8816329915179605
0.8770150508240147
0.0854870846499982
0.08106618857868146
0.08550270953862699
0.8607131652000564
0.866666716806933
0.1524243266162769
0.08126962361049335
0.0
0.8343001464262895
0.8343001464262895
0.0
0.0
0.0
0.7660284757237773
0.7796870173854497
0.0710495685595438
0.08088301358057463
0.07088716091251673
0.8521307608154497
0.8438982802521352
0.7984173663352746
0.10099928403451455
0.08550855731860732
0.7966902181008858
0.7910387434134445
0.09212549598050972
0.09251140078478717
0.10957322263601928
0.7780680130261225
0.7883374285865039
0.0847679756660794
0.0847679756660794
0.1016146179137191
0.8728612348617252
0.8870123506950777
0.09873861214542193
0.2732449748816764
0.1979504298543961
0.7981257404188982
0.7981257404188982
0.0
0.0
0.0
0.7524145352010889
0.7524145352010889
0.0
0.0
0.0
0.7927623695298578
0.7927623695298578
0.0
0.0
0.1084415373633806
0.7892314646833309
0.7961202955620962
0.05743286196762426
0.07592915129389766
0.07329985141736077
0.82526258997776
0.8456871544692932
0.20953342867332994
0.0
0.0
0.9312757285808182
0.9312757285808182
0.0
0.0
0.0
0.861784195453086
0.861784195453086
0.11559078893067118
0.06519571487771475
0.08353905810570893
0.8343595303124426
0.8291870117572513
0.08230917133454482
0.8448616982397886
0.04831880409805164
0.7655648345805235
0.7558586051049836
0.0
0.0
0.05788862790161026
0.8016431960577314
0.8085302318766214
0.06568919011311698
0.06568919011311698
0.050989248595638303
0.8159307456138142
0.8008536486790596
0.0628990195397104
0.056428952260584093
0.05712561551947786
0.790089218664978
0.790089218664978
0.04128783038362509
0.03890935961462505
0.053544936080815723
0.8158470930019454
0.8230619333873569
0.051303703388590714
0.04745448768413413
0.05263895068950503
0.7775531893453691
0.7725785802512101
0.056583856935321815
0.04426452295298906
0.13217915730426089
0.8528651280678515
0.8518760310526035
0.04357323320087409
0.0
0.0
0.826607564964257
0.826607564964257
0.0
0.04794755939727434
0.043154618271261144
0.8071062084291963
0.8046847732928447
0.04395865992652975
0.03839958166358033
0.09563618837843624
0.9168761566589625
0.9168761566589625
0.0
0.0
0.0
0.8936094128546226
0.8936094128546226
0.0
0.0
0.0
0.8272767979062592
0.8272767979062592
0.0
0.09414381641518765
0.09124653712356276
0.8337667323292693
0.8428099939783055
0.0
0.0
0.0
0.8755214147919737
0.8755214147919737
0.0
0.0
0.0
0.8152361446583186
0.8152604097530648
0.03968742861922065
0.03607545501834253
0.04680547964455398
0.8331487022754102
0.8396126606982679
0.13304249191425158
0.0725476846958744
0.0
0.8479438049790554
0.8479438049790554
0.0
0.0
0.0
0.9080106601367982
0.9080106601367982
0.0
0.0
0.0
0.9000176860733751
0.9000176860733751
0.05563306448858114
0.05173291716058581
0.08313967121416223
0.8642667358179094
0.8415434063174008
0.0656466819938471
0.14336215841333372
0.11904588765081157
0.80402443373912
0.8017504833863344
0.0
0.0
0.0
0.9220324967641844
0.9240394575963027
0.057859621736578944
0.029717390772228305
0.07368182859233803
0.8666687966108344
0.8617109939965811
0.14235050987251371
0.1356456274662931
0.0
0.8244406310753277
0.8244406310753277
0.0
0.0
0.0
0.8395925231237055
0.8395925231237055
0.0
0.0
0.0
0.924289289124521
0.9263119353511189
0.06504184683583765
0.0807917223349204
0.06843327049410364
0.9574045204264975
0.9413773791646299
0.19508714270730898
0.12419668745251825
0.0634013983574397
0.891075923473116
0.891075923473116
0.0
0.0
0.0
0.87105265832676
0.87105265832676
0.0
0.082148768641491
0.07605428034124248
0.8493786678328307
0.8446332607244315
0.06892079952562603
0.08584735085873137
0.11474198530268377
0.8447733963486748
0.8521448550658827
0.0658567334699557
0.0
0.0
0.8554206642287485
0.8554206642287485
0.0
0.0
0.07627860198574984
0.9243245158091727
0.9234582833209346
0.06929380794352845
0.06892079952562603
0.08584735085873137
0.8986941898512562
0.8714373346433606
0.12567390214498333
0.08082681363992102
0.0
0.8492104023165
0.8492104023165
0.08654931390964277
0.08559573444279847
0.0997668715219976
0.8821169076554769
0.8771713312376169
0.08205553029219068
0.18494644485256526
0.10825557217595903
0.8599391390782273
0.8696061458389012
0.0
0.0
0.0
0.8771809482021072
0.8771809482021072
0.0
0.0
0.0
0.8450668434275513
0.8450668434275513
0.0
0.0824064161294768
0.06974300793640914
0.9180636346380715
0.9180911493843201
0.08776333387120384
0.08439683568427375
0.16338160784637568
0.8019849088019229
0.7996784738160644
0.0
0.0
0.0
0.8877916480488048
0.8877916480488048
0.0
0.0
0.8960975147834935
0.8114350475044931
0.8327864956855218
0.18009317990700985
0.20602499986468287
0.1771803328301835
0.8706788395136819
0.8727911103021719
0.18454556946682643
0.0
0.19008127504127556
0.8681686025278724
0.8386545907044066
0.1912364036385695
0.0
0.0
0.8177982010036408
0.8177982010036408
0.0
0.0
0.0
0.8383449697369932
0.8383449697369932
0.0
0.0
0.0
0.9210374296355854
0.9425265464255738
0.14884684425272943
0.16444659271630666
0.1481927292892294
0.8614642327423143
0.8812059083320255
0.37308842235013145
0.23568084515779228
0.0
0.8471938902427624
0.8471938902427624
0.0
0.0
0.0
0.8804591219372948
0.8804591219372948
0.0
0.0
0.22534094817538058
0.8317911752705865
0.8407615129066971
0.1841249879356035
0.1552650894044679
0.18509788158729992
0.9061497579459762
0.8851734467301671
0.24786471924955156
0.0
0.0
0.8465814239594804
0.8465814239594804
0.0
0.0
0.0
0.862517521161583
0.862517521161583
0.0
0.0
0.0
0.8950455154015542
0.8950455154015542
0.25702204779868365
0.22253915424891477
0.1953797936261564
0.8592755020311034
0.8217841248536801
0.2030677129222646
0.4418694130000152
0.2597022543017044
0.8188613532520085
0.8188613532520085
0.0
0.0
0.0
0.7875480780317972
0.7875480780317972
0.0
0.0
0.0
0.8120100207517633
0.8120100207517633
0.21382089097293658
0.11947100661197341
0.1193286918920746
0.8138395820400663
0.8041431989822448
0.11508068138487366
0.3880930427189064
0.2521844872615901
0.7525853107969295
0.7744653566403288
0.0
0.0
0.0
0.8179129906813625
0.8179129906813625
0.0
0.0
0.0
0.7667410640945503
0.777646797026675
0.22325210302947981
0.2615913589500412
0.22811179485146849
0.8877323602949364
0.8842531192729494
0.7604632109499475
0.11694212833820929
0.11061631897319424
0.7873549161996345
0.7861864432060858
0.11415676970733873
0.11415676970733873
0.0
0.7261100970048758
0.7448431546910824
0.1107925443805852
0.11886523524346211
0.09931967134464587
0.7939986829273642
0.7707213243533745
0.11459504687741418
0.10196125915372775
0.10552121598598455
0.7392801898339217
0.7392801898339217
0.0
0.0
0.0
0.7636553414541747
0.7636553414541747
0.0
0.0
0.0
0.7825916431700464
0.7963959279285276
0.15183139627394085
0.1283716734036183
0.1270052287834909
0.8437256488635749
0.8623868722040268
0.7788296593064327
0.0
0.0
0.7965949029369808
0.7965949029369808
0.0
0.06024659641315661
0.04658856191566267
0.8583442383870749
0.8512672878709061
0.0630081656239906
0.0630081656239906
0.051194005895760175
0.753934213908966
0.7397699305055548
0.06605007582649963
0.0
0.06081993566198439
0.8735790670566892
0.8745817686631735
0.0
0.0728190405453258
0.0728190405453258
0.8276880696463065
0.8276880696463065
0.06689219341500034
0.05528491983780215
0.05010360008506573
0.8561308653794225
0.853177099468043
0.06386685199780821
0.06047366801660764
0.05714105726344808
0.712789775687914
0.721496854076274
0.06862281381528208
0.1502486832081622
0.1168874435578842
0.8021339981130048
0.8021339981130048
0.0
0.0
0.0
0.781192844670483
0.781192844670483
0.0
0.0
0.0
0.8208474737383937
0.8208474737383937
0.07197575211607486
0.06182451626986905
0.08374874026714973
0.785970627103749
0.7761760036148871
0.07820769662580028
0.8423277611096794
0.11684185874218138
0.8616350126111055
0.8616350126111055
0.12823324884358886
0.12823324884358886
0.11615559002892893
0.9018793991956765
0.9061715128944933
0.1288464538789529
0.13292919131629002
0.1477151800557143
0.8057089245694347
0.8094393474226637
0.0
0.0
0.0
0.8285324627912269
0.8356223086026489
0.14711564914397507
0.14711564914397507
0.0
0.8372157923799886
0.8372157923799886
0.0
0.0
0.0
0.809978430685512
0.809978430685512
0.14302367105857003
0.07578714585193375
0.08135395786771171
0.8194441169048777
0.8129738964107169
0.15302739025108936
0.8469807372157615
0.09831446320086097
0.7512646445731698
0.7462271941692192
0.11126478736752314
0.11126478736752314
0.08714638789438178
0.8775915120729624
0.8792711917005784
0.12552327341807246
0.15715554063761072
0.2504050814883486
0.8195102179298961
0.8032593275085245
0.0
0.0
0.0
0.7864047172268672
0.7864047172268672
0.0
0.0
0.0
0.7838881972267611
0.7838881972267611
0.0
0.0
0.1199978310908897
0.8682881685361349
0.8709878644160982
0.09702313620440264
0.06257699178940496
0.07171127115682588
0.8220641521651783
0.8636384975821599
0.282440940433673
0.0
0.0
0.7388874227197718
0.7388874227197718
0.0
0.0
0.0
0.7529070272207137
0.7447935933636345
0.13955691099202766
0.13736911271274072
0.1229534144609085
0.781304065489068
0.7825826038504384
0.8039262242404179
0.0
0.13441666752253303
0.9027783391457488
0.9019263065697846
0.12654168340691038
0.14611559745415464
0.13077758040271198
0.8062014961346615
0.8039601160202721
0.14040317952700287
0.12455490120736708
0.11870562835180835
0.874689596220281
0.8758123714626794
0.3032496166896746
0.21820072700810023
0.0
0.9037428730898929
0.9037428730898929
0.0
0.0
0.0
0.8315903048683775
0.8315903048683775
0.0
0.0
0.0
0.8667722764553292
0.8667722764553292
0.0
0.0
0.1211713260630469
0.8038906344331698
0.8068454300109202
0.12394215073228997
0.11817317905378004
0.09377850273421612
0.875710631500908
0.8398470788744122
0.0987385816807601
0.10552173422983649
0.0
0.7784961515710567
0.7784961515710567
0.0
0.0
0.0
0.8344418800367166
0.8344418800367166
0.0
0.0
0.0
0.8273843445651327
0.8273843445651327
0.0
0.0
0.0
0.787547033751703
0.7854269491694343
0.2259895264514289
0.0
0.0
0.7986534381166286
0.7986534381166286
0.0
0.0
0.0
0.83420772088914
0.83420772088914
0.0
0.0
0.0
0.8022500453276276
0.8101913418101044
0.12760342635674793
0.11367258257535379
0.12787564710223492
0.7989697605679588
0.7808567870900784
0.12714226091885153
0.0
0.0
0.8178934102135093
0.8178934102135093
0.0
0.0
0.0
0.8416588711432239
0.8416588711432239
0.0
0.0
0.0
0.8377976437240806
0.8377976437240806
0.0
0.24159687570564897
0.2349311504060218
0.859358894805449
0.859358894805449
0.0
0.0
0.0
0.8650067149848228
0.8650067149848228
0.0
0.0
0.0
0.8429985091810729
0.8429985091810729
0.2840234613070466
0.13731135930517474
0.0
0.8725315372288184
0.8725315372288184
0.0
0.0
0.0
0.8055444882790195
0.8055444882790195
0.0
0.0
0.0
0.8119522028116438
0.8119522028116438
0.0
0.0
0.14653564779981396
0.854709948167309
0.8696434701996322
0.11153725926108031
0.14108358684471337
0.13847655379543525
0.9098055655813497
0.9365095895373737
0.17139098248275592
0.0
0.0
0.8246229050819751
0.8246229050819751
0.0
0.0
0.0
0.8585873321622082
0.8585873321622082
0.0
0.1584653329798052
0.1371803766741886
0.9188127115038243
0.901827935544818
0.17181196815543726
0.0824560820374544
0.43580498218275276
0.8696226409237978
0.8294043189724006
0.0
0.0
0.0
0.8710536263765343
0.8710536263765343
0.0
0.0
0.0
0.8606884868879479
0.8618022782124004
0.1512003929890782
0.15499381503700338
0.13449364991828675
0.848041221250881
0.8512783329349929
0.2796474461735498
0.18284465092486768
0.0
0.8801027066368992
0.8801027066368992
0.0
0.0
0.0
0.8568746590306651
0.8568746590306651
0.0
0.1530272772157809
0.13380833447481766
0.9182297753745345
0.9182284554725509
0.11148661515101421
0.1434217137877067
0.8087305074042239
0.7714907873699597
0.7714907873699597
0.22681578034827748
0.22681578034827748
0.0
0.8061758965474501
0.8061758965474501
0.20940418001532257
0.30778501284628745
0.22260137842077704
0.8306132398670325
0.8643745006535718
0.44201618146439325
0.3031641793596271
0.0
0.7434175502461804
0.7434175502461804
0.0
0.0
0.3234169800275703
0.828519193632484
0.8371337919111654
0.33485065627930777
0.27551619261399574
0.3224362190202432
0.8704620246902032
0.9255964487145163
0.0
0.2631229174716663
0.16246215976067466
0.8778399980434867
0.8157310820061174
0.09638680342323881
0.20549437541926363
0.8238796531583555
0.797976673848479
0.8068131035287205
0.06891231647349882
0.08093230083883349
0.07763359023423039
0.7741749189315604
0.7741749189315604
0.08578632054363003
0.08578632054363003
0.0
0.7295197213844504
0.7433578126068164
0.07813893376835103
0.09106281808056776
0.09106281808056776
0.7654219130886056
0.7654219130886056
0.07833594273802742
0.07751349770230544
0.05648394811018918
0.7734344655247397
0.7436962326115686
0.2298803872501802
0.13766631226622178
0.05536689000070629
0.8106264828728721
0.8160516749250429
0.0
0.0
0.0
0.8498859255786341
0.8498859255786341
0.10107994575870789
0.10054961574823497
0.08528135031578417
0.8124650219953194
0.8140953130045588
0.08162325584395848
