0.05791774968271488
0.05787989549693128
0.0
0.0
0.8097529987721438
0.8157502295229724
0.05446507287286691
0.8200974747682319
0.8200974747682319
0.05459934158186653
0.7752696563156524
0.7746222976027983
0.05963730778284254
0.786801858959125
0.7878511271229253
0.05107334690898311
0.7553065807052481
0.7466357151766657
0.05314230253397697
0.7827781427877987
0.7739599012531021
0.058231847392305386
0.7557860401014503
0.7519944767196413
0.06625718727916413
0.7706468310272306
0.7788367910259351
0.06684191940020233
0.7870114373452775
0.7855018755683961
0.05277151454627997
0.7108350453578253
0.7108350453578253
0.0
0.7011426591244942
0.7011426591244942
0.0
0.7043167914528765
0.7043167914528765
0.0
0.7496048972376014
0.7496048972376014
0.0
0.7717732937225719
0.7717732937225719
0.0
0.7413073749272987
0.7413073749272987
0.8343210451802962
0.8129431113179493
0.8265330698115914
0.2603697369560003
0.7525365035493463
0.715390367462639
0.6186898439875246
0.7803043504474516
0.8058072634600639
0.0
0.8204396858741501
0.8204396858741501
0.0
0.8107798508700392
0.8107798508700392
0.0
0.828194127845414
0.828194127845414
0.0
0.7932585418726277
0.7870957404654315
0.16089530689949716
0.8301832946273567
0.7945391729670761
0.20480916451687342
0.7658182311672824
0.7979146454239505
0.5800565362830868
0.8556533208975863
0.8556533208975863
0.0
0.8213361267884925
0.8213361267884925
0.0
0.7903338394313584
0.7903338394313584
0.0
0.7944107595490465
0.7944107595490465
0.0
0.8041274043988381
0.8041274043988381
0.0
0.7448293516751885
0.7448293516751885
0.0
0.7720128305029426
0.7720128305029426
0.4414245544411926
0.8507392429483172
0.8191719114238285
0.2954141842786162
0.7746922016120994
0.8063380742373155
0.2813932901123034
0.7916059806745555
0.7695361391214077
0.6358751680680509
0.8893208507294086
0.8893208507294086
0.0
0.904467882852908
0.904467882852908
0.0
0.9141504040053875
0.9141504040053875
0.0
1.0
1.0
0.0
0.8992459662696475
0.8992459662696475
0.0
0.9068753800629703
0.9068753800629703
0.0
0.9097361594370892
0.9097361594370892
0.475172343602609
0.8061615872802075
0.818786823164854
0.35297858372478536
0.8279136355670126
0.7983183284368652
0.3019675712648077
0.8073493350082667
0.7697065836508702
0.074660131022778
0.7728182359398675
0.7806097963869476
0.07402252124812742
0.7445307771647348
0.7468117139289061
0.0720205355135882
0.8149878433469973
0.8149878433469973
0.0708357190276915
0.7648603404254395
0.7605557652215958
0.08453700253655906
0.7463521764055755
0.7545332078421245
0.08044905957203355
0.8289875346706373
0.8542341786769762
0.06424566581964647
0.803461775665481
0.7992316830002002
0.0791146233432355
0.7573607163064303
0.7579099540340911
0.079129083506238
0.7653708678860431
0.7710561187876716
0.1410621643955349
0.7945543724606868
0.7959238005052502
0.0
0.7507297361451947
0.7507297361451947
0.0
0.742687470513557
0.742687470513557
0.0
0.711230600476273
0.7194578391066031
0.06575332260190503
0.8501048681304687
0.851277726483408
0.06560302130346665
0.7955536876693394
0.7860013404815624
0.7389009634254111
0.739523637313881
0.7488186627469874
0.07913449537532247
0.7518141649281248
0.7431083391718993
0.08525818776774648
0.808413489250096
0.8072950918768601
0.1014053090340511
0.7119502489483974
0.7272141165466316
0.07844911887974373
0.7467617658639878
0.7364675203347499
0.09403996235600774
0.7212913493131107
0.7361074020006692
0.09137834260346413
0.8241371684129626
0.8299606687847682
0.18319461662168682
0.8200492662032248
0.8200492662032248
0.0
0.7825424246203451
0.7825424246203451
0.0
0.7479041774198947
0.7479041774198947
0.0
0.7526317006464955
0.7526317006464955
0.0
0.6461172772705975
0.6461172772705975
0.0
0.741166072121308
0.741166072121308
0.10035798294433283
0.7600287580264097
0.7555046736914689
0.05315164578012926
0.792839800936852
0.7911848976982339
0.0678358626889933
0.7408139791495684
0.7613092769133895
0.1939141842908495
0.7870667715115516
0.7870667715115516
0.0
0.779838059647422
0.779838059647422
0.0
0.776337138440159
0.776337138440159
0.0
0.7363587137012783
0.7363587137012783
0.10697430805645891
0.8546985760221255
0.8600969819717195
0.07731180848593797
0.6945624063670435
0.6894760821487012
0.07617360112919101
0.7717616549957419
0.7321441071887361
0.10822491460917927
0.681858867225618
0.6885380467809475
0.10237064987078891
0.7324462911810724
0.7325927835183423
0.10564718488708894
0.6952536821409243
0.6952536821409243
0.08550245092340178
0.758534777406617
0.7338791697497121
0.11000466741138056
0.7024625968635911
0.709461432725515
0.1129062678027656
0.7903162912933897
0.790128790568531
0.09436076392797382
0.7147286739426941
0.7178699798078965
0.0
0.7123604524023059
0.7123604524023059
0.0
0.7703446401115406
0.7703446401115406
0.0
0.6968385895567135
0.6968385895567135
0.0
0.7665760375815308
0.7665760375815308
0.11840712371676214
0.6810516129168181
0.6787837269660892
0.11880246742357847
0.7136432790020137
0.7220602695109475
0.11197885276805615
0.7827804614239532
0.8279862017284487
0.04471697686573314
0.7323376842592922
0.7241189847461488
0.0
0.7782256938033618
0.7782256938033618
0.05357343756712969
0.7154528810385412
0.7204502769778941
0.0607925226927428
0.7622128646292406
0.768908755808255
0.04718835849549128
0.7578024744942676
0.7433556569865077
0.0582103397246113
0.7289416546628078
0.7185644130017016
0.052867302395182045
0.7552208933410756
0.7552208933410756
0.03821011282386693
0.7727406694013422
0.7617528963439089
0.04955353744153499
0.8180469486657945
0.8226509939896938
0.04747937289380374
0.7695203125234461
0.7713815617060185
0.04871508689334426
0.7458934718787008
0.7391064771372624
0.05236592810567443
0.7696342407081306
0.7668945703406362
0.1223261301606815
0.7976783698240515
0.791102768723468
0.04032515492425546
0.7732476647255787
0.7732476647255787
0.0
0.7971017483301583
0.7971017483301583
0.0
0.8360952756108069
0.8248571283207928
0.039937744795371335
0.7804268838922152
0.7776142882812318
0.04068185079652094
0.7932898106514451
0.7904857170029751
0.08850718272263434
0.7423774889098216
0.7423774889098216
0.0
0.8388962971070519
0.8388962971070519
0.0
0.8326441270096892
0.8326441270096892
0.0
0.8099185660883964
0.8099185660883964
0.0
0.7515964335829608
0.7515964335829608
0.0
0.7813054647408072
0.7864178998252018
0.08444474911574114
0.7639984621102918
0.7706113118999139
0.0
0.8294347702025551
0.8294347702025551
0.0
0.7592667045472902
0.7592667045472902
0.0
0.8328420610880272
0.8328420610880272
0.0
0.8560272657197882
0.8521925494809174
0.03672900976242677
0.7676117044831845
0.7660465525518307
0.043316460113702604
0.7977944101278478
0.8052294968402733
0.12312510924352467
0.8050465857607296
0.7970354612837559
0.0
0.8014386446938276
0.8014386446938276
0.0
0.7206682276771504
0.7206682276771504
0.0
0.7708880061204662
0.7708880061204662
0.0
0.8820188391492879
0.8820188391492879
0.0
0.8085374703056446
0.8085374703056446
0.05148601055310546
0.7709411127327298
0.7775060291494348
0.0769421930800283
0.8165924276610841
0.796332930057883
0.06075318325499224
0.8754311963834553
0.8521107526130405
0.1101718534514943
0.7990309255877907
0.804940032811097
0.0
0.7505262963387104
0.7505262963387104
0.0
0.7840448096586725
0.7858796493928668
0.05354659360782894
0.754766850058003
0.7517595475775777
0.06818936615033798
0.8357055712246673
0.8393165952499942
0.13173927988526496
0.7650701894994941
0.7712057134420913
0.0
0.8170735023558587
0.8170735023558587
0.0
0.8509448135237574
0.8509448135237574
0.0
0.78589519988193
0.78589519988193
0.0
0.8071689546898194
0.8071689546898194
0.0
0.775384585953879
0.7824356904327471
0.06019343430687245
0.758658074388427
0.7641040031201609
0.06333205116835008
0.7353095874122575
0.7237859970857073
0.18054476740653608
0.8079868421277991
0.7927339616838683
0.05867526973249494
0.7934886146218432
0.7934886146218432
0.0
0.7408967878936301
0.7408967878936301
0.0
0.8018682858493626
0.8018682858493626
0.0
0.7935491111756409
0.7983269107106509
0.07038496829635853
0.8049869323709222
0.805042130951541
0.06378323833721546
0.8040499419114937
0.7969885911697474
0.10618877677304303
0.7901134573129591
0.7947198310061173
0.06094757686992319
0.8399865767764932
0.8399865767764932
0.0
0.8025261810803976
0.8025261810803976
0.0
0.8030862920902031
0.8030862920902031
0.0705925683389333
0.8403895341883789
0.8364859404420658
0.06412844159928748
0.794467199850942
0.8073724617238354
0.07944803423827204
0.8207082164561658
0.807509443486094
0.11630579605073951
0.7839165299984338
0.7845266329661934
0.0
0.8271687434677869
0.8271687434677869
0.08009767087755035
0.8392580643540865
0.8452560938719511
0.09232995247073239
0.8629204149346328
0.8582395828527987
0.07593886724380482
0.7867925257944961
0.76143217772429
0.10018588015456001
0.8101241424178732
0.8231376713590219
0.0
0.8348298871926458
0.8348298871926458
0.0
0.779320919382496
0.779320919382496
0.0
0.8224487781032043
0.8224487781032043
0.0
0.7697866814882053
0.7697866814882053
0.0
0.8279252464051983
0.8303437788331386
0.06454415688994268
0.8535793673756701
0.8537924124611361
0.08122119418382881
0.7813833225568266
0.7961041687109194
0.1512026573241961
0.8291383925256002
0.8340636167485282
0.0
0.7323532139763128
0.7323532139763128
0.0
0.8352188333780658
0.8352188333780658
0.0
0.8554827040077612
0.8554827040077612
0.8292997433607885
0.7641843369731511
0.7753137777458798
0.16666849914654255
0.8304530137921052
0.8391617639094978
0.16397278434607804
0.8007393694967383
0.7979253371419902
0.1707889943587073
0.7530655881032376
0.7530655881032376
0.17591205199080076
0.7748255168013474
0.7557647576972266
0.17698107387009482
0.7369296318897556
0.7369296318897556
0.0
0.711865454307811
0.711865454307811
0.0
0.7933659536124038
0.7933659536124038
0.0
0.7829473048188488
0.7829473048188488
0.0
0.818932494774007
0.818932494774007
0.0
0.7588726585042199
0.7880228715349212
0.13775135819752365
0.8276084565836537
0.8179139756341288
0.13714600290704493
0.7625038035350525
0.7692974404498286
0.3452773027504715
0.837542354377616
0.8283637140686907
0.0
0.7837639212262942
0.7837639212262942
0.0
0.77732051345246
0.77732051345246
0.0
0.7451166717856645
0.7451166717856645
0.0
0.7616934347873461
0.7616934347873461
0.20854336431863763
0.7778033972473449
0.7933341477183264
0.17039976422454078
0.7981015324601195
0.7933279261915803
0.17130013549257642
0.7243394795665816
0.7392659583424966
0.22938814656964093
0.7815424933686621
0.7815424933686621
0.0
0.7805058278642211
0.7805058278642211
0.0
0.7885356763326556
0.7885356763326556
0.0
0.8167196077614661
0.8167196077614661
0.0
0.7961662723392411
0.7961662723392411
0.0
0.7874222816004363
0.7874222816004363
0.23786286063856732
0.7583842841048366
0.7299318764042245
0.18081560325630752
0.7931080607548661
0.7617275076198904
0.1879304422041439
0.7990658083018358
0.8074488355194146
0.24034327658486762
0.7543245697695473
0.7543245697695473
0.0
0.7945197573233609
0.7945197573233609
0.0
0.8045931418160421
0.8045931418160421
0.0
0.786069386589446
0.786069386589446
0.0
0.8181103364111152
0.8181103364111152
0.19788204641084647
0.8398133219376869
0.8259291597250576
0.11043357662428697
0.730060345162206
0.7231557563039788
0.10650222544286245
0.7723020191788148
0.8184554815260714
0.23338590623827168
0.7710983388787864
0.7861045596020354
0.0
0.7465467591378291
0.7465467591378291
0.0
0.7179857969838874
0.7179857969838874
0.0
0.7467990039665754
0.7467990039665754
0.0
0.7365010563039747
0.7340587265195535
0.20661022789672212
0.8019743711074763
0.795368343976298
0.21110766385017574
0.6937993725640677
0.6915875125172442
0.7037760235597627
0.7157740163354794
0.7244889483235164
0.10237064987078891
0.6575686172965926
0.6515473670856315
0.10564718488708894
0.7280851988985186
0.7372412360776042
0.0
0.7129183217002398
0.734688396752187
0.10253373891267546
0.682910170083162
0.6933499018379019
0.09191608792341434
0.8505134683898261
0.8386716752335913
0.10605279157460694
0.7867884869495989
0.7776877341103273
0.0976553509998723
0.7102365020937281
0.7102365020937281
0.0
0.6700017379426858
0.6700017379426858
0.0
0.6952033990734665
0.6952033990734665
0.0
0.6148687363584703
0.6148687363584703
0.0
0.5939575042889214
0.6138075478853637
0.14051343284275417
0.7546666581685764
0.7469795381230016
0.11753788164569896
0.7782742938104008
0.7918072665874463
0.7207733822815556
0.7508240817119071
0.7508240817119071
0.0
0.7344528295977955
0.7344528295977955
0.0
0.8016576156330202
0.805119387115415
0.043115712076873786
0.7161482458662003
0.7155553947621188
0.05831134973545178
0.7228172547096017
0.7290682650949064
0.047377852578044714
0.7619005612051089
0.7499459024148483
0.061126506912711445
0.7239461631305143
0.7239461631305143
0.0562862369369361
0.7667432471567068
0.7699347343185892
0.0
0.7459173032236299
0.7381830592948447
0.06739089288804478
0.74827633223216
0.74827633223216
0.06190585055389091
0.726566854009703
0.7441093685340927
0.04636872885651928
0.7630594417168647
0.7659998167749849
0.05910602707545803
0.7537620004811217
0.7583974098177781
0.05288159306567301
0.7627122499406839
0.7552599324451452
0.06350746536715748
0.7413883152706504
0.7295616865297482
0.10817430619487038
0.7482114655268648
0.7482114655268648
0.0
0.7847928439636924
0.7847928439636924
0.0
0.8083868666157058
0.8083868666157058
0.0
0.7757209211192132
0.7757209211192132
0.0
0.718064579280724
0.718064579280724
0.06661046568406365
0.7584698540323493
0.7531309663932604
0.07750586031601385
0.8220529792183442
0.8162602059410228
0.0723778625323884
0.7257505102892209
0.7670499888181912
0.0
0.8017399253162802
0.8049996049788557
0.12439684971872933
0.8433774596060318
0.8503686688005788
0.13522370665096145
0.7338470801524047
0.7393072799937066
0.11315030347148747
0.774921684016978
0.7896348552219004
0.11527020876802077
0.7666366603337125
0.7796035032697847
0.10893541733893795
0.7061832229507476
0.7219534282783241
0.201935396453672
0.8000833707431294
0.8000833707431294
0.0
0.8127414968481794
0.8127414968481794
0.0
0.8030788526535798
0.8030788526535798
0.0
0.7711715077687195
0.7711715077687195
0.0
0.8220975135796567
0.8220975135796567
0.0
0.8076707488816232
0.8076707488816232
0.0
0.784300417248457
0.7797813504779458
0.08279272292989964
0.8234646376279535
0.8340293537364452
0.10936419914645824
0.799981532643855
0.808208623296964
0.170558431972922
0.7438025138790066
0.7719070046883679
0.09765583061228761
0.7988834519976655
0.7988834519976655
0.0
0.7829517280951496
0.7829517280951496
0.0
0.744869295946945
0.744869295946945
0.0
0.7521820666174006
0.7521820666174006
0.0
0.8123953480422459
0.8123953480422459
0.0
0.810697274544722
0.810697274544722
0.0
0.7550860052265482
0.7550860052265482
0.2050115888684667
0.7814933131609846
0.7854483880978446
0.0
0.7720716049142065
0.7720716049142065
0.0
0.7600006138109777
0.7600006138109777
0.0
0.7748962612590046
0.7748962612590046
0.0
0.8152548151314636
0.8152548151314636
0.0
0.7412689517307433
0.7412689517307433
0.11916395632787323
0.7620592128058095
0.7531742983326446
0.10519909050263934
0.7549849755480745
0.7564148653731074
0.1242208480304788
0.8096922398418908
0.8054970762593148
0.0
0.8014832262692854
0.8014832262692854
0.0
0.7481226658096448
0.7481226658096448
0.0
0.7447108456481626
0.7447108456481626
0.0
0.7826875959205116
0.7826875959205116
0.0
0.7474795463740187
0.7474795463740187
0.0
0.8131187052254845
0.8131187052254845
0.22358752670781723
0.7618908201558295
0.7749182029588656
0.0
0.7858486902715237
0.7858486902715237
0.0
0.7670681723424644
0.7670681723424644
0.0
0.7939358943592925
0.7939358943592925
0.0
0.7509067080023057
0.7509067080023057
0.0
0.8007557531831284
0.7750760739293034
0.12707576257458447
0.7755407353617004
0.7755407353617004
0.0
0.7807789111423574
0.7807789111423574
0.0
0.7910701202897205
0.7910701202897205
0.0
0.7357069074986768
0.7357069074986768
0.0
0.7775144145031638
0.7775144145031638
0.0
0.7646026182380163
0.7646026182380163
0.0
0.7625426092612918
0.7704386181524647
0.08006016037440765
0.8119111663092287
0.8204962110807837
0.13056679706450125
0.7686836137485493
0.7626198802246651
0.25938330641937557
0.7828524578990116
0.7612919860568752
0.0
0.755287032253282
0.755287032253282
0.0
0.7818954250878256
0.7818954250878256
0.0
0.827090518413121
0.827090518413121
0.0
0.7495715879713887
0.7495715879713887
0.14665285619443508
0.8079685798314797
0.8253887256644378
0.14061202165328324
0.7580213440702515
0.7605541444667352
0.07630956067177418
0.8127267653693009
0.8131196102735636
0.2682653639107613
0.7606318819521539
0.7606318819521539
0.0
0.8105771938488691
0.8105771938488691
0.0
0.8019554500458173
0.8019554500458173
0.0
0.791120376635231
0.791120376635231
0.1462820102612141
0.7903409517587764
0.7873525504396812
0.14344011551438363
0.7895387532277168
0.7853394750114919
0.09285464415507173
0.7723576378754557
0.7783597548292189
0.16921486733898802
0.7969533608249509
0.7969533608249509
0.0
0.8036463873406223
0.8036463873406223
0.0
0.7857504464257489
0.7857504464257489
0.0
0.7569113934165976
0.7569113934165976
0.14162016926574006
0.7955205522986927
0.8024858874364876
0.0963944303307718
0.7474436540979927
0.74551675984066
0.13273063307763627
0.798004992864455
