0.7724966956320679
0.8240223793982787
0.8767479936546319
0.8466895999835405
0.8147578714180701
0.9200577379306419
0.8569428077319574
0.7641012148244989
0.8336353360574082
0.8205963376848134
0.7235210917062344
0.7605341260048692
0.7948681281524256
0.8454866236597737
0.9225085171100457
0.9077883125662674
0.861080205493116
0.836526632892139
0.879313272647637
0.8305448569138258
0.8003948152798749
0.7558426990571467
0.8482055637493516
0.8706928882627322
0.8723729388812663
0.8582852641029033
0.729027357670062
0.9739629146036946
0.9278918833816597
0.7782597825822078
0.8492196406365907
0.8771088861651893
0.79995008147027
0.8410499324313738
0.8715548971579572
0.8994023893902243
0.8119836694460565
0.9063353767938856
0.8919650309686209
0.821104201099059
0.8602798890915456
0.9284349379809271
0.948899397507242
0.9138088822389256
0.9498432497992376
0.9459726209565528
0.8815123396852539
0.8244982904518348
0.7910815994571756
0.8649516202961022
0.841468730179692
0.8597751392015028
0.8713469006078373
0.8528797076743728
0.8850627906349329
0.8344239344482862
0.835330795181952
0.8431966866152285
0.9141387230802587
0.9380294581464075
0.9069288052776153
0.7630821062640972
0.7605413500129568
0.8548620634517237
0.8831885547157876
0.8874233364968548
0.8816595388268226
0.8888600115620596
0.8550078886998062
0.7786420935087798
0.8371686176270492
0.8940357665343429
0.9005371087813852
0.8217846795334953
0.842476714393231
0.8695805237010829
0.8433980916971509
0.7343935142136148
0.8130566276361013
0.9028954198690881
0.9168508875363026
0.9134238760890074
0.9219928355406672
0.7671606133540162
0.8874452128947327
0.9191601578214584
0.8007562046713421
0.777751442657423
0.8024574257995438
0.8428875777460813
0.9500211745978893
0.9311392326133612
0.9939148649793366
0.9633301617787575
0.8181433000983254
0.8974453795084478
0.7234635878642426
0.7865351398076676
0.8829792090783244
0.9080228630098858
0.8237290664294579
0.7730326484827799
0.8319810273924214
0.7750561497437377
0.7746774111370259
0.8939964127113489
0.9098352764549179
0.7882573924837195
0.7806985134589812
0.8094467391145304
0.8785213135907903
0.8847102864310076
0.826040827534179
0.763382013946437
0.7230551780735626
0.9204734140903603
0.8835117937632285
0.7757090286349503
0.7219031709832304
0.856155403043347
0.8756771308690883
0.8084603529737652
0.8389270743137393
0.8896922551758745
0.9203437969852228
0.8630780519878726
0.74523972606433
0.8142069994225918
0.8024997382699732
0.8384551090932948
0.7706985759698199
0.7716449071814956
0.7853173573191213
0.8162445808416331
0.874013646891572
0.8383353739318123
0.8891397201610989
0.8433318695986938
0.79363045297761
0.8885078242685575
0.885484605401038
0.8403145344529553
0.7871154467009163
0.9321525192521884
0.9742003435064917
0.8160942543888572
0.8308261177723663
0.7659629731319123
0.8791443750286968
0.8461499229009034
0.8566209872876674
0.9814555146115193
1.0
0.7415452301291122
0.7800576041345031
0.8298485816767723
0.774591900022282
0.7071697278220863
0.7675548148283619
0.7075002884441262
0.7029421264624328
0.8836668955107643
0.8737941896773362
0.763143265017144
0.7282629309516395
0.7471436751416025
0.8603017887996257
0.890370037899079
0.8721295481202993
0.8143100651075046
0.8746057015570095
0.9303618089515207
0.8349084113976901
0.8137365159695625
0.9054199074545087
0.9765376939787141
0.8095346738675905
0.8507820885470493
0.02198399929947308
0.0
0.0
0.0
0.0
0.02155346880283168
0.02603977975243895
0.02406834754375978
0.0
0.019107311114365783
0.019107311114365783
0.0
0.0
0.0
0.0
0.0
0.01904309058451707
0.024348880991225084
0.02494284416284077
0.019107311114365783
0.0
0.0
0.018638142600687302
0.018274093597654743
0.01909050239991723
0.0
0.019658394457804814
0.021383377633340642
0.021383377633340642
0.0
0.020021129932707882
0.020021129932707882
0.019340096491708404
0.016111480418530336
0.022936520984074556
0.0
0.025929714503392733
0.022397453736384403
0.022397453736384403
0.020544167774224055
0.020544167774224055
0.01801757039036678
0.01801757039036678
0.020019912066027244
0.0
0.020019912066027244
0.0
0.0
0.016579275823505112
0.014388864880335453
0.019080545967916123
0.0
0.0
0.0
0.01981782065177323
0.015468428117643634
0.017075131040255036
0.0
0.0
0.02036433500083671
0.022667066012810905
0.0
0.021754111673692077
0.0
0.0
0.0
0.0
0.0
0.023113927629609905
0.02300931358698081
0.023235737564777124
0.0
0.021484523056625997
0.021484523056625997
0.02269549868594574
0.02269549868594574
0.0
0.023137684007174975
0.023137684007174975
0.0
0.0
0.0
0.022295864243807202
0.022295864243807202
0.021285156552592468
0.01833171597743456
0.0
0.021166445795626734
0.0
0.0
0.019107311114365783
0.019107311114365783
0.02114302911777444
0.024629591289324404
0.02359509930965605
0.0
0.0
0.018177457937761158
0.016128822185693063
0.019367930595375563
0.018955244637657912
0.018955244637657912
0.0
0.0
0.0
0.0
0.0
0.0
0.0
0.02456027926206617
0.02456027926206617
0.02131801236199408
0.0
0.02131801236199408
0.019602293482343266
0.019602293482343266
0.019779770960070407
0.016377173419138965
0.019352328340465883
0.0
0.0
0.0
0.01955321119488071
0.018232864199211857
0.05095383313657872
0.019604353775076636
0.024112902149201615
0.011052219310623345
0.016613934185865396
0.02273240698754815
0.02328362964870556
0.023001779924550818
0.011961079949787302
0.024515121453003337
0.01731179649650077
0.02011087542902734
0.024434605783396072
0.021904450982578934
0.021953669963070924
0.01981026564361516
0.02275951482725985
0.023388171361677604
0.02058879322562221
0.025618563244174653
0.022344653828965267
0.01971347330203973
0.02378751831160259
0.024521165364285634
0.026850883721141774
0.027393641202467598
0.029220669859552094
0.030798797327414328
0.029916181239472664
0.03078674057190848
0.027500067813150838
0.027089056691958102
0.02993531990095292
0.024978006463702337
0.02242425727320954
0.022753291393860252
0.02174503534242007
0.02103361911192885
0.024877606528176874
0.03050584167475604
0.02610117411617443
0.02707812880128565
0.023252213278178762
0.025006982134041532
0.023132651548059612
0.02519446306520434
0.029258334325108534
0.028491245706321812
0.025348911926784675
0.02470631250792359
0.041562212587551134
0.01956494145098157
0.024107294610467376
0.02476999343055982
0.024868289015242594
0.025317080749199902
0.022499207757180627
0.023156527989659986
0.01220241751613891
0.024123972679768204
0.01667171038728183
0.022767982287125645
0.022223521625719715
0.028118638739723673
0.025773758943817848
0.025578420265177263
0.02711620744879878
0.02427394732951323
0.009779065326359667
0.02304652474077209
0.02476271177609023
0.02504069152011258
0.020803322155790945
0.020743421609319846
0.02426708172760601
0.025052134147173125
0.022398115276197755
0.021091634676168345
0.016832562204379058
0.02480026241597517
0.024213913260533508
0.026292599856704055
0.019744620389390583
0.024513445913241907
0.026996236795445785
0.01858406974177762
0.020891048630442933
0.017992993170580493
0.02284122731098242
0.021478420298361427
0.02642916399687923
0.022002888943562914
0.021759486872862402
0.02437123447599058
0.02533610601575089
0.01434549271171296
0.028713186325264862
0.025994084495993667
0.023576490062721125
0.019897842516502735
0.03681391242577732
0.014155767754083956
0.02392183724979881
0.022212431764545855
0.020341321986929655
0.023033712627962007
0.019464513672029254
0.013621868977245611
0.01624304149153183
0.017311108328384468
0.021829799702136672
0.024347328114037326
0.01733244153998981
0.015760845084474735
0.0229665935895608
0.012200113648966943
0.020817863447291925
0.02075446221953355
0.02171530081531386
0.02167231384422399
0.020324536668962476
0.02316008851165302
0.022192165095898678
0.01993332805502158
0.017071805346028878
0.02147425614883192
0.018920793393119178
0.020067879881934945
0.020305693922434816
0.02390170455902445
0.022341677099253374
0.026999288671439813
0.02272268287286128
0.02391770176699508
0.024353760989907103
0.02294798313006778
0.022163650999601495
0.0243986415192311
0.022356756957106236
0.015191550530176194
0.022241563598507964
0.023630137255439748
0.01996878367318754
0.015577702604479918
0.014313148810246795
0.020892933612674542
0.02350504026003731
0.02000744076911195
0.021460223503329944
0.025742244885780242
0.043099207710916264
0.020406274575144153
0.024405004699768588
0.027418896681898362
0.026096323956268416
0.02488405525403105
0.02846377342922729
0.023931026982439634
0.022158588271919518
0.0261607133456711
0.022073378107340662
0.022609137781758378
0.019690582596987253
0.021958622709817386
0.020994610083341858
0.022732548770299534
0.024014218528618556
0.025868564209972182
0.023491763384564015
0.021453386992416796
0.019804860112564802
0.025225189131529435
0.025225189131529435
0.021530311431033962
0.022128676017447828
0.02785100040433953
0.022231319704571532
0.021751775494079133
0.014126597413980946
0.02127654378653204
0.019322521175400065
0.027683121312955243
0.0287328748111334
0.02377629682357229
0.02349921652258443
0.026282760312135035
0.02501744128825636
0.022465785290236098
0.033126789935367336
0.034270708801504735
0.022557815938196526
0.024318357034207965
0.023760606653281925
0.022963588821709676
0.022606874482340274
0.019467249997649573
0.029265348264065464
0.03242681692483583
0.028849037249545403
0.024919499531118407
0.04665791701696933
0.02282007362149437
0.014698074150082332
0.02424112830919571
0.02524882259043401
0.0
0.0
0.018128252667036635
0.018128252667036635
0.0
0.0
0.018214262507033393
0.018214262507033393
0.0
0.02392003770712411
0.018656895880694035
0.02166733218598378
0.02482626545864896
0.02646509890396155
0.02123198989128394
0.0
0.020308414844008967
0.018850001838198783
0.018676583472890834
0.018598491351867065
0.022827793072538103
0.020305118359941626
0.022460951656472283
0.02262120815365255
0.020598218136780252
0.017331095124110088
0.018048136380943252
0.02232640996220706
0.0
0.01916586976074344
0.017303688080869566
0.030135505027206584
0.028740046069085194
0.014357401012160263
0.021430183469035746
0.025317585317316517
0.02079314923581084
0.022878059265380984
0.024815551716298213
0.022950672335160884
0.021516750654230015
0.021516750654230015
0.023806258246575937
0.023791288276065806
0.024483495640006354
0.792437415095721
0.02825317257051379
0.0335250300983911
0.0
0.0
0.04230194522546091
0.04230194522546091
0.031217768014907627
0.030034998958480632
0.047552526337650294
0.04568476222486181
0.0
0.0
0.03513714906916832
0.03513714906916832
0.03516694487387313
0.034467913672331624
0.03258818082144711
0.0621368774844067
0.029507939853033047
0.031670859333684694
0.03343309349752023
0.0
0.03172974787185611
0.03172974787185611
0.0
0.0
0.03768843806091025
0.03768843806091025
0.03756672435522533
0.04031436192479998
0.036925890489617925
0.0
0.04333502543730184
0.04333502543730184
0.032630266738967725
0.0
0.032630266738967725
0.0
0.0
0.0
0.0
0.0
0.0
0.0
0.03161728694015996
0.034376435731100934
0.034494913034693195
0.0
0.0
0.0
0.0
0.0
0.03183805503034864
0.03183805503034864
0.0
0.0
0.0
0.0
0.0
0.028159755553873404
0.0
0.028159755553873404
0.048247692744729564
0.077289178472357
0.028600478652474386
0.0
0.03087240925459615
0.034070925672504894
0.0
0.034070925672504894
0.03692491512107025
0.021349797241623395
0.03947616101840914
0.0
0.04634171363887587
0.043245383191901916
0.03984509161715836
0.03722876208238031
0.034852843365693977
0.03929988497188595
0.041574916525154076
0.030042143305500386
0.04130344844816805
0.037478663658211224
0.0404677277691322
0.04956464806722034
0.03199122200835657
0.04115643778717785
0.04854489969204005
0.05254571743704266
0.05239203273956883
0.04202864187327713
0.02004317730908456
0.03686234736776519
0.04167683992912516
0.047526094227929194
0.028053277111810025
0.02648196022174027
0.02291527849572159
0.02709736568265671
0.02706057988377217
0.022229777965386912
0.023797347619709662
0.01858932072388476
0.017936319635015314
0.03185234346027509
0.04654825959261091
0.05297419529120369
0.04089622942580257
0.02976999212036798
0.03876108365736597
0.03778269876238977
0.043352487365357524
0.02788400766516159
0.034711881417650435
0.0
0.033919884702622916
0.0366938343873259
0.036606270270893054
0.04003680448647985
0.027677909546528646
0.0
0.0
0.0
0.0
0.0
0.0
0.0
0.0
0.0
0.0
0.0
0.0
0.0
0.0
0.0
0.0
0.0
0.0
0.0
0.0
0.0
0.0
0.0
0.0
0.0
0.0
0.0
0.0
0.0
0.0
0.0
0.0
0.0
0.0
0.0
0.0
0.0
0.0
0.0
0.0
0.0
0.0
0.0
0.0
0.0
0.0
0.0
0.0
0.0
0.032392803952128804
0.018796472929857092
0.04594365005774112
0.04191294337129738
0.039884417416072654
0.049694917231440726
0.03723013609749901
0.03364054303350958
0.024807800046677604
0.03739496262717567
0.04063452448845698
0.04190731404992864
0.03388356083699799
0.04219549899066414
0.036438289740679225
0.027494618842762542
0.03616107167636199
0.038571997432165085
0.04190483714852639
0.03987479127653211
0.04376071181737192
0.044647892865085026
0.041063929122464315
0.03623898148410533
0.03652039125932854
0.03670373825630833
0.022469886589027044
0.03763713603245878
0.03413051916544453
0.049578729913326194
0.05322803496527995
0.030336750615410957
0.052051731766140544
0.04556325763770517
0.039786917569966114
0.0424146284916793
0.04783617160869714
0.04303216504582985
0.04050854027622463
0.031191112719544316
0.03923423079798342
0.044052310664272544
0.04184240797454709
0.047486759631339574
0.039577169055766935
0.03649049956286054
0.04232174468909512
0.04620124780357457
0.04426819513876364
0.047850244912118985
0.04754547345321551
0.0
0.0
0.0
0.0
0.0
0.0
0.0
0.0
0.0
0.0
0.0
0.0
0.0
0.0
0.0
0.0
0.0
0.0
0.0
0.0
0.0
0.0
0.0
0.0
0.0
0.0
0.0
0.0
0.0
0.0
0.0
0.0
0.0
0.0
0.0
0.0
0.0
0.0
0.0
0.0
0.0
0.0
0.0
0.0
0.0
0.0
0.0
0.0
0.0
0.833740623887968
0.0
0.1221615336731418
0.14156328778108412
0.1674462685504175
0.11699817531392251
0.09197315684700122
0.10828959472310733
0.0
0.11709481922856338
0.10693423502356572
0.11875247519985498
0.11875247519985498
0.09197315684700122
0.0
0.19564884900892354
0.1243988536450772
0.10670407601242514
0.14463652184677703
0.11959014836242651
0.1441688539474805
0.13472770876836682
0.14571908865636146
0.1363872620355903
0.1345296116455293
0.12392313846922691
0.09824791363929627
0.08209614249805601
0.11183884759729303
0.08823279443591878
0.12712812349223054
0.13227011290402335
0.09000397583067382
0.10652258477756724
0.11204025066645726
0.12311261321275443
0.11069843240376846
0.12364159151274355
0.13801757730372585
0.13781170666964146
0.13321646017609073
0.1311309127358829
0.13059334264624045
0.10814867732851555
0.13540156375823625
0.12298683456694022
0.12541368624349547
0.12327215104816566
0.1315175127683335
0.14517651314379998
0.10852030575842529
0.13632346476637375
0.13713541518539374
0.1253142745075934
0.13096005517925696
0.08369985361869615
0.13093540955483948
0.13045523030531553
0.11021794320197521
0.11564496860073124
0.12804134669474782
0.13662960270191557
0.15083108180319876
0.14347374612838198
0.14564077701470357
