0.031786180985801556
0.03771727481585709
0.0
0.0
0.04759172739387378
0.04759172739387378
0.035121493758553
0.03379082155888539
0.05349888423072625
0.051397559574894856
0.0
0.0
0.03953098636445849
0.03953098636445849
0.03956450808095248
0.038778064284898585
0.03666327422179859
0.0699069822577455
0.03319785466024209
0.03563124333183716
0.037613841708399605
0.0
0.03569749577579313
0.03569749577579313
0.0
0.0
0.04240130945600492
0.04240130945600492
0.0422643756703319
0.04535560037622693
0.04154340668240004
0.0
0.048753992428162245
0.048753992428162245
0.03671062290761166
0.0
0.03671062290761166
0.0
0.0
0.0
0.0
0.0
0.0
0.0
0.035570971806854625
0.03867514719164436
0.038808439868963845
0.0
0.0
0.0
0.0
0.0
0.03581934654965964
0.03581934654965964
0.0
0.0
0.0
0.0
0.0
0.03168108233924517
0.0
0.03168108233924517
0.054280979946721424
0.08695405123211553
0.03217691706866506
0.0
0.03473294850640849
0.03833143364969504
0.0
0.03833143364969504
0.04154230934576971
0.02401955098807748
0.04441258395403552
0.0
0.05213666158167346
0.04865314058120085
0.04482764866061936
0.041884151823108604
0.039211128744101806
0.04421426490493534
0.04677378506218877
0.03379885929365052
0.04646837039042371
0.04216530314153748
0.045528144343557224
0.0557626181636838
0.03599166678278948
0.04630297631068224
0.05461535208825247
0.05911646489660942
0.058943562204125624
0.04728424794904831
0.02254954058299185
0.0414719176074449
0.046888453804512426
0.053469146833223916
0.03156128895950824
0.02979348171842233
0.02578079285740925
0.030485842525390806
0.030444456728516738
0.025009571718661056
0.026773163138909376
0.02091388184664202
0.020179224146062512
0.03583542172204998
0.0523690357354405
0.05959852313579579
0.04601022936171392
0.03349267609229397
0.04360808745509404
0.042507357288672165
0.0487736379389152
0.03137085267299545
0.039052539757982084
0.0
0.038161505278183586
0.04128233238188017
0.04118381853017556
0.045043334879444924
0.03113898235530458
0.0
0.0
0.0
0.0
0.0
0.0
0.0
0.0
0.0
0.0
0.0
0.0
0.0
0.0
0.0
0.0
0.0
0.0
0.0
0.0
0.0
0.0
0.0
0.0
0.0
0.0
0.0
0.0
0.0
0.0
0.0
0.0
0.0
0.0
0.0
0.0
0.0
0.0
0.0
0.0
0.0
0.0
0.0
0.0
0.0
0.0
0.0
0.0
0.0
0.03644346582636648
0.021146938063398242
0.05168882086565383
0.04715408155748517
0.04487189207995859
0.05590917725259475
0.04188569765634667
0.0378472324357567
0.027909970824523612
0.04207113544711115
0.04571579869264186
0.047147748299603866
0.03812063917849244
0.04747197024886422
0.04099483233677935
0.030932771478689447
0.040682948652108926
0.043395356337512236
0.0471449616661361
0.04486106220898157
0.04923291012444319
0.05023103156653612
0.046198899603827455
0.040770600941186126
0.041087200502672325
0.04129347471186628
0.02527970549384077
0.04234359220116469
0.038398479201745085
0.05577846091931833
0.05988410500457273
0.03413030671780035
0.05856070720601738
0.051260861057645976
0.04476220005345447
0.04771850149986665
0.05381799883276819
0.048413259889445295
0.045574060381258365
0.035091505266445305
0.044140400794668404
0.049560972882694544
0.04707472583623248
0.05342489351607588
0.044526222864797224
0.041053570903322616
0.0476140027448252
0.05197863074630213
0.04980385332244241
0.05383383197747144
0.053490949395777844
0.0
0.0
0.0
0.0
0.0
0.0
0.0
0.0
0.0
0.0
0.0
0.0
0.0
0.0
0.0
0.0
0.0
0.0
0.0
0.0
0.0
0.0
0.0
0.0
0.0
0.0
0.0
0.0
0.0
0.0
0.0
0.0
0.0
0.0
0.0
0.0
0.0
0.0
0.0
0.0
0.0
0.0
0.0
0.0
0.0
0.0
0.0
0.0
0.0
0.9379983893835723
0.0
0.13743761374572466
0.15926552230990113
0.1883851232726857
0.13162858671022698
0.10347423469268571
0.1218310137793207
0.0
0.13173731577257508
0.12030616878702935
0.13360225864170475
0.13360225864170475
0.10347423469268571
0.0
0.2201143856938652
0.13995470655622574
0.12004722880549741
0.16272305876815343
0.13454468132666142
0.16219690983917248
0.15157516643575272
0.16394099861022926
0.15344224385425814
0.15135229762399133
0.13941950405323142
0.11053363853641311
0.09236211746367812
0.12582409434192568
0.09926614668931451
0.1430252666890459
0.14881025262867445
0.10125881113193093
0.11984304241814102
0.12605068250265603
0.1385076240712047
0.12454107227954105
0.1391027501562152
0.15527642711447567
0.155044812727867
0.14987493892506393
0.14752859752841294
0.14692380526590568
0.12167247491798175
0.15233328578014554
0.13836611703195023
0.14109644214585224
0.13868711182599786
0.14796354119960323
0.16333057500566944
0.12209057481466055
0.15337046885126848
0.15428395220985602
0.14098459915117226
0.14733637454162624
0.0941663697756047
0.14730864702620167
0.1467684222251496
0.12400049876724589
0.13010616393135685
0.1440526868105632
0.15371488878504638
0.16969223730591929
0.1614148800374797
0.1638528942386292
1.0
0.050398515748059966
0.050398515748059966
0.0
0.043254398436235124
0.043254398436235124
0.04761350852037757
0.04761350852037757
0.0
0.049098248893657166
0.049098248893657166
0.037322454224461135
0.037322454224461135
0.04800632570925546
0.05035835659625882
0.046205844140281185
0.04628873538371452
0.0
0.0
0.0
0.0
0.0
0.05569655112081341
0.05569655112081341
0.05611761041484849
0.05611761041484849
0.04483530078296731
0.04483530078296731
0.05485629797984217
0.05485629797984217
0.0
0.04399879311599951
0.050549912987485936
0.055585252471238654
0.0
0.04991949650951872
0.04909073914662068
0.046169474208871755
0.0
0.0
0.0
0.04849654060349974
0.04849654060349974
0.052337721640285564
0.052337721640285564
0.04729551590859358
0.04729551590859358
0.04769789613832299
0.04369118529134463
0.045417088793448766
0.04849654060349974
0.057507472099613814
0.0
0.09706279727389157
0.0385064599247071
0.055522725282583583
0.03974690401924071
0.036946035291412056
0.04452010842914022
0.04458815496054222
0.050428597493085404
0.047636684747034086
0.06614232757738747
0.06940980879946133
0.06901177580325782
0.06694740317758756
0.03157346098840566
0.051516460430774416
0.04787022797700975
0.07097064417561431
0.06756477990186949
0.05304721315471644
0.06133995678587389
0.07293574756400065
0.06672277250327502
0.04544551591299268
0.04240920872083458
0.05005620695878965
0.06044065252984955
0.055874058677586824
0.04527628659700131
0.05160100260929565
0.05278129947474049
0.04466760593854789
0.05382360253628072
0.05830010126037433
0.07335970409563364
0.07898789710104852
0.06385178310995251
0.052851671516601605
0.0642473721482865
0.06074753207795516
0.058838391758453804
0.047185454316495075
0.03895429498028452
0.06024838051167603
0.07710846289547763
0.06286932303747471
0.04850824340644931
0.06344300626577778
0.07217321269104854
0.04257377557767893
0.05392947788148405
0.0965098855479502
0.041634995813927114
0.030738068202220935
0.027111119549092046
0.04352988350535913
0.048886212844798306
0.04942856656927409
0.05387454037365915
0.04192513562452511
0.04542356507286718
0.03773063865828652
0.027115676017249242
0.041144572425066445
0.037036715360699274
0.0393324382361953
0.04088565782272219
0.033280309406398256
0.044751888060988586
0.046593237251573535
0.03587441393930602
0.04488704094735722
0.04820133547664079
0.04466477911092453
0.04854219949892992
0.048968966347359165
0.05010218678080795
0.05052245396142472
0.049509242858410345
0.04396160886325355
0.04080156418246803
0.0386389839868007
0.04108279207740563
0.04726973875914797
0.04967414680157008
0.0516234440833498
0.04242152262612093
0.04520378249116708
0.035893979949628105
0.03474119350585724
0.05020778963103946
0.052696358320600385
0.040212104618072994
0.043554944080223715
0.048649410514393386
0.05444007848022891
0.051542566773559555
0.05163342810916483
0.04518059810907311
0.046666676797166004
0.05234222693514764
0.07893478020381986
0.05836648090092418
0.02340590685467483
0.059667528975421186
0.04513127567151222
0.052257870433203096
0.06981848690328213
0.07066528318235328
0.04662659118009661
0.041597508089408194
0.04799713971253367
0.05032598977558792
0.06197647681223291
0.0578008087805851
0.06385078469823802
0.06531975680699438
0.06437985195500065
0.057257777827813
0.0502327902734946
0.07828653882322881
0.07745358499972742
0.07040507011968694
0.0531719061810655
0.056624837237709856
0.06653538606900729
0.06005090963727559
0.060194444707082545
0.043675984627161754
0.059988614320121314
0.056948831310419806
0.0676713658233032
0.05171784463310758
0.05962661237392784
0.05846223373910998
0.05780953181557587
0.058413284511291505
0.05729820420232122
0.06846258444253528
0.05982729799349849
0.053211239222363656
0.06604433076645529
0.062150539610731616
0.056079159835864166
0.060686058227360826
0.060279187686801024
0.06513514551600098
0.07311981314334019
0.07249710146944388
0.05413126623891237
0.046856059594496555
