0.022294453599117796
0.0
0.0
0.0
0.0
0.0
0.021857843224016165
0.026407509093939602
0.7807017424780519
0.7834057626017916
0.0
0.019377141312652148
0.019377141312652148
0.8995670503026547
0.8995670503026547
0.0
0.0
0.0
0.8471923558439084
0.8471923558439084
0.019312013871401853
0.024692731747963624
0.025295082766483172
0.7948663430514288
0.7953262053896728
0.0
0.0
0.018901347281007383
0.8405793908695524
0.8410707168348467
0.01936009522839654
0.0
0.01993600696135341
0.9191761592948355
0.9208877212211688
0.021685350055954226
0.0
0.02030386492494852
0.7856874792900835
0.7751281300560897
0.019613214045507563
0.01633900400518248
0.02326042663296929
0.7903141022392143
0.7903141022392152
0.02629588952216337
0.022713746769277683
0.022713746769277683
0.8493550360335467
0.8484172121365864
0.020834289017918017
0.018272011455463373
0.018272011455463373
0.8230697746939322
0.8247915606552164
0.0
0.02030262985976172
0.0
0.805543012052473
0.8055430120524731
0.016813405537315928
0.014592061983294515
0.01934999819335584
0.8434680130555803
0.8434680130555803
0.0
0.0
0.02009768454492202
0.78285670687549
0.7851121422427062
0.017316263137114735
0.0
0.0
0.8565970723641805
0.8562527448192202
0.02298716646442329
0.0
0.022061319539378774
0.9268008465756273
0.9268008465756273
0.0
0.0
0.0
0.828105013678508
0.8281050136785076
0.023440338584984215
0.02333424720063513
0.023563868699341625
0.8456333403837338
0.8456333403837338
0.021787923837707054
0.021787923837707054
0.023016000658933052
0.7952929718277068
0.7978712615388518
0.0
0.0234644304460734
0.0234644304460734
0.9120931452018163
0.9120931452018163
0.0
0.0
0.022610722647161987
0.8379511085921687
0.838500752088255
0.02158574191380659
0.018590593353090074
0.0
0.7634674205097458
0.7655303574884564
0.0
0.0
0.019377141312652148
0.8433236010980071
0.8433255801769287
0.021441607379523376
0.02497740618915685
0.0239283052896709
0.8849501928335547
0.8849501928335547
0.0
0.01843415690761257
0.016356590669832048
0.891675827177949
0.8894095155241557
0.019222927379019688
0.019222927379019688
0.0
0.8505367981169164
0.8505367981169165
0.0
0.0
0.0
0.8359113465371507
0.8359113465371507
0.0
0.02490711534923645
0.02490711534923645
0.7985310736645516
0.8026501014933836
0.0
0.02161906170736132
0.019879113737456582
0.9949514367557527
0.9941347771443939
0.020059097521943466
0.016608449077163603
0.01962561863035312
0.7682126037873219
0.7682126037873219
0.0
0.0
0.019829338318277104
0.8339177675664732
0.8393743024391478
0.05167339450324094
0.019881203125293567
0.024453420452862192
0.9499618470638987
0.9490290029593261
0.01684855333917568
0.023053430173294295
0.023612437107135068
0.7640245776268563
0.7686466155648928
0.012129992286811195
0.024861319829273285
0.01755627074268771
0.8103114370428621
0.8114843808500876
0.024779667131071822
0.022213781914419962
0.022263695956984585
0.9234527573277186
0.9262103221638913
0.023080920825308614
0.023718455140399986
0.020879544662352086
0.8042153874987003
0.8075663617834348
0.0226602012305448
0.019991863619660245
0.024123441600041352
0.9606582067207412
0.9605121708382627
0.027230067334957142
0.027780489545136282
0.029633319190222975
0.9060536804275751
0.9063261054303848
0.030338652463576435
0.031221505686862994
0.027888419094317343
0.8805007323739654
0.8855871549104146
0.030358061397979513
0.025330741623378027
0.022740928821091824
0.8773957764230566
0.8776526428781469
0.02205211503370001
0.02133065230418082
0.025228923857036463
0.8960601029099622
0.8956021060312304
0.02646977045843941
0.02746052153147892
0.02358057707996616
0.8899661830358998
0.8914052198426493
0.023459326919426194
0.025550254988197175
0.029671515546957017
0.9744436670716694
0.9743910624529921
0.025706884950336132
0.025055210851758356
0.04214914708590067
0.8312852746968016
0.8335184958187226
0.024447733725419536
0.025119791065554876
0.025219474763769
0.9470284552056756
0.943618524692746
0.02281693774305194
0.02348354054007457
0.012374737981234453
0.9490674241955726
0.9501124249680223
0.016907145446283453
0.023089507861202712
0.022537358418924004
0.866719642491666
0.8719431263535652
0.026137731584697
0.025939634366454738
0.027499137919176814
0.8607664869221109
0.8625403544892082
0.009917163623931377
0.023371983844012345
0.025112406580799138
0.7931908611237525
0.7911958301750828
0.021097103133591207
0.021036356681789155
0.024609777329053995
0.8598051593676277
0.8607371695539331
0.022714417651243785
0.021389487154352738
0.017070268785388268
0.8555074426110737
0.8548790102349758
0.024555858025930993
0.026663899480724125
0.02002345056088199
0.8276883559844024
0.8284905279863624
0.027377473060658634
0.018846510814379474
0.02118606846660001
0.8899839293305916
0.8912575585039187
0.023163787238830794
0.02178173489732807
0.0268023921564636
0.88445283570843
0.8854137621314929
0.02206677064619771
0.02471540090483968
0.025693898196404424
0.8723448100112121
0.8730783975908152
0.029118669059764037
0.02636116853685345
0.023909433246115337
0.9028989172925679
0.9011004959593468
0.03733379223670874
0.014355673099065144
0.024259657367441335
0.8714161438152662
0.8689118053889837
0.020628578676910137
0.02335899080072391
0.019739388224091294
0.8002376020069261
0.8081201968476549
0.01647242296128444
0.017555572856378297
0.022138076421290027
0.8062251417672973
0.8077745413119025
0.017577207331970136
0.015983417058566218
0.02329092391867625
0.9368823824725667
0.9345965255781044
0.02111184977473796
0.0210475532056228
0.022021960600658474
0.898879207877872
0.8991187646613198
0.020611556319537035
0.023487151343153708
0.02250555907752113
0.8396582546022654
0.8361456372497743
0.017312890478000262
0.021777511942387036
0.01918798961986414
0.7905097229748101
0.7895170894967463
0.02059244747894719
0.0242392403662315
0.022657182463962117
0.87140733041707
0.8689616002799985
0.02304356873631344
0.024255463484052702
0.024697680661157163
0.916587204503132
0.9125234040833284
0.02247664231000497
0.024743194985684173
0.022672475277003196
0.8295999890711042
0.8291680639882764
0.022555655177383862
0.023963838035366624
0.02025077944045291
0.9422880838103798
0.9405832871106792
0.01451527666373987
0.021187980068230142
0.023836974441468328
0.9152222298590915
0.8960655522807583
0.021763281130251586
0.026105772490490873
0.04370784739302612
0.8932489149115027
0.8943013686846958
0.024749648025975127
0.02780610167815278
0.026464851805399994
0.8974235224936787
0.9007108719093269
0.028865733997222233
0.024268976875923762
0.022471508087343606
0.8971614019529587
0.8985055680944782
0.02238509459931088
0.022928420180742756
0.01996864965596367
0.8354273223039751
0.8363036756130553
0.021291092396725754
0.023053573958277583
0.024353343238970784
0.9211194938884434
0.9212827228528138
0.023823510072217384
0.021756348075293894
0.02008454097918288
0.802639870604416
0.8044618398028591
0.02558141496280583
0.021834358827751924
0.022441173417100956
0.8486949694291333
0.8505096310335565
0.022545266620919272
0.022058950368634613
0.014326090820379727
0.8770723796087722
0.8761668187069331
0.019595390533571067
0.028074057644517043
0.02913863558308191
0.9164672008018027
0.9172756891576698
0.023831068462185488
0.02665392098377995
0.02537073333981836
0.8171678018075579
0.8247303651205575
0.033594600829498354
0.034754673923335595
0.022876373578833598
0.8031231290624289
0.8046087983518041
0.024096149899858314
0.023287876718004506
0.022926124919395153
0.8497980583080211
0.8518370155975874
0.029678628535567148
0.032884742919145185
0.029256438447695304
0.9773576038869677
0.9798677310505362
0.04731681218672725
0.02314233482053706
0.01490563785376655
0.8995265088162462
0.9040316156318144
0.025605382169398096
0.0
0.0
0.9817894794204278
0.9799565442326301
0.01838425676842242
0.0
0.0
0.8226258529717378
0.8126190135247278
0.01847148122475331
0.0
0.024257832411931
0.8160394623496215
0.8141699119728788
0.021973314566502245
0.025176857757655415
0.02683883453019287
0.9245911558319915
0.9280696299045534
0.0
0.020595206824913108
0.019116198358643532
0.8613074226064867
0.8500625918697888
0.018861136083994152
0.02315016328435571
0.020591863788458346
0.8592250086711056
0.8595737120062615
0.022940661008376204
0.02088910267050276
0.017575841902234327
0.8064291370048324
0.8076909364851557
0.02264169972700267
0.0
0.019436526914275828
0.8478947195876576
0.8491320172353689
0.03056107350454389
0.029145908112319
0.014560153787723504
0.860065432039404
0.8616838516749133
0.025675115951816273
0.021086786553365086
0.023201139327825963
0.974054284322402
0.9744060614305179
0.023274777827029164
0.02182060654796401
0.02182060654796401
0.8597920137321949
0.863006674335592
0.024127264803301622
0.02482924740192325
0.8036280815147154
1.0
0.9967642518802086
0.03399846487238208
0.0
0.0
0.7915488336962232
0.7848938969825908
0.042899326102328675
0.031658620026114324
0.03045914810620683
0.8203762671940664
0.8034858254901306
0.046329914668134256
0.0
0.0
0.8555811583423861
0.8536126866327542
0.03563334991311768
0.035663566489109635
0.03495466368781287
0.8161854767648671
0.8195277011276817
0.06301436390162986
0.029924645961700514
0.03211810982344526
0.7291708417940447
0.7199654442369895
0.0
0.032177829975538516
0.032177829975538516
0.8917634521013904
0.8917634521013904
0.0
0.038220667774144616
0.038220667774144616
0.9177055919723833
0.9145487142115877
0.04088367448829189
0.03744735163572461
0.0
0.7637238616324742
0.7572565657187089
0.04394699529724201
0.03309106581695483
0.0
0.8334944162963162
0.8322856924796078
0.0
0.0
0.0
0.8205351099926103
0.8205351099926103
0.0
0.0
0.0
0.800100776101141
0.8048113066497004
0.034861893910652295
0.03498204433057837
0.0
0.7941201961779636
0.7941201961779636
0.0
0.0
0.0
0.9050470899693894
0.9064335007347482
0.03228766662930523
0.0
0.0
0.822383742215518
0.8223837422155181
0.0
0.0
0.02855742283313199
0.8113620341615133
0.8113620341615133
0.02855742283313199
0.04892903845696753
0.07838064310742575
0.83966932885836
0.8463702057107331
0.0
0.0313083841681193
0.0345520694909619
0.8184830240250602
0.8184830240250602
0.0345520694909619
0.03744636249318816
0.021651295447655622
0.8874938652024239
0.8903833818645719
0.0
0.04699614343829994
0.04385608713929656
0.8187582675139495
0.8255044983546375
0.03775450032961552
0.03534502929284613
0.03985487126436446
0.8251710084499131
0.8169027530699617
0.030466393344480272
0.04188672872334505
0.03800793097300361
0.8353092401347288
0.832195541493762
0.050264591598569275
0.03244299660532997
0.041737642002800064
0.7066468265282436
0.7181497045116866
0.05328775912309007
0.05313190411645318
0.04262216320668162
0.9379092726289198
0.9314555996478605
0.03738291116871082
0.0422653931752996
0.048197249648623465
0.8842476992308775
0.8753593933795106
0.026855933960633932
0.023238884161808165
0.0274800300728174
0.8219320678152571
0.8288668484765979
0.02254370310955607
0.024133409715966
0.01885183594996298
0.785629563552536
0.7862841330888265
0.0323021568380093
0.04720560619886971
0.05372228786864328
0.9006535365450191
0.8785569694684549
0.03019039888659177
0.03930846108930603
0.03831625960922104
0.8131251341314464
0.8015984060548096
0.028277780879627765
0.03520207670414343
0.0
0.829037278630634
0.8243552270528266
0.037212018476618036
0.03712321779462354
0.0406021974310275
0.8293089847898085
0.8311356717970345
0.0
0.0
0.0
0.8499782627800673
0.8499782627800673
0.0
0.0
0.0
0.8638978515555964
0.8638978515555964
0.0
0.0
0.0
0.850995046391083
0.850995046391083
0.0
0.0
0.0
0.8754408098207509
0.8754408098207511
0.0
0.0
0.0
0.8609593433211676
0.8609593433211676
0.0
0.0
0.0
0.8672986022537515
0.8672986022537515
0.0
0.0
0.0
0.8307966952809567
0.8307966952809567
0.0
0.0
0.0
0.7960828709261947
0.7960828709261947
0.0
0.0
0.0
0.8240396094068869
0.8240396094068869
0.0
0.0
0.0
0.8218518366981415
0.8218518366981415
0.0
0.0
0.0
0.828328936917412
0.828328936917412
0.0
0.0
0.0
0.8084265839236336
0.8084265839236336
0.0
0.03285024962102162
0.019061913524161037
0.820373019441875
0.8230500141802148
0.04250483083013189
0.04044765837632601
0.05039670040177401
0.890942188897741
0.8874603461095876
0.03411560906152689
0.025158131580276317
0.03792304793024145
0.8769462926827118
0.8809095575652988
0.04249912201244407
0.034362058721110075
0.04279137665190569
0.8367701896929629
0.837809348586922
0.02788289317449584
0.036671732181248216
0.039116704620587694
0.8901256662464494
0.8871961103393972
0.04043789629807983
0.04437869314798187
0.04527840281558227
0.8163720585899741
0.8150303874347382
0.036750742218047645
0.037036126014261754
0.037222062206354045
0.855152016992486
0.853668348624309
0.038168641267171455
0.03461250455307473
0.050278872306111166
0.9006111733485281
0.8968218924230178
0.030765161048722314
0.05278679747054761
0.0462066942138601
0.9372067666838868
0.9363145144667602
0.04301360066247038
0.04851170588943278
0.04363985796282421
0.8977564569466151
0.898401449733365
0.03163158830920273
0.03978828993338282
0.04467440990421093
0.8399228093654982
0.8413217801995325
0.048157359575549806
0.040136071106924805
0.03700581219233943
0.8174939189337211
0.8216297558413834
0.04685369396835927
0.04489334306253882
0.048525977933652334
0.8721247643952937
0.8686762431001606
0.0
0.0
0.0
0.8273615478758112
0.8273615478758116
0.0
0.0
0.0
0.829811352535151
0.829811352535151
0.0
0.0
0.0
0.8451681552070257
0.8451681552070257
0.0
0.0
0.0
0.9883523555914863
0.9883523555914863
0.0
0.0
0.0
0.8132954374931235
0.8132954374931235
0.0
0.0
0.0
0.8604282899509741
0.8604282899509741
0.0
0.0
0.0
0.8912684849950763
0.8912684849950763
0.0
0.0
0.0
0.8233690416203107
0.8233690416203107
0.0
0.0
0.0
0.8610511920730793
0.8610511920730793
0.0
0.0
0.0
0.8295189493960763
0.8295189493960763
0.0
0.0
0.0
0.8237506937860276
0.8237506937860276
0.0
0.0
0.0
0.8237675787901773
0.8237675787901773
0.0
0.8455145671977593
0.0
0.8690069717543121
0.8557488997390823
0.1435624204577547
0.16981091628001357
0.11865040364972235
0.8938595007879021
0.9029292811542444
0.10981884196473084
0.0
0.11874841235329112
0.9039567662218835
0.889260681336538
0.12042947746031861
0.12042947746031861
0.09327198612761048
0.9134439624997694
0.9134439624997694
0.1984117687837989
0.1261555931017562
0.10821093282843987
0.8205909714700099
0.8299188369229832
0.12127898010084248
0.14620478198646653
0.13663031056063593
0.8839066235137969
0.8593482772637513
0.1383132997568858
0.13642941594391686
0.12567315995708972
0.9203948711174521
0.9318916857982161
0.08325549026165321
0.11341821678444187
0.08947880295462154
0.8804070450344023
0.8853570510074564
0.13413800894541972
0.09127499667183722
0.10802687860522657
0.9066935915485046
0.9179850229241687
0.12485118860077822
0.11226169684148629
0.12538763704236502
0.8971230550076476
0.905744734298998
0.13975786015582684
0.1350977203727333
0.13298272118623009
0.9698409268495654
0.9287196631772333
0.10967593455865617
0.1373136816160807
0.12472363373031696
0.9106532839047813
0.8964696277421643
0.12501297940237113
0.13337478071859615
0.14722667117460017
0.8747938559432553
0.8524099455629213
0.13824860155348237
0.1390720181982445
0.12708394138202206
0.8519499810747482
0.864371368276977
0.08488184871802189
0.13278445714251003
0.13229749688328057
0.9525246480724244
0.9508350596275167
0.11727808718144533
0.1298495248188545
0.13855906271689
0.8913489924292256
0.910934208703105
0.1454998579729524
0.14769749130093882
