0.596972528814496
0.5732352429057368
0.3361439997945127
0.48454645391352846
0.4497963947476411
0.37544117884394773
0.43407173781582803
0.5390715734177058
0.47297173810979803
0.325917776268128
0.2367593176610211
0.23645218010586833
0.14748080444670997
0.0
0.23830941863252955
0.38495353880337907
0.3922178291065306
0.2953102431450582
0.4610166510272414
0.4897883038935537
0.3927352879980505
0.4683179357257423
0.33446855718246693
0.5855383690603778
0.2500099462649519
0.4891392816643359
0.44881908039381396
0.3325207442763336
0.44127007059683265
0.5066024274681716
0.47276670710291724
0.5231446373211375
0.24537827274859808
0.47170790617181285
0.3473569441227729
0.421514395239682
0.5554314175516486
0.3511846570629544
0.2416839532131688
0.4318826929012858
0.4440002248967692
0.45982214472677085
0.474119498631203
0.39829886239502504
0.3361329339281166
0.6598571240926724
0.6399070612141746
0.4369415780947735
0.5673668959763547
0.7152295669249984
0.6097017933919601
0.3042227017587618
0.522224484396985
0.5958504866609302
0.2613651838168076
0.2413775404206784
0.3298996106076001
0.3902065699463115
0.3232946755418982
0.40523421954658995
0.2991925193383554
0.3241891090596212
0.43373909257213134
0.6095891071287592
0.5437968536790935
0.24097666533980489
0.3408156694909808
0.18167635989731032
0.30926932493263465
0.34382091644053514
0.3748835612341832
0.3467590057574267
0.3700127013380189
0.46401085655157787
0.4832232724778752
0.13550125494617948
0.37762313870668063
0.38620816569129324
0.3297033904715647
0.3096529768394699
0.31046973325597943
0.3256120200683567
0.3275149345879382
0.4711124651522743
0.493239143770333
0.3749528796031599
0.3074633741892825
0.3492821384622993
0.2092937760534406
0.27926360795824146
0.32322436859596526
0.1857207621606904
0.5371295502193304
0.6472641563626114
0.5015262398446957
0.44326133588827393
0.36889145508375093
0.3992060652217621
0.45187728567453134
0.40592950081538576
0.4824406803175408
0.5484278569226883
0.4043287977039564
0.31556712338497606
0.3175762022808362
0.4217189910733284
0.3731405897366168
0.48931293408836285
0.5397654837098665
0.436950447467603
0.3283873474533908
0.5409869546781904
0.49038444184058977
0.14655054603780238
0.43984309653201153
0.624592760703199
0.33918862487489104
0.22676976190154366
0.32525382013289195
0.4548556192076971
0.3069444524851871
0.16855770851395857
0.33630100050256195
0.4667010272397101
0.44238875655860765
0.3651840353538577
0.5474674753860908
0.5918791843994028
0.3934659505672236
0.4027054817191406
0.3330624257660831
0.3706761336694715
0.38705127547078577
0.40768373157139387
0.4953763068692677
0.4086225587214194
0.30916640377584126
0.2768345445240911
0.3070568000655532
0.2496858586154065
0.34744696310219925
0.358374506162564
0.20699623189478283
0.2858674316347223
0.4919341626461811
0.6398671316161305
0.5310201115749597
0.5608694052987157
0.4495947624823837
0.40661532867069433
0.28544161707599397
0.21227565934359194
0.3658339425157992
0.3901062105175687
0.21958705543854742
0.5148006193247536
0.5489311594770019
0.4317575068565204
0.5313878710405464
0.3266036117273239
0.4230662619954951
0.40886340623648254
0.38788497129763433
0.25627414120725095
0.2527477059352582
0.32288171718330305
0.48124093018774966
0.45609738857887544
0.4379669332593943
0.30300225185024215
0.47624357415817203
0.5157193666805409
0.38964838689856907
0.34216915309992346
0.26013981881272813
0.3576298405734279
0.30414327147147663
0.1894481238303774
0.3793301554882218
0.10985684648565786
0.30025217707798735
0.3734791059939033
0.46811412061228264
0.39327083016871506
0.39504465480988465
0.3544101598869474
0.10758890215696348
0.4443212316550554
0.5018383016200688
0.40807452550846807
0.2890845472708308
0.40262678239226274
0.4001532213189784
0.33735887270037723
0.3286772257422838
0.2995824707472792
0.41334061061009014
0.40662910007214487
0.30291753294864115
0.3503035119245705
0.2962646604249868
0.33155840103928014
0.31530820516134883
0.3628369201387053
0.4057972833484664
0.4010916202985089
0.37386227468248023
0.4101013464549178
0.31053101176548076
0.4982906240610625
0.5811089919276317
0.4971198508357643
0.4830985887057024
0.4095026299181766
0.3447236114820943
0.32376591770497554
0.29848614498090914
0.3420669543607766
0.45469940540392256
0.33054624961376455
0.34146311412381564
0.6271628779142961
0.6016291053150685
0.2167714909597828
0.27896465089113986
0.4822705496461337
0.5866830452097693
0.36169668948359307
0.6355992966378279
0.5659337022090052
0.23652063227318357
0.39010556489538173
0.3694246272423231
0.33618573021036763
0.23217319829314678
0.33557144546458
0.1785491667881832
0.09609046210814738
0.42830193787735066
0.39469176246300175
0.5401454432338336
0.49178474355091206
0.24839341003415044
0.343204163024302
0.5223185410548928
0.33434211620193854
0.3614277876889916
0.34646880646263967
0.49762663780929295
0.3982806936954514
0.4239854862011733
0.38999364405952575
0.27580249758734154
0.34136063019720064
0.23021008033401805
0.3439987687091516
0.5325961648801101
0.5895198559061207
0.4264381001456033
0.23733426459830753
0.46212170054278434
0.542968941658878
0.4413961379285009
0.3700297359827929
0.40459342729488645
0.315034311224348
0.28665645566169545
0.2547122958861791
0.18982064096358256
0.49065653939484904
0.42963191405904844
0.15821688550033094
0.42657748534457346
0.3318192041404044
0.30136029447942975
0.3669532461774087
0.33960691245691
0.34642021563158665
0.43341024355487506
0.33932937176517153
0.5413859204492483
0.5545185240565045
0.20718137672000347
0.3562325648321441
0.3573565929582411
0.43549000935121146
0.4511502802379855
0.4714773009809691
0.44492435838549566
0.37035530609969347
0.31662873843853284
0.38584992703885285
0.44417260024876354
0.3372337841461225
0.3960786415007097
0.4733341404789109
0.2910937186762307
0.34100567340411264
0.2735496789971273
0.5125701797260326
0.47098867330496047
0.5975136012762059
0.5074007647244323
0.3982227468947258
0.2862678585996841
0.23317897873933757
0.2534648964858339
0.2953803487562332
0.3423266179334951
0.33558636241790823
0.4011628058780779
0.4487880905792793
0.5135446899247261
0.5869299002751447
0.40598108931841276
0.22010450374823143
0.31885241820964394
0.3556415401163854
0.18064846074638097
0.5094629620575521
0.48303317555225156
0.2615277856870386
0.2253579729347942
0.412644590077805
0.4124514086573376
0.3498245219690056
0.3389604057404944
0.2860827426754682
0.370031106533577
0.3305672785213162
0.3252808615669123
0.5162413849168938
0.6631534084254932
0.6559597550009176
0.36243209255862735
0.3541682468332326
0.45816336030305016
0.3509045294503635
0.42171567071828586
0.43833614706533985
0.5075464621660288
0.68662269884625
0.42275785641575836
0.16553479652681777
0.2763385773686736
0.3975286457847517
0.4016546055438074
0.4263151188016656
0.36193205904034026
0.44333542270169657
0.4120166094007013
0.4146921236826807
0.5081490536390484
0.5006728752845099
0.525836309106999
0.53026867325905
0.2901405192934482
0.4650389208033807
0.31145251343684266
0.12585407040693633
0.4350431219088065
0.4886406369671208
0.4436170425753014
0.3910540478571976
0.2654108439418323
0.26290356868743237
0.4207055092492668
0.4513322721575911
0.2763345542185746
0.18561532543147996
0.4459022479846101
0.5109826518045987
0.3946557335712034
0.25982711427355937
0.2577907273720996
0.22092548357671837
0.18507862470945513
0.24114358496482746
0.4156845111700179
0.5649268358372602
0.547289686813913
0.2676792323108595
0.42921446905148536
0.4711875023291331
0.3818329300934811
0.22590623368681453
0.22470263519532038
0.32960102817642667
0.17340632087475508
0.3768885413307268
0.3080152281419524
0.35448212044631117
0.309829555027037
0.18309979682346356
0.24255213124208783
0.32295817051996467
0.3215811853239378
0.5317663141345295
0.4159061847625329
0.28510569606045827
0.27494095124380535
0.44782258470146147
0.4545405215978941
0.5844706951688659
0.4386554138842271
0.46408326364340063
0.34377418105897023
0.1760162862657979
0.38104675969806556
0.4442633526583808
0.336641036456365
0.34010219524491514
0.4168598322059094
0.3682870548645177
0.6380370583118393
0.5981249573953402
0.2441421532482889
0.3418977518271019
0.5678665331880366
0.577394195128087
0.612403821003679
0.6986957202032699
0.21741439515374855
0.265191868115642
0.36656831970141623
0.5055485305530173
0.3219944872768047
0.2792895935813301
0.26638213703556635
0.31760673772310005
0.388891652938624
0.3285701826350122
0.27127441159749227
0.32695722069480304
0.29885005307821433
0.28527397524115516
0.295307416513572
0.34017480201648403
0.34492385930159103
0.36347935050341074
0.470954552623484
0.5608490642719276
0.30913810923597856
0.2882024386881639
0.26175124445979997
0.34213359813493255
0.36190786688065196
0.41069416659724517
0.37168451436625755
0.32063549089724425
0.22714947328763593
0.34430641051666017
0.29906266200271125
0.3338154592234723
0.23349513541213016
0.4344880594189132
0.6644038485950289
0.6236820356860213
0.42623666069293775
0.22579312259925421
0.255560895529934
0.26778852520656926
0.4576191735587124
0.542026481610933
0.3529441411763331
0.269315321042656
0.34920796554425665
0.4647271487732982
0.2910767946412748
0.2094329733581555
0.38727550021898355
0.4408553319055818
0.22238650633800175
0.3964464133682993
0.31773265222258384
0.9227138122696943
1.0
0.2152064069866949
0.32278418835764267
0.2832855856307975
0.27583446984848353
0.2674440226541299
0.43527465281909483
0.4736780873864745
0.41703922792864284
0.4825400912492095
0.3936249178509705
0.4046807236743365
0.39555450559216837
0.28588981735701346
0.19890736907073975
0.5004522838299995
0.48726004142732626
0.37327754454527495
0.41317886652258484
0.3090162787038701
0.26977004964358153
0.2991197352464567
0.4496328240020318
0.210621165046955
0.2448506751199164
0.42000210522370235
0.5295531600823751
0.4392663378193912
0.32404699476001014
0.5038864576342643
0.5471045327323475
0.22487762179635262
0.26570663629924424
0.14579150844052677
0.40721595670588956
0.29080920529692267
0.2882286825866152
0.26818792908604316
0.2645261078552112
0.09328798620990605
0.4497483500269721
0.5037215018066488
0.3311645177252199
0.16406581153020652
0.19822331905475415
0.3147415664223053
0.3196874660109939
0.33419811496672513
0.27131032815334133
0.33604590151257263
0.24124774717699546
0.2997544015265108
0.3985765925616674
0.2540486483126643
0.32178096634285325
0.3415028179059426
0.29625838969198487
0.07373621176778511
0.2839956931981739
0.3546870216942379
0.35666722561809494
0.3320795248577425
0.509366766953862
0.5581552193442141
0.3807874177589183
0.2806405469651384
0.3685074289296774
0.3858698932918845
0.40220019550520897
0.19026566967834888
0.3295211418652223
0.38874285649463186
0.5088129060656535
0.5182091130462954
0.3423998576553862
0.4343528550114168
0.44917334339904036
0.2430500380592316
0.18211996368400493
0.2903687368925769
0.2004032684102253
0.23463266778039432
0.1272802800693701
0.23863115777239527
0.23044428414732424
0.3249999121049031
0.4120139098595952
0.24518871740158849
0.43946999601087894
0.389425193217006
0.2188161648158698
0.12016414633491164
0.6150214136513096
0.6509961770411641
0.37135785008172106
0.4292075732347914
0.3455238842043437
0.30959726404843685
0.30680070322755415
0.2822939906790413
0.218157020572854
0.5431604384905322
0.5746396223137256
0.3968152013081831
0.4261120499914807
0.22722159014086127
0.33706522026029767
0.4271848510452718
0.3810495596030454
0.14984353751160037
0.5120955586363458
0.4985628965604654
0.2217805480553612
0.1463761832509469
0.19292057211100688
0.3008889102957628
0.3410753318616809
0.30994495056704147
0.3244434951741908
0.170544852482337
0.3739244491367702
0.4044038317156567
0.4482643262182439
0.24226024169050775
0.16308913040912995
0.20352476376489623
0.45285926903834717
0.48619697164545583
0.4547487306097471
0.4426407065401159
0.329461155572958
0.48616484924357384
0.42903214375870086
0.5375469922061552
0.5326752107830282
0.5694871022412995
0.5138942176652864
0.309220997661076
0.5221071398340817
0.5025541396342553
0.2676996187744854
0.29901270504548516
0.43029687737709976
0.4029357674971327
0.21462353153294803
0.47886055422018353
0.40973983953219956
0.4480653981332718
0.24878983449602932
0.34669930118026054
0.30456129587630815
0.24152805315445566
0.2929578265280003
0.34188782756623826
0.4970807695114069
0.37010974122228063
0.3512214186783039
0.39041825048283624
0.4015914796297469
0.4838594278927814
0.3958198099764931
0.378210600925923
0.39355990088875525
0.2944167040333228
0.321464584402729
0.4241014610284124
0.3333833224614228
0.45779456029490634
0.42371767377238573
0.4164385876877256
0.3719306270177102
0.13267289538290508
0.23865454811850098
0.34721985898512225
0.45009943285131515
0.338170290885968
0.24508794083134094
0.3158084642015051
0.44635601052546553
0.38886977142316625
0.37683554510185663
0.5166173767443885
0.5372291876413247
0.3484990636105409
0.3604393726553483
0.3035322093924405
0.4497079063303396
0.4138453981563116
0.31321824774165413
0.30520775088983787
0.3391251677821667
0.5008761365456023
0.37980268169002734
0.3171789969389012
0.39024066256607093
0.35142861773325135
0.45080295867434467
0.43447583659110656
0.303201788805993
0.1420947281243166
0.2877636720578515
0.3342970706271717
0.7397649111647855
0.7287344886341734
0.34884879934252344
0.42532896052501246
0.3982406829775459
0.5339572333327495
0.6445753002882175
0.5257922660152567
0.35535757209505253
0.19309945582105711
0.3638552573406182
0.3127301059058751
0.5005534534647518
0.5949429718145293
0.39331684901295083
0.19156814397455937
0.33197732074958836
0.3425686947764862
0.36412462136283574
0.3979744909934632
0.30273475693558705
0.30779589073149477
0.5914805714715862
0.6201746038816193
0.4494898293998562
0.42324446115513725
0.39427963155817813
0.2921747823860193
0.3842778773128588
0.482122224146695
0.35840502823144244
0.44217912026289224
0.3991884215758198
0.4595789679049904
0.3261270419256759
0.12660342091716592
0.3023578228530646
0.4346269137569002
0.3270043835607006
0.2623840631846194
0.3099264070220198
0.3954588073889772
0.3618356064452509
0.3760504119117404
0.34647656449274783
0.354576560646112
0.21407694768578125
0.5038071267208354
0.5543889830200189
0.2201191485410805
0.24564091442269154
0.28615029946677545
0.3623907214757312
0.5235730383975359
0.4539070002899273
0.41585917908171716
0.3868670136655072
0.4182875697243995
0.2121509533212267
0.22773637119803894
0.3267906136744933
0.27757047217976394
0.362476396940323
0.41186406669725756
0.3696074675994
0.4185766797830088
0.39240365441900454
0.30224223538282624
0.3125149517281542
0.2151861415191763
0.20463192811893055
0.322115253194913
0.39583053240582317
0.3857787680360411
0.2674196175804991
0.49776719154271193
0.557820858965058
0.4680219551629369
0.42645871315108824
0.33841341927474333
0.44831986503124566
0.2676536791984049
0.29335748759107744
0.2822191171069421
0.36831624907489086
0.17187489748737636
0.17375227366710316
0.20760894065440794
0.27900196083829126
0.4378820871559917
0.40381407723595303
0.37353611312591684
0.412703733281498
0.34020578528783874
0.42650749161725937
0.36347714173988677
0.2618609175102892
0.4969135808171291
0.4939111382534399
0.20517277757093835
0.28084189442006874
0.5024824788537393
0.30680678654077553
0.19194027349256065
0.17111764558321443
0.43659273661973036
0.45036751081331455
0.26101049764662637
0.23287133811588723
0.18569141472961317
0.30252942857415216
0.4314371950583928
0.43811487782304104
0.4056579959347319
0.1871152026834057
0.39367205626997176
0.5023160184434518
0.35644115267953397
0.312500378226718
0.2089468272248161
0.31662557233493527
0.47243333766714385
0.41989730262278946
0.3199514443056605
0.34964427295610034
0.367827253354603
0.29599212310066636
0.343764012050291
0.5624027240872358
0.510524655090012
0.3695593070573796
0.397598307587455
0.33321992656356547
0.2544860571368226
0.4128715740044198
0.3932710350608787
0.4162359137125595
0.4157028650199985
0.27731564936227826
0.3057923130193549
0.43057573467015
0.5448013009463122
0.5141075827423942
0.05432373034301438
0.3765051134583553
0.45936653698202473
0.33963747224649043
0.34379243400617887
0.3793581376878993
0.5400505186676743
0.39588889657731574
0.26540211225986743
0.40553222721087684
0.3338549106569741
0.3867396366332135
0.37738192697138223
0.3882145025614056
0.34474402305565044
0.2506741351846802
0.18426434542945155
0.3874270124493014
0.5854966132382147
0.4511954195038359
0.38377057345745236
0.3252355110435577
0.3947022302078403
0.5074063476284171
0.5149196189890137
0.4406679514003171
0.37638372632438566
0.37585294407827163
0.41818283693384106
0.4474497155185617
0.4026595608028413
0.27003094163379765
0.1418539802203176
0.2799583146303766
0.18740685578626354
0.23185897676145745
0.3502577184453737
0.30255364962106984
0.21564271774570615
0.3697785649665364
0.4780411983757377
0.4602811566346688
0.5096762807840793
0.5773926172498756
0.4058268467315915
0.39941983996000874
0.42388359687808735
0.34356409474582866
0.16178418044739434
0.3054418420876031
0.5554515846886335
0.589614067356956
0.5109498541095595
0.598236612131789
0.45342047292231735
0.2637763591878538
0.26255312085221394
0.28847392178548775
0.3679003495826829
0.33428413270393104
0.3489918770569382
0.33606602426764054
0.37501478887828477
0.47471396339555055
0.5369194628452032
0.4320089750738144
0.325176990011497
0.3214147376951071
0.3436221225101531
0.2641885203673882
0.31041569349503156
0.5664226448873787
0.5036312846457486
0.28141820309320037
0.3538488502129379
0.36385571048031
0.2085008593431601
0.2131168207444739
0.21899621736750635
0.2046960794044045
0.41837043915320615
0.6212683857043041
0.4725918638224638
0.4106474278302434
0.4902898157327963
0.2937480398399695
0.31191871048544334
0.47402646689176764
0.3811319298138355
0.2647557698377262
0.20386189575309263
0.31947874151716543
0.2304718489941061
0.18638706547013037
0.03624102184849058
0.48849781061182024
0.3883609499654514
0.4511527631716345
0.27078015804210914
0.1352508805734485
0.22787289570391894
0.3985414942587994
0.4019460051330789
0.28991702947364495
0.3096796297091164
0.29729554732615987
0.3449992744691131
0.3299118444458267
0.23115785007404752
0.45066151193841814
0.5672316791858821
0.31018035360600593
0.1940106318337301
0.30201678697029116
0.2541400295360261
0.2276283752965881
0.3900787091777556
0.46237738774882553
0.4204630647107089
0.35881821796635904
0.19093465917109156
0.37853608799939487
0.4599176564736603
0.5747055140838808
0.5947168501157989
0.28381908124866595
0.27478079154669066
0.33243119481586764
0.3059657236679166
0.35829974787953006
0.4174174108470178
0.5654447222573561
0.40211756380446
0.27892766077699355
0.49175984880188334
0.6318480865648471
0.49966074943144856
0.5141660158013092
0.4724404616969784
0.4085423744730674
0.3907470099125764
0.43042611049462426
0.2542130982084951
0.2751286014982756
0.2907320906009872
0.2732857381183875
0.4626666327729587
0.5837479398013434
0.23817249520327374
0.27218249342462686
0.4982454892851851
0.4696363870203999
0.3433554576697499
0.36502157793868883
0.3113090573220562
0.16155882110924064
0.2756826496075972
0.2678376259587023
0.2584792566262425
0.32144183128781034
0.4694994619248204
0.45094619013488246
0.267495309354109
0.3371763412960922
0.3328966623922047
0.3567987412705372
0.3024588883419709
0.2398380900136292
0.195315254135701
0.2047626059577254
0.35574800279611846
0.4297185075965653
0.3456708880815908
0.4171483098900538
0.4157676099150275
0.20023143509834074
0.22471955845686567
0.2425914606153892
0.3749185893967562
0.4477740361885413
0.37056004360091366
0.4598846523272119
0.3882969815282894
0.3680687557864799
0.218569788005941
0.3409302073336623
0.364981013431577
0.3490637793493065
0.33348004325550956
0.32506537236423066
0.26743365655609874
0.3525159978764835
0.2679857340502233
0.29595434225820677
0.48923550904623286
0.2661125624769979
0.3231647830157531
0.139494301961858
0.1997091086834272
0.23161347843845803
0.3563573314440354
0.2947495552459993
0.2540632231390173
0.29389778894726515
0.36366387866308475
0.48493472292283074
0.1953472131180186
0.1765959305912388
0.33939321218353574
0.317348731346877
0.2642052906256931
0.3951889668197407
0.3252756729298375
0.2394668126357547
0.3155896833990519
0.36978664330715155
0.5145011210427083
0.36119291249703744
0.3358379778458004
0.47743412442646554
0.7172198694082317
0.5774232820286352
0.3882771818309896
0.4715611544722792
0.24726481648956794
0.171261226319263
0.41647878970575636
0.23434777529054204
0.16690001443138575
0.4392777171728503
0.5093712838710037
0.47715375975358604
0.3622260532141923
0.3849654290503126
0.4312580009978747
0.47568492300790544
0.4362505456672302
0.2767569918024796
0.15945714681189493
0.15714338338718656
0.3497076559395341
0.42250380848637126
0.4754589566513126
0.5260795704475786
0.4213784033588469
0.3403603800096952
0.5242127129098475
0.4368289567518441
0.5129154860908517
0.527697652086536
0.36216057690753706
0.3148585286667487
0.33700160926496175
0.3131453206162427
0.2774229554571823
0.10958498950124884
0.21311523237246138
0.2704096146707216
0.32092858445655464
0.3467726299180439
0.48694312381067184
0.4459080515653472
0.5260879635121275
0.4613844806718682
0.3902761690316721
0.4553728603763772
0.36151491453050183
0.36640919259284704
0.2868085558393732
0.32511082147772613
0.3755237099788726
0.37207668349549194
0.33552156657869586
0.30529181937649774
0.40315951313119963
0.3629130788151067
0.41596075381812037
0.2300853853057443
0.18197911372252915
0.2291729531600698
0.3634364807201107
0.2974456728252941
0.335177637767603
0.4582899473661646
0.37872325009620783
0.3336966604363777
0.39371010542306717
0.4078943551627044
0.5793465988031039
0.6611239905410558
0.3485726739129412
0.4559917028863232
0.30324093051469064
0.09862339585768437
0.5740516208449531
0.6144310935941619
0.4096982296274577
0.4266070330590166
0.16693597276206323
0.3244033727677265
0.4834370472800561
0.41428035516250006
0.2856439728200391
0.32158057256081524
0.42711183561653693
0.3836141827922843
0.1584692076686245
0.17831087206111013
0.15950010378780952
0.2901305662092741
0.19490902254727688
0.23817379644124365
0.3133114068900191
0.1770335488225862
0.34771067162554836
0.39721088440944036
0.44411392051380766
0.5175880944866155
0.3057828412476617
0.29486837240301
0.2964180185635153
0.3286421444334867
0.3175234573784323
0.31360897910835966
0.6491214420600292
0.7155321009756472
0.3208264591205292
0.2532953692781272
0.2746806751615504
0.22852957289938236
0.3310442434365282
0.30455773434432326
0.4109872934490818
0.40589731041167143
0.3136609240368636
0.31984818199015036
0.451872628740934
0.4073099987345385
0.3889790812176644
0.308652610357956
0.3262798162408781
0.31221739909602136
0.2964033476001101
0.28881416540986093
0.3401702180470045
0.3186886082997178
0.4171849927624418
0.45044047403691323
0.2782972624122197
0.4645382140242034
0.51593953086283
0.32549912368650813
0.37616143764084253
0.29863210324950723
0.07799694023324293
0.33239416410748385
0.20211973379519613
0.15230005708469713
0.19915687896685852
0.31090569092843623
0.22076804009298504
0.3497404251099716
0.35516560795044716
0.37663882458952724
0.44535445583155053
0.48442867258455813
0.3433958405401801
0.44115117770801143
0.3049640968430986
0.33981297996033066
0.32209011059814613
0.3640056894629809
0.4315638951456477
0.3954383280935619
0.21432615471448194
0.26074657196853124
