0.6443647787767481
0.6873440381173584
0.7313241987552815
0.7062515087389062
0.67961620877013
0.7674502740473638
0.7148040449243909
0.6373618334387525
0.6953625199129113
0.684486264584786
0.6035126244988505
0.6343864078982497
0.6630255228917821
0.7052480668120724
0.769494549178502
0.7572159447546485
0.7182551838200714
0.6977742452391469
0.7334639819286917
0.6927846501033333
0.6676355135213644
0.6304731351238685
0.707516023735687
0.7262734371554161
0.7276748223668568
0.7159238317239632
0.6081055811674415
0.8124143463058641
0.7739849911911304
0.6491719582361498
0.7083618984595572
0.7316252310108788
0.667264546493983
0.7015472774390519
0.7269924669897391
0.750220971749944
0.6773021561015733
0.7560040034701857
0.7440172276548334
0.6849098900817229
0.7175876137139916
0.774437970807353
0.7915080463300322
0.7622378989806898
0.7922953444204559
0.7890667262114125
0.7352982957234578
0.6877410111043964
0.6598670553684353
0.7214844576243276
0.7018966103487888
0.7171665853095025
0.7268189702592518
0.7114148801751344
0.738259843072053
0.6960203156427247
0.6967767578635575
0.7033379553702187
0.7625130300226203
0.7824410741200996
0.7564990015922494
0.6365117616316034
0.6343924336798479
0.7130684280144353
0.7366964815454029
0.7402288516396108
0.7354210793454842
0.7414272293359806
0.7131900656269352
0.6494908562936009
0.6983097457196377
0.7457444959684147
0.7511674783351413
0.6854774994169436
0.7027374029741037
0.7253455774652207
0.703505953941334
0.6125816679825943
0.6781971456473852
0.7531346228043757
0.7647753351685277
0.761916752749227
0.7690644023024693
0.6399137778908247
0.7402470994591274
0.7667015730991801
0.6679369602415921
0.6487479352661752
0.6693560044680883
0.7030801175448763
0.7924437573187509
0.7766937114757965
0.8290569211707909
0.8035452191489867
0.6824401056423778
0.7485885657517499
0.6034646586620601
0.6560747045624871
0.736521859497005
0.7574115909568506
0.6870993761695012
0.64481183459205
0.6939826069074964
0.6464997032259796
0.6461837849574511
0.7457116696565471
0.7589233843343026
0.6575112918914385
0.6512061834837054
0.6751860194745961
0.7328033829573941
0.7379658077775791
0.6890276917742811
0.6367619244458614
0.6031239906878023
0.7677970031378754
0.7369661058149616
0.6470442908788239
0.6021630638668743
0.7141472449007105
0.7304309570549499
0.6743632425087186
0.6997765319988727
0.7421214309748179
0.7676888852679221
0.7199216529737942
0.6216288482997002
0.679156708407853
0.6693912986846227
0.6993828503603859
0.6428649083113729
0.6436542741498403
0.6550589123289833
0.6808563217625041
0.7290433906210327
0.6992829753430859
0.7416605434337119
0.7034507159214645
0.6619931375175443
0.7411334583868637
0.7386116925750773
0.7009338579145984
0.6565587575364417
0.7775389270276004
0.8126123935250834
0.6807309295478384
0.6930192589915224
0.6389147869810465
0.7333230988964669
0.7058013464198559
0.7145356039581534
0.81866416921618
0.8341327314669219
0.6185471483138636
0.650671580038256
0.6922038641379972
0.6461124573377389
0.5898734166789565
0.6402425942433689
0.590149148113534
0.5863470360092755
0.7370954812592888
0.7288603341754821
0.6365627761493354
0.6074679478207974
0.6232169945440995
0.7176058809773107
0.7426867917290655
0.7274718021665976
0.6792426788691298
0.7295372427962918
0.7760452369532385
0.6964244337238638
0.6787642627600677
0.755240380529557
0.8145620540588739
0.675259368730357
0.6741079285635129
0.6518649756662835
0.6542329402841655
0.6096595075151616
0.6185433629962155
0.6386941417917635
0.6758233445282174
0.6878326557994592
0.7610242362788768
0.6916131424464538
0.7082031040382348
0.7023147075627502
0.7781493113588837
0.7035045709594603
0.6364140490023892
0.6518022262902922
0.6427589287305644
0.6896073110003763
0.6806944635705721
0.7089523474844295
0.6415725222865177
0.5742425813309836
0.6483078768133239
0.7400770361570258
0.7200299318953398
0.6815328059895921
0.707431588614761
0.6751200324880452
0.6540857250081784
0.7185025093916202
0.761628281526516
0.6435759948163791
0.6217144429938269
0.6875856848352261
0.6433656944035185
0.6833815662970889
0.650881203335347
0.762705286831822
0.8658068386804267
0.7196964788815893
0.7440069384084145
0.7985330394821022
0.7851331209938694
0.753858159310334
0.751168149823646
0.6695504542847619
0.7416489120870682
0.7341723286682859
0.690274700005519
0.7595275066194336
0.8089058091057135
0.7683431196458184
0.6834842051800797
0.6818580041734214
0.7684852118283222
0.7584909432714929
0.7513473760179326
0.6822162709416204
0.6961526098426639
0.7056448350713409
0.6500507888398616
0.6498855187791144
0.7290990830183379
0.7347548517537444
0.6817594720264698
0.6999801130594683
0.7008725599327924
0.6240653824274816
0.744326439891052
0.7564904923771774
0.6901852983745043
0.7042784415170285
0.699161537888471
0.6868417177717048
0.7214059665641492
0.6521860709832522
0.6018016787891933
0.6663497008235243
0.7209839048535148
0.732146028009505
0.7049675205091084
0.6883620648301338
0.67074921939577
0.7545512052847226
0.7225383490278312
0.7595021296395973
0.7105781524503189
0.7172831690422948
0.7205260907798047
0.7927959919890495
0.763482480203821
0.646973790785205
0.7589543623423294
0.7946968293092479
0.8094432246420208
0.7702227012814311
0.6266886318566154
0.6923986104475768
0.7178028323829312
0.6949961275788972
0.7794780970706352
0.7578259526748411
0.6805675892879546
0.6598409004899664
0.715902135538276
0.585743759199301
0.7000158501878434
0.7282897622729989
0.7449364103334511
0.7103545852454526
0.7349602864127633
0.7092685188681197
0.694355642292566
0.6671208042469476
0.7357642196689766
0.7044463072968568
0.6114815944457055
0.6982739194886473
0.6849660311825606
0.70548676400956
0.6734585081245216
0.6324565853354832
0.6117298351366002
0.7420523852399936
0.7184074167081147
0.774299019816043
0.7443050103639592
0.6856293461197371
0.6425345259334456
0.6325997770208076
0.6838918025392006
0.741575299513331
0.7657752495175526
0.7316658052259029
0.7045226407948791
0.669557881948883
0.6869898343427935
0.6320151159205909
0.575461621935214
0.6551527664374358
0.6428618960217553
0.7377601569484765
0.7293971996189362
0.7662737364505454
0.6583068165892747
0.7178442335704093
0.7599990754532405
0.7159334749831971
0.6714443812270069
0.699688825862996
0.6449200498599876
0.6387834030783471
0.645575321938781
0.6585179031773177
0.6617940622542414
0.6798714410806547
0.701641136830068
0.6032350739396588
0.6597730160637701
0.6748029558788422
0.6670007198381911
0.6398339202983537
0.7035128281414603
0.706324465660866
0.6326122096736279
0.8283473587301046
0.8502629310192873
0.7155879632047448
0.4944949861344236
0.6117772275146197
0.7087930926412845
0.6995849622351062
0.7256815269005041
0.6842160920454732
0.6800331166839075
0.6831703322717367
0.6536070875088976
0.7386588666492728
0.7277808576581764
0.6453445891855437
0.68533774357528
0.7055769874547171
0.7213746093808066
0.7096508993904138
0.6971615471679178
0.6910088391474144
0.661865163224358
0.6641464495375937
0.7194343584771034
0.6539374620365249
0.648608606011422
0.6401130034815552
0.7421955109946804
0.7589360025158444
0.7063212075758472
0.6444686494628551
0.6689024754453816
0.7668141408043826
0.7284569283631347
0.6235039304587421
0.7295455907496583
0.7251906147689524
0.6897133800484467
0.7119675978575267
0.6758324200296121
0.6955720628377655
0.6355435983749957
0.6736432178999784
0.7190197002929554
0.638859486515082
0.6157170148110153
0.7014381409259055
0.6845827657334101
0.7033980303572624
0.7795860588484571
0.8088777522461738
0.7217932228009475
0.6628272297268103
0.7329661675538726
0.7029869894923896
0.6978803823250306
0.6860244048349464
0.7113767554536932
0.7413918018462218
0.8060866451418297
0.6376547006824408
0.6996656527498997
0.6961236628840304
0.6990153864020108
0.6631541764848115
0.6964719744020199
0.6330276675958588
0.6311213663323033
0.8063170383633663
0.834695945986494
0.6944897064264978
0.7468279390205047
0.8086292844036683
0.673737988493189
0.6779453402023797
0.652526800511457
0.6433291626563008
0.682075284092998
0.9909498879466343
1.0
0.7566382537210445
0.7163864703500714
0.697783011777745
0.6850339873838054
0.6943242805423184
0.6909921774393587
0.6877800835448765
0.747944949761338
0.7326237124758921
0.6326564536072865
0.6515648004106271
0.7146302530189805
0.8101990335913358
0.8467036987279669
0.785427930285638
0.6369827495746943
0.6383303106802767
0.7012281812307786
0.8038331722852098
0.799763494312614
0.8138339221049077
0.7873803028604774
0.7585461906138514
0.6511532790763617
0.6672135700291859
0.6673570546611747
0.7483733300922086
0.7469262354208621
0.7304201308778748
0.7588209710612895
0.7339560254215443
0.6747712462478248
0.608470248838059
0.5534144927976324
0.6567220027523977
0.6966085799706188
0.6326461459157178
0.6123575644289047
0.7141110689791244
0.7023084040151871
0.6892004559703938
0.6508828670620337
0.6744132399311732
0.7042024038372967
0.7405378864297394
0.7666817832436565
0.71927105924079
0.7592496129874305
0.7306057927565428
0.7048371811123813
0.7595098330708145
0.6693079543234279
0.7248446862987472
0.609441052443894
0.7429358292575666
0.7998808369180951
0.6872303899344584
0.6851772075589119
0.688001693790805
0.7716607112826488
0.6453817192440714
0.6335838635695689
0.7025111910496581
0.6393754486486349
0.6950976813983427
0.7756391986405379
0.7941240822082468
0.6360922413983134
0.6671545580931403
0.7059962179084186
0.689523411125271
0.6821059377978032
0.675526414844022
0.8459899846310673
0.8279155913688123
0.694733864252028
0.7459695234781142
0.8435267531128058
0.8519892104095179
0.018337573384236378
0.0
0.0
0.0
0.0
0.017978453805093074
0.02172063261169895
0.020076196478571527
0.0
0.015938033610814206
0.015938033610814206
0.0
0.0
0.0
0.0
0.0
0.015884465164835243
0.02031019860937359
0.02080564273210414
0.015938033610814206
0.0
0.0
0.015546684796981297
0.01524301960769394
0.01592401291191879
0.016397710265342928
0.0
0.017836575193287112
0.017836575193287112
0.0
0.016700279797823774
0.016700279797823774
0.016132207513462563
0.013439113169484535
0.01913210289879448
0.02162882358487244
0.0
0.018682449263034338
0.018682449263034338
0.017136562781228225
0.017136562781228225
0.015029045204114177
0.015029045204114177
0.016699263935362894
0.016699263935362894
0.0
0.0
0.0
0.01382931662840382
0.012002223165342675
0.01591570792609804
0.0
0.0
0.0
0.016530692871985178
0.01290272219726982
0.014242925694763556
0.0
0.0
0.016986558378755366
0.01890734168760699
0.018145816591013223
0.0
0.0
0.0
0.0
0.0
0.0
0.019280083588615264
0.019192821591487264
0.019381689242556108
0.0
0.017920943901487504
0.017920943901487504
0.018931058310911856
0.018931058310911856
0.0
0.019299899560723376
0.019299899560723376
0.0
0.0
0.0
0.01859771014210258
0.01859771014210258
0.017754645774915003
0.015291084320733301
0.01765562524695267
0.0
0.0
0.0
0.015938033610814206
0.015938033610814206
0.01763609262949386
0.02054434825707807
0.01968144463639668
0.0
0.0
0.015162412640749795
0.013453578505096445
0.016155424850382384
0.01581118998523332
0.01581118998523332
0.0
0.0
0.0
0.0
0.0
0.0
0.0
0.020486532826457654
0.020486532826457654
0.01778205188095573
0.01778205188095573
0.0
0.01635091460544323
0.01635091460544323
0.01649895437871363
0.013660736397813851
0.01614241049887753
0.0
0.0
0.0
0.016309973462935442
0.013668900255654932
0.036897645284643274
0.019493388643426767
0.014596373744840579
0.014596373744840579
0.0
0.0
0.0
0.0
0.0
0.0
0.0
0.0
0.0
0.019891180309843173
0.016352633163048535
0.020113360933308153
0.009219017882341711
0.013858226302867573
0.034708408857182294
0.03355134251304642
0.01830850813582717
0.0
0.0
0.0
0.0
0.015951310682993873
0.01207013625775816
0.020397327800018798
0.018939776539981364
0.01734434559187645
0.05280949080122295
0.03950006548989799
0.0
0.0
0.0
0.0
0.0
0.01954366866670121
0.01702154155042899
0.02035701323168104
0.022870999183081202
0.0217495275774561
0.050839907792870266
0.04983553298950904
0.03508847196384659
0.0
0.016271160530102798
0.010469715368826899
0.005463231706126034
0.00826563963750037
0.00472481280219617
0.6480760249461867
0.02356689600884898
0.027964324928481735
0.0
0.0
0.03528543711727782
0.03528543711727782
0.026039762104575606
0.0250531757208436
0.03966511868217698
0.03810715550104083
0.0
0.0
0.029309046129025785
0.029309046129025785
0.02933389978499046
0.02875081497946804
0.02448781853037763
0.0259876005423978
0.024613538469572097
0.02641770040391107
0.027887637600475537
0.0
0.02646682126110809
0.02646682126110809
0.0
0.0
0.03143715978446897
0.03143715978446897
0.03133563439868904
0.03362752882967948
0.030801093895953435
0.0
0.03614716313620513
0.03614716313620513
0.0272179735234694
0.0272179735234694
0.0
0.0
0.0
0.0
0.0
0.0
0.0
0.0
0.026373013916969064
0.028674510234480314
0.02877333603134256
0.0
0.0
0.0
0.0
0.0
0.02655716380705888
0.02655716380705888
0.0
0.0
0.0
0.0
0.0
0.023488973817593246
0.023488973817593246
0.0
0.0
0.02681835508446848
0.023856595379649848
0.025751687058500967
0.0
0.02841967429481298
0.02841967429481298
0.0
0.04592276813080062
0.04532917596881712
0.02274158289308823
0.0
0.0
0.0
0.0
0.033078191849306424
0.017808564689420277
0.03292835801811364
0.0
0.03865514017845344
0.08659544241223162
0.04989827557839168
0.01271311869336416
0.024815081223860416
0.0
0.0
0.0
0.0
0.0263402033002176
0.027992184694278093
0.03684724810086388
0.026411813366629282
0.028048852985199654
0.056571399983231116
0.02944727529857022
0.0
0.0
0.0
0.0
0.0
0.0
0.0
0.0
0.0
0.0
0.03545762328248032
0.0
0.0
0.0
0.0
0.0
0.0
0.0
0.0
0.0
0.0
0.0
0.0
0.0
0.03598637731582089
0.03063501501365755
0.03825735304287851
0.039054916274286595
0.03988263543845
0.053305532142237884
0.05647815162312347
0.023625062353908807
0.025199253025456152
0.0
0.0
0.028491148173923786
0.02306157717443311
0.02170255801357664
0.025888200274792248
0.02612737570518498
0.09132119059253581
0.06098585075447549
0.026329421143539904
0.0
0.0
0.0
0.02972085997815542
0.035338928248625494
0.0359417061905736
0.03286805873790628
0.031301837669061104
0.06864752520492644
0.036188468965699064
0.04074069841305535
0.03520089780521715
0.0
0.0
0.0
0.0
0.0
0.0
0.035744570500709914
0.03699939949355112
0.038469547604479376
0.07091136154597646
0.06088705517752266
0.027830072686302734
0.0
0.0
0.0
0.0
0.02702434724134319
0.02027785612989732
0.025206508960839143
0.02605944725127511
0.02605944725127511
0.047097629370422965
0.012405277854941962
0.02399959517648045
0.0
0.0
0.0
0.0
0.0
0.0
0.0
0.03762493502990421
0.028970937700418073
0.031412862336659554
0.027556876773394898
0.04191754946661191
0.6908799053226802
0.10189893376296612
0.0
0.11808257191227363
0.1396724133599035
0.09759200755124797
0.07671782054242475
0.09032789543583149
0.0932804218133054
0.08919734554753266
0.08919734554753266
0.09905532650691293
0.09905532650691293
0.07671782054242475
0.07671782054242475
0.10923108164925233
0.10033772481583375
0.0
0.0
0.0
0.0
0.0
0.0
0.0
0.0
0.10639106542327167
0.10376515558232209
0.08900536238289825
0.12064605703792725
0.09975405711008527
0.22827366882589334
0.13201248153257478
0.0
0.0
0.0
0.0
0.0
0.0
0.0
0.0
0.0
0.10880955306814237
0.11316394860881998
0.11024264736681404
0.10255247333348445
0.0794210238371967
0.7426175665554062
0.037366444876325726
0.037366444876325726
0.0
0.03206965663246593
0.03206965663246593
0.035301586070292955
0.035301586070292955
0.0
0.03640240161000343
0.03640240161000343
0.0
0.0
0.035592828413778914
0.03733667009606119
0.03425791617877907
0.03431937336720036
0.0
0.0
0.0
0.0
0.0
0.04129451187929964
0.04129451187929964
0.041606693471687745
0.041606693471687745
0.03324176853927929
0.03324176853927929
0.04067153177347242
0.04067153177347242
0.0
0.03262156540110296
0.03747869374948141
0.04121199288459483
0.0
0.037011290647952645
0.03639683373673357
0.034230950800592935
0.0
0.0
0.0
0.03595628332016746
0.03595628332016746
0.038804210036671415
0.038804210036671415
0.035065820131099344
0.035065820131099344
0.03536415270003192
0.03239349894611147
0.03367311754431818
0.03595628332016746
0.04263716409683706
0.03929077220268328
0.04281559501926262
0.039428783339050415
0.030382009947784935
0.0
0.0
0.0
0.0
0.0
0.038583376660182286
0.028549442196904393
0.04116563400450735
0.029469131699513172
0.02739251286717657
0.08292593760586478
0.07890782210352366
0.032015964776798064
0.0
0.0
0.0
0.0
0.0
0.0
0.0
0.04114722763172087
0.031334374528609696
0.03469210699448476
0.021621255811537413
0.025843472187839223
0.041730737432085024
0.038822802856119755
0.038822802856119755
0.04514073966009065
0.04969022282843816
0.04704678724103008
0.04521152470715598
0.04736311679224128
0.04728285047829725
