0.02469315864596939
0.0
0.0
0.0
0.0
0.024209572483566765
0.029248746043604914
0.027034367866752656
0.0
0.021461966870433676
0.021461966870433676
0.0
0.0
0.0
0.0
0.0
0.02138983223695411
0.027349472358405704
0.028016631532984136
0.021461966870433676
0.0
0.0
0.020934981203170028
0.020526069263884925
0.02144308676373158
0.022080961996903563
0.0
0.024018520429056316
0.024018520429056316
0.0
0.022488398537738843
0.022488398537738843
0.02172343914282958
0.018096950267176115
0.025763062658937314
0.029125117097884765
0.0
0.025157564410564548
0.025157564410564548
0.02307589202436363
0.02307589202436363
0.02023793387197348
0.02023793387197348
0.022487030589407653
0.022487030589407653
0.0
0.0
0.0
0.018622393613108832
0.016162051243972554
0.021431903368408372
0.0
0.0
0.0
0.02226003479645917
0.017374652551135357
0.019179354672188325
0.0
0.0
0.022873897876597035
0.025460401879944385
0.024434941224433553
0.0
0.0
0.0
0.0
0.0
0.0
0.025962331699268777
0.025844825729765843
0.026099152666771788
0.0
0.024132130330033655
0.024132130330033655
0.02549233840336232
0.02549233840336232
0.0
0.025989015652087222
0.025989015652087222
0.0
0.0
0.0
0.025043455716200074
0.025043455716200074
0.02390819524680654
0.02059079263591921
0.023774855379259864
0.0
0.0
0.0
0.021461966870433676
0.021461966870433676
0.023748552988448652
0.02766477549456847
0.026502799721918862
0.0
0.0
0.020417524879030095
0.018116429116402648
0.021754703333128112
0.021291160749903504
0.021291160749903504
0.0
0.0
0.0
0.0
0.0
0.0
0.0
0.02758692192198387
0.02758692192198387
0.023945099983881165
0.023945099983881165
0.0
0.022017947516763055
0.022017947516763055
0.022217296118166432
0.01839538547570115
0.021737178361876462
0.0
0.0
0.0
0.021962816660247377
0.018406378829762173
0.04968593115268081
0.026249565754074274
0.01965530362087328
0.01965530362087328
0.0
0.0
0.0
0.0
0.0
0.0
0.0
0.0
0.0
0.026785227290148008
0.022020261706034494
0.02708441308034626
0.01241422004747835
0.018661323037574038
0.04673793136644407
0.04517983956220241
0.024654019727475954
0.0
0.0
0.0
0.0
0.021479845618227446
0.016253502208067705
0.027466799492275363
0.02550407826713897
0.023355689890729777
0.07111263344627987
0.05319031930946238
0.0
0.0
0.0
0.0
0.0
0.026317272236574638
0.022921005800310576
0.027412512373099395
0.03079781601338515
0.02928765566150041
0.06846041634685346
0.06710793715891832
0.04724971983439966
0.0
0.021910551625617676
0.01409839443657405
0.007356722965047751
0.011130412219899561
0.006362376834299751
0.8726914823093321
0.03173490241843164
0.037656428002629715
0.0
0.0
0.047514950771966685
0.047514950771966685
0.0350648345491741
0.03373630903595707
0.05341257797894765
0.05131464325278343
0.0
0.0
0.039467213608983566
0.039467213608983566
0.03950068124708423
0.038715506169383025
0.03297500575425805
0.034994594408720985
0.03314429873203881
0.03557376177680287
0.03755316175704127
0.0
0.035639907340023064
0.035639907340023064
0.0
0.0
0.04233290619596925
0.04233290619596925
0.042196193316618925
0.04528243115182295
0.04147638742081303
0.0
0.048675340800072776
0.048675340800072776
0.03665140006008554
0.03665140006008554
0.0
0.0
0.0
0.0
0.0
0.0
0.0
0.0
0.03551358748393059
0.03861275510554587
0.038745832750504694
0.0
0.0
0.0
0.0
0.0
0.0357615615400036
0.0357615615400036
0.0
0.0
0.0
0.0
0.0
0.031629973320649624
0.031629973320649624
0.0
0.0
0.036113278613733917
0.03212500815232186
0.034676916111678925
0.0
0.03826959605417926
0.03826959605417926
0.0
0.06183905444603344
0.06103973028684764
0.030623545573496065
0.0
0.0
0.0
0.0
0.0445427004948697
0.023980801817043457
0.04434093603636412
0.0
0.052052552914622435
0.11660839483490831
0.06719242558433178
0.01711933472343418
0.0334156938125823
0.0
0.0
0.0
0.0
0.035469405096886265
0.03769394363254618
0.04961806690323522
0.03556583436228035
0.037770252480429235
0.07617837569562846
0.03965335136786476
0.0
0.0
0.0
0.0
0.0
0.0
0.0
0.0
0.0
0.0
0.04774681461811992
0.0
0.0
0.0
0.0
0.0
0.0
0.0
0.0
0.0
0.0
0.0
0.0
0.0
0.04845882852292583
0.0412527475693263
0.05151689747972606
0.05259088665979292
0.05370548346094689
0.07178059682791087
0.07605280856079731
0.03181322852823487
0.03393301500036096
0.0
0.0
0.038365841931370576
0.031054446074313947
0.029224407004325055
0.034860743188278386
0.0351828139837514
0.12297203123826507
0.08212282270315156
0.035454885972691946
0.0
0.0
0.0
0.04002175724985084
0.047586981294481516
0.0483986749159293
0.04425973774140989
0.04215068304168064
0.0924399425714429
0.048730962739755045
0.054860940877050623
0.04740111113785622
0.0
0.0
0.0
0.0
0.0
0.0
0.04813321433602666
0.049822952162538986
0.05180263615755605
0.09548839771579228
0.08198978575196404
0.03747564552693133
0.0
0.0
0.0
0.0
0.03639066520698432
0.027305920359459203
0.033942785756817265
0.03509134233405026
0.03509134233405026
0.06342110864530572
0.016704799904590478
0.03231756998127764
0.0
0.0
0.0
0.0
0.0
0.0
0.0
0.050665290890472135
0.03901192081248265
0.04230018754116808
0.03710776315353819
0.05644567453614695
0.9303306795276759
0.13721589463015146
0.0
0.1590085896567107
0.18808121387131585
0.13141623891813323
0.1033073064757631
0.12163447177099894
0.12561030874341134
0.12011208671142806
0.12011208671142806
0.13338672685373712
0.13338672685373712
0.1033073064757631
0.1033073064757631
0.14708927793873114
0.13511358919402508
0.0
0.0
0.0
0.0
0.0
0.0
0.0
0.0
0.14326494580078575
0.13972892677940746
0.11985356446083692
0.16246054829747406
0.13432762918979868
0.30739061275473073
0.17776644059863536
0.0
0.0
0.0
0.0
0.0
0.0
0.0
0.0
0.0
0.14652165255509636
0.1523852299020143
0.14845144032637006
0.1380959432580741
0.10694740794455897
1.0
0.05031721111802954
0.05031721111802954
0.0
0.043184618943528895
0.043184618943528895
0.04753669676040329
0.04753669676040329
0.0
0.04901904189912193
0.04901904189912193
0.0
0.0
0.04792888024299565
0.05027711675236209
0.04613130327320786
0.04621406079361821
0.0
0.0
0.0
0.0
0.0
0.055606699516740674
0.055606699516740674
0.05602707954334864
0.05602707954334864
0.04476297092387613
0.04476297092387613
0.054767801901219826
0.054767801901219826
0.0
0.043927812740030416
0.05046836411818861
0.05549558041799975
0.0
0.04983896464990403
0.0490115442670693
0.04609499201503064
0.0
0.0
0.0
0.0484183043056049
0.0484183043056049
0.05225328861618877
0.05225328861618877
0.04721921714530719
0.04721921714530719
0.04762094824132256
0.04362070115896539
0.04534382037380185
0.0484183043056049
0.05741469905513732
0.05290848745328168
0.05765497201723974
0.05309433161127445
0.04091205395087857
0.0
0.0
0.0
0.0
0.0
0.05195591701277592
0.03844433997074635
0.05543315410036965
0.039682782937931614
0.03688643266848015
0.11166708322092692
0.10625633658187428
0.04311231812802716
0.0
0.0
0.0
0.0
0.0
0.0
0.0
0.05540836829726529
0.042194496790525164
0.04671597947164424
0.029114926424143865
0.03480051287732507
0.05619411566797554
0.052278325486154804
0.052278325486154804
0.06078598419031975
0.06691226422090138
0.06335264523737864
0.0608813024944553
0.06377861085610012
0.06367052519053157
0.960421116731927
0.014051267702779887
0.0
0.0
0.0
0.0
0.018974878720128093
0.018974878720128093
0.020335691660301063
0.020335691660301063
0.01808100690439554
0.01808100690439554
0.02077567191358115
0.020967525477460752
0.020375744453656287
0.0
0.0
0.0
0.015696285425860615
0.014893938254198187
0.01494415142841972
0.015646765724465966
0.0
0.016601064997242822
0.016601064997242822
0.016541414697802903
0.016541414697802903
0.019293427586604295
0.019293427586604295
0.0
0.0
0.015771275539567604
0.015771275539567604
0.0
0.0
0.015696285425860615
0.012180735877468854
0.018316917605582916
0.020235849675586403
0.02027593216191293
0.02027593216191293
0.020814214432282117
0.020787451634062416
0.01797001106404329
0.018445302319550785
0.0
0.0
0.015583093330234728
0.015583093330234728
0.019304396849911247
0.019304396849911247
0.0
0.0
0.016855481312765135
0.019846986394961182
0.020099031670687665
0.0
0.0
0.01577945736474984
0.01327714282943502
0.015771275539567604
0.0
0.01793374866824767
0.018905317415382036
0.018563085487324195
0.015771275539567604
0.015771275539567604
0.0
0.0
0.017627084334328347
0.011455682862938988
0.015413316146098494
0.015771275539567604
0.015771275539567604
0.0
0.0
0.0
0.014051267702779887
0.014051267702779887
0.0
0.0
0.0
0.0
0.0
0.02391605144414103
0.02391605144414103
0.0
0.0
0.0
0.015038329511566667
0.015038329511566667
0.0
0.015771275539567604
0.015771275539567604
0.01539430293753713
0.01539430293753713
0.0
0.0
0.01899150812865458
0.01899150812865458
0.015918507549052177
0.015918507549052177
0.01539430293753713
0.017940691385259826
0.020034173272630487
0.0
0.01598545458447583
0.01967671443831157
0.020303945089867464
0.018418370078928104
0.018418370078928104
0.0
0.018389932328839485
0.018389932328839485
0.0
0.017947611362410857
0.017947611362410857
0.01965139525885905
0.01955387558858926
0.014547690903872658
0.016576242116171723
0.018028123616880987
0.018028123616880987
0.017367578198688654
0.019860055577292816
0.020706240867300035
0.0
0.014910923380959562
0.014910923380959562
0.0
0.01716414724015457
0.01716414724015457
0.022961772138496282
0.022961772138496282
0.0
0.0
0.016627817123835625
0.016627817123835625
0.01907175958876586
0.01685073403607275
0.020592811571539138
0.0
0.05300636485856723
0.03445716702156459
0.0
0.0
0.0
0.03784330891523296
0.03627234123650748
0.01573378698342055
0.0
0.0
0.0
0.0
0.015908510565436674
0.011497234671358623
0.01502493610096678
0.014543069762016199
0.014543069762016199
0.0
0.0
0.0
0.0
0.0
0.0
0.0
0.0
0.0
0.0
0.0
0.0
0.0
0.0
0.0
0.0
0.0
0.0
0.0
0.0
0.0
0.0
0.016484422446570147
0.02090771291413734
0.019881159053127345
0.0
0.0
0.0
0.03732666896686765
0.038681980578314235
0.0
0.0
0.0
0.0
0.0
0.0
0.0
0.019443025813951114
0.01683542834263473
0.019105654223491916
0.01689936989040199
0.014011510502424928
0.051515053863949466
0.05199350261597383
0.0
0.0
0.0
0.0
0.019498408895954326
0.017701340817631323
0.0181678086238851
0.02392213706244799
0.023181380913137168
0.01764223889652985
0.01764223889652985
0.0
0.0
0.0
0.0
0.01843550878147875
0.020978169789142385
0.02285771988256659
0.02203140857738351
0.016626945568946117
0.06642275537895113
0.05114409211216678
0.0
0.0
0.0
0.0
0.0
0.018383824863015374
0.011240354975487395
0.013442506591865714
0.02157947788517377
0.019549150343421997
0.053088040087961585
0.035090696408317135
0.0
0.0
0.0
0.0
0.0
0.0
0.0
0.020105572234313085
0.019551690793299065
0.019246418381012292
0.01659759590095459
0.023912477614043835
0.022871568955440645
0.0
0.016137614023400904
0.016137614023401085
0.02355823119010302
0.022582268170766053
0.018650608165726286
0.020927609059666275
0.0
0.0
0.0
0.0
0.0
0.0
0.0
0.0
0.0
0.0
0.0
0.0
0.0
0.030010725871236495
0.024005897260355007
0.0
0.0
0.0
0.0
0.0
0.0
0.0
0.0
0.0
0.024677742398787703
0.023050736187075878
0.022794273894450157
0.022154558075289058
0.02085814192831664
0.017638716265960353
0.014576402407492273
0.01960067528382541
0.0
0.0
0.0
0.0
0.0
0.020599715650070943
0.01992014302883596
0.019609122186465162
0.01691039565945634
0.02436311322564311
0.02360091382544486
0.011237299098373942
0.015863328402487647
0.0
0.0
0.0
0.015639113182272707
0.015639113182272707
0.0
0.0
0.0
0.02316597962513375
0.018162339102917074
0.015754803037174536
0.0
0.0
0.0
0.0
0.02257415763100037
0.018076237253440052
0.02539782940898623
0.024808794570689956
0.020146050374167664
0.044168503349440336
0.02222712662885491
0.015957763283145344
0.0
0.0
0.0
0.0
0.0
0.0
0.0
0.024136035292426222
0.022495583137988336
0.01758966447136975
0.015295941149770998
0.012393754775711868
0.025976066943960485
0.0
0.0
0.0
0.0
0.0
0.0
0.0
0.0
0.0
0.02686478277091531
0.026589095808886774
0.0
0.0
0.0
0.0
0.0
0.0
0.0
0.0
0.023158911304747707
0.020573870293665187
0.023628609135336757
0.01668019311064455
0.020163202897224907
0.9397807733413008
0.01611785093336166
0.015527399686448414
0.0
0.0
0.01543857413627307
0.015932416404881352
0.014793196860225724
0.0
0.0
0.014769346704194842
0.014769346704194842
0.0
0.015277108455608106
0.016208890436656503
0.013550424119794444
0.01334235692806791
0.01334235692806791
0.0
0.012666044617284627
0.012473544440031757
0.013729411423631196
0.012387097807324698
0.013060793253002662
0.0
0.0
0.0
0.0
0.012338932587292645
0.012338932587292645
0.013265993069414506
0.013265993069414506
0.014626285060221622
0.014626285060221622
0.013403253359639334
0.013403253359639334
0.0
0.0
0.011261040823520002
0.011261040823520002
0.0
0.013918634869784213
0.013170612168784127
0.013749259191157928
0.01658485657470635
0.01658485657470635
0.013680579221395053
0.012744146308498327
0.013657924351376879
0.01334235692806791
0.0
0.016324551081824148
0.01437829634991209
0.016547062347283346
0.01599088637382538
0.012452225319493757
0.0
0.013522845717889264
0.013522845717889264
0.011958306194781762
0.011958306194781762
0.0
0.012900259023734836
0.012797729798689142
0.01702098965022164
0.017561983667036617
0.012124839533809032
0.013513859780913849
0.013513859780913849
0.013218006433930413
0.01281557698074487
0.011328640370952712
0.012417614911741136
0.0
0.0
0.015974456115575512
0.015974456115575512
0.0
0.01198508658713129
0.01198508658713129
0.013076654780215618
0.016226653730664967
0.016532344653715603
0.0
0.010826343358310864
0.010826343358310864
0.0
0.0
0.012203329132433806
0.012203329132433806
0.011652135268039652
0.011652135268039652
0.0
0.0
0.0
0.014184272448948439
0.014907723907533714
0.013239842043786127
0.0
0.0
0.011871026392799362
0.009767504783354251
0.012059673204071622
0.011261040823520002
0.010448717671173446
0.012665129050961139
0.0
0.011840758486443516
0.010407822248131535
0.011558550557021941
0.0
0.014184272448948439
0.014184272448948439
0.0
0.0
0.013887482806110525
0.013887482806110525
0.0
0.013922411854304425
0.013922411854304425
0.011429802071212147
0.011429802071212147
0.0
0.0
0.0
0.01198508658713129
0.01198508658713129
0.0
0.0
0.0
0.0
0.0
0.0
0.0
0.012208032837395476
0.012208032837395476
0.0
0.0
0.012999586908580333
0.011798811903863818
0.012390351977389838
0.015325518854710047
0.01428225462712242
0.012000877237714504
0.011358696488365008
0.0
0.011772110560263763
0.011772110560263763
0.014407360576291333
0.014407360576291333
0.0
0.0
0.013922411854304425
0.013922411854304425
0.012156500435756133
0.012156500435756133
0.0
0.0
0.0
0.016163497876520737
0.016163497876520737
0.013465129152347344
0.013465129152347344
0.011725834982985564
0.011725834982985564
0.0
0.0
0.0
0.011840758486443516
0.011840758486443516
0.0
0.011429802071212147
0.011429802071212147
0.014248550009073152
0.015736915310729575
0.0
0.015461930291793383
0.013708599732914157
0.0
0.0
0.0
0.011772110560263763
0.011772110560263763
0.0
0.014917977255669864
0.017654638015241315
0.016163497876520737
0.0
0.011320649018095262
0.011320649018095262
0.014901648416314644
0.014901648416314644
0.01334235692806791
0.01334235692806791
0.0
0.012535833423508226
0.008572863614871496
0.0087642274788238
0.008579067022465114
0.025298042797824057
0.036625813158456026
0.02812832077100279
0.0
0.0
0.0
0.0
0.0
0.0
0.0
0.0
0.014283507283066972
0.010799309459996718
0.011583883885714925
0.013565345069044344
0.013966779814291928
0.03416307781857188
0.032510554132488156
0.01600324191377728
0.011740592766716828
0.011740592766716828
0.012062393735749993
0.008748181121031602
0.010591641931701982
0.010821138657008475
0.011766032649394837
0.012341596103302321
0.012869882639024858
0.008781694395914155
0.008977719790361728
0.008788048915494515
0.02591429079541913
0.038113250238579525
0.01275794421210781
0.0
0.0
0.0
0.0
0.0
0.0
0.015187055125272214
0.015187055125272214
0.0
0.01245425546011201
0.013725926557997023
0.02832503076276919
0.01089973257913919
0.01089973257913919
0.0
0.0
0.0
0.0
0.0
0.0
