0.021981827213039238
0.0
0.0
0.0
0.0
0.0
0.021551339254128953
0.02603720694247976
0.7697542678843797
0.7724203705935746
0.0
0.019105423253531484
0.019105423253531484
0.8869527740782491
0.8869527740782491
0.0
0.0
0.0
0.8353125094353226
0.8353125094353226
0.019041209068867727
0.024346475247240117
0.024940379733476053
0.7837202438147344
0.7841736576836198
0.0
0.0
0.018636301095138492
0.8287922754773159
0.8292767117711396
0.01908861619983538
0.019656452148249067
0.0
0.9062869122194426
0.9079744735836092
0.02138126489016619
0.0
0.020019151783776716
0.7746700916629048
0.7642588120452256
0.019338185630966162
0.01610988855494039
0.022934254785582173
0.7792318372914991
0.7840980449977738
0.0
0.022395240799386422
0.022395240799386422
0.8374448632081719
0.8365201900482047
0.020542137947552892
0.018015790199252205
0.018015790199252205
0.8115281897876648
0.8132258318191469
0.020017934037425036
0.0
0.0
0.7942471980703458
0.7942471980703459
0.01657763774029702
0.014387443216434394
0.019078660751560235
0.8316403916464213
0.8316403916464213
0.0
0.0
0.01981586259042144
0.7718790140605591
0.7741028223414801
0.017073443965033488
0.0
0.0
0.8445853473013477
0.8442458481266154
0.022664826437294606
0.021751962300859455
0.0
0.9138046814984554
0.9138046814984554
0.0
0.0
0.0
0.8164928215891674
0.8164928215891671
0.02311164390279782
0.02300704019635641
0.023233441802770528
0.8337753554379999
0.8337753554379999
0.021482400319974074
0.021482400319974074
0.02269325630119429
0.7841408901428697
0.7866830255077745
0.0
0.023135397933160058
0.023135397933160058
0.899303220457361
0.899303220457361
0.0
0.0
0.0222936613441621
0.8262008485723378
0.8267427846330726
0.021283053513961495
0.01832990474777424
0.021164354485981977
0.7547956252811369
0.7547956252811369
0.0
0.0
0.019105423253531484
0.8314980047211371
0.8314999560482106
0.021140940121769144
0.0246271578103026
0.023592768041608887
0.8725408830733898
0.8725408830733898
0.0
0.018175661949267414
0.01612722860868343
0.8791722064830116
0.8769376744294182
0.018953371801457057
0.018953371801457057
0.0
0.838610053904955
0.8386100539049551
0.0
0.0
0.0
0.8241896893012761
0.8241896893012761
0.0
0.02455785263128486
0.02455785263128486
0.7873335853466025
0.7913948536623538
0.02131590607710855
0.0
0.019600356715735647
0.9809996226593118
0.9801944147456509
0.019777816658144647
0.01637555530426715
0.019350416271179536
0.7574402594912709
0.7574402594912709
0.0
0.0
0.019551279277753353
0.8222240655072615
0.8266341422293327
0.044230370410529414
0.023367339395341285
0.017497133283286344
0.9297802575517836
0.9333666616284174
0.0
0.0
0.0
0.7523692182376063
0.7523692182376056
0.0
0.0
0.0
0.7998518169308682
0.7998518169308676
0.0
0.02384418480420379
0.019602416804905785
0.9136709789787313
0.9127740254957747
0.011051127317519569
0.016612292678304996
0.041606063700552885
0.8076364814391875
0.8028604641057058
0.021946985783639184
0.0
0.0
0.9475819811783063
0.9475819811783063
0.0
0.019121338898444425
0.014468852780922555
0.8967655634446424
0.897637154406276
0.022703707117177084
0.020791213751957593
0.06330440117005746
0.8741483256095388
0.867002156817455
0.0
0.0
0.0
0.8628682933354339
0.8628682933354346
0.0
0.023427611644058585
0.02040425837274321
0.8920832028374687
0.8896021695504867
0.027416187610964437
0.026071844248697518
0.06094339993700639
0.8792436693863894
0.8976772673306055
0.04206165732603919
0.0
0.019504752991789484
0.9567253879179967
0.9536215909966156
0.006548948046315397
0.009908282765099762
0.005663782031329929
0.8135355377163527
0.8413796991650184
0.02825038107056797
0.03352171772278196
0.0
0.8677022935524706
0.8677022935524706
0.04229776566376708
0.04229776566376708
0.03121468360385592
0.9111830244712193
0.9098435334033903
0.04754782800246815
0.045680248430492086
0.0
0.8806118528426796
0.8806118528426796
0.035133677411269444
0.035133677411269444
0.035163470272057525
0.8024289197905493
0.8033719641470186
0.029354319924453684
0.031152155895149358
0.0295050243782383
0.7991200631689304
0.7891413029921508
0.03342979020552872
0.0
0.031726612875627135
0.7536049402043659
0.7513226660105453
0.0
0.0
0.037684714327848326
0.8449564402454427
0.84838360095989
0.03756301264785015
0.04031037874242115
0.03692224209859055
0.7486218732042943
0.7486218732042943
0.043330743804120345
0.043330743804120345
0.03262704276871778
0.8662559627337489
0.8654359055267035
0.0
0.0
0.0
0.8571655195714103
0.8571655195714096
0.0
0.0
0.0
0.809496965423936
0.809496965423936
0.03161416305541533
0.034373039234008744
0.034491504831680696
0.8198765632619018
0.8198765632619018
0.0
0.0
0.0
0.8196408249461945
0.8196408249461945
0.031834909333040826
0.031834909333040826
0.0
0.8102464643817271
0.8102464643817271
0.0
0.0
0.0
0.8167843866484352
0.8239121061270096
0.028156973283814817
0.0
0.0
0.8971583990745724
0.8995761258637407
0.0285976528376244
0.030869358966047263
0.0
0.8180379024821534
0.8208214681851671
0.034067559360741795
0.0
0.05504906963663453
0.8262451041321518
0.8206713187046805
0.027261052224969277
0.0
0.0
0.7942598745508277
0.7942598745508277
0.0
0.03965187118903496
0.02134768781629445
0.7970022762693783
0.7981726845759114
0.0
0.04633713493569521
0.10380468629391841
0.8555356557395706
0.8446932792439249
0.015239616093186118
0.02974662003039881
0.0
0.7801897839860511
0.7801897839860511
0.0
0.0
0.031574831934930006
0.9060577759176893
0.9116815094541193
0.04416995771782195
0.03166067317867542
0.03362304416868044
0.8650062193576591
0.85949358570789
0.03529937707376348
0.0
0.0
0.8686979923152252
0.8686979923152252
0.0
0.0
0.0
0.8428354116312275
0.8428354116312275
0.0
0.0
0.0
0.8208386405223029
0.8106980302940383
0.0
0.0
0.0
0.7840803789478844
0.7840803789478844
0.0
0.0
0.0
0.8711254123968661
0.8711254123968661
0.0
0.0
0.0
0.769807723648366
0.7698077236483656
0.0
0.04313800477328265
0.03672315810760289
0.8392613861365867
0.8391766719403194
0.04681635914264847
0.04780857219430568
0.06389902156067512
0.8444631574465741
0.8432010199043217
0.028320106901784995
0.030207138878004837
0.0
0.8809763284905491
0.8809763284905491
0.034153237352477064
0.027644639456185515
0.026015540352002132
0.7689731391154712
0.7680729832049139
0.031319708788472934
0.1094695895924694
0.07310566156356811
0.7510940045798129
0.7534802118991293
0.0
0.0
0.0
0.8203820397873823
0.8244220318629321
0.042361887168945365
0.043084456087422056
0.03939997800503783
0.9347137688509113
0.9398797401591886
0.08228995222206645
0.04338025840388781
0.04883715932797167
0.8638038255693021
0.8582095002438744
0.0
0.0
0.0
0.9548974217255854
0.9548974217255854
0.0
0.0
0.042848143322297305
0.7881363098682367
0.7876930071343161
0.046114659267424515
0.08500368419983942
0.0729872321914541
0.7945696654828271
0.797451260973376
0.0
0.0
0.0
0.8418348640955108
0.8418348640955108
0.03239493684126391
0.024307705297662168
0.03021583679645434
0.8222682325494475
0.8166290923775327
0.031238280809677263
0.05645741283600659
0.01487059757707586
0.7181132843866235
0.7238101877794357
0.0
0.0
0.0
0.8150199116192748
0.8150199116192748
0.0
0.0
0.0
0.7991899671341487
0.8097628039614067
0.03472837618077425
0.037655588211307545
0.03303329677657925
0.8263138259007923
0.8355034474850401
0.8281795189334688
0.1221494637396227
0.0
0.9354257156396709
0.919172093375286
0.16742972434645528
0.11698661553601669
0.09196406961753292
0.9105284998604238
0.9014338549987763
0.11181818181145795
0.1069236695937709
0.1069236695937709
1.0
0.9963451950080728
0.1187407420917497
0.09196406961753292
0.09196406961753292
0.8441235990474212
0.8463648908538551
0.12027799336564093
0.0
0.0
0.8293062546824036
0.8293062546824036
0.0
0.0
0.0
0.9199024589168188
0.9199024589168188
0.0
0.12753432355209626
0.12438656265749541
0.8857862103631496
0.8799995714565547
0.14462223131562016
0.11957833248964829
0.2736388419708176
0.914084716038351
0.8910796671197169
0.0
0.0
0.0
0.9234526293002056
0.9234526293002056
0.0
0.0
0.0
0.9213656995895443
0.9213656995895443
0.0
0.13043344092234324
0.13565319210679852
0.8427065626358577
0.8450674531193589
0.12293288222226485
0.09520448461150786
0.8901990842158739
0.8773741732854287
0.8993538315581803
0.044792335257566686
0.0
0.038442908235740904
0.893415428496948
0.8865737349707264
0.042317123922758715
0.042317123922758715
0.0
0.8775092405906842
0.8810981728245165
0.043636706207737894
0.0
0.0
0.8605071491860606
0.8606059133509989
0.044756643289967306
0.041066043927494376
0.04113971459637565
0.9383098331084896
0.9383098331084896
0.0
0.0
0.0
0.8845773497831515
0.8845773497831514
0.04950103298606982
0.04950103298606982
0.04987525490077888
0.844996333563605
0.8491156925074695
0.03984795572321632
0.03984795572321632
0.04875424709698229
0.8645998953061503
0.8657506788929633
0.0
0.03910449867278148
0.04492689151988477
0.8835737038612974
0.8885264256348178
0.0
0.04436660068961188
0.043630031822550853
0.907719953840777
0.9063180611461257
0.0
0.0
0.0
0.869745677623517
0.8656838848097146
0.04310193015213498
0.04651582967339899
0.04651582967339899
0.8557803257456609
0.8665488103129491
0.04203450386014296
0.04239212451391688
0.0388311082245653
0.8604474746122361
0.8454190613401443
0.04310193015213498
0.05111051251941324
0.04709908707815841
0.864840195315854
0.8726320956140141
0.04726452537741044
0.03641987296046253
0.0
0.9425098538172136
0.9425098538172136
0.0
0.0
0.0
0.8743551038813016
0.8792943797901065
0.03422311623524212
0.04934654301534648
0.03532557703048403
0.8362278660431189
0.8378654965402138
0.09940593522032692
0.09458929351731814
0.0383785461159932
0.7902881111228965
0.7902881111228965
0.0
0.0
0.0
0.9054800016943129
0.9054800016943129
0.0
0.0
0.049324478716121424
0.852032553927231
0.846820324416238
0.04158652214390527
0.025918080839785418
0.030979384693637504
0.8744867399258961
0.8706366680179934
0.046538117472114386
0.046538117472114386
0.05411162745938323
0.9170436305048815
0.918100625131853
0.05639646677296762
0.05419647972643371
0.05677566097666092
0.9340601368795977
0.9205951178105561
0.8549659985763484
0.012508425641086743
0.0
0.8038874501906437
0.8038874501906442
0.0
0.0
0.016891419659765303
0.8038199648954922
0.8050569359671477
0.018102814092896394
0.018102814092896394
0.016095695787993806
0.8372893509598449
0.8365434122489779
0.01849448411143939
0.018665271978308567
0.0181384690528615
0.8277343670134515
0.8277343670134515
0.0
0.0
0.01397281891169209
0.851270619583151
0.8499057542106555
0.01330326991596258
0.013928736518859928
0.0
0.8147656337505828
0.8164494325047221
0.01477825285755376
0.014725152215619139
0.014725152215619139
0.7745079247051939
0.7737884069880404
0.017174991568980422
0.0
0.0
0.7833242856917323
0.782996511672415
0.014039575042239292
0.0
0.0
0.7727560473733626
0.7753796639191074
0.010843279923198213
0.016305703278147527
0.018013934849537103
0.8049461243578251
0.802609640575876
0.018049616242158076
0.018528794626290365
0.018504970407824135
0.8475725985117087
0.8411165609918853
0.016419991232949044
0.0
0.0
0.8338232647566302
0.8350480094223035
0.013872055411825446
0.017184756397130792
0.017184756397130792
0.8369297871623858
0.8369297871623858
0.0
0.0150047340286413
0.017667769113239352
0.8559346824422497
0.8569079997585086
0.0
0.0
0.014046858495523735
0.7985033934820837
0.7969493741169529
0.014039575042239292
0.0
0.01596460664103172
0.8634458615967643
0.8630260463988381
0.016524841701036977
0.014039575042239292
0.014039575042239292
0.7622253073255069
0.7622253073255071
0.0
0.01569161433181507
0.010197838393655768
0.7827693334519134
0.7811830892819678
0.014039575042239292
0.014039575042239292
0.0
0.858801944581219
0.8588019445812196
0.0
0.012508425641086743
0.012508425641086743
0.8905274455683656
0.8905274455683656
0.0
0.0
0.0
0.8629858772423574
0.8629858772423574
0.021290047093634072
0.021290047093634072
0.0
0.8260823519648254
0.8260823519648254
0.0
0.013387107159333198
0.013387107159333198
0.7568157712949901
0.7568157712949901
0.014039575042239292
0.014039575042239292
0.01370399437713729
0.795939310038667
0.7953540745025753
0.0
0.0
0.016906223144006634
0.855808534248818
0.8584830543355813
0.014170640842249723
0.014170640842249723
0.01370399437713729
0.811367394491355
0.8070181194574082
0.017834402700317796
0.0
0.014230237031874827
0.8082513798941634
0.806120290074029
0.018074553324969406
0.016396016177010853
0.016396016177010853
0.9808333746628193
0.9808333746628193
0.016370700917924804
0.016370700917924804
0.0
0.7690226774001685
0.7682939884613044
0.01597694719868056
0.017493654063000495
0.01740684214183329
0.7841956951785558
0.7838704570172139
0.014756155551556668
0.016048619133878023
0.016048619133878023
0.8446712289039134
0.8460797144845238
0.017679403287382423
0.01843267665762379
0.0
0.7869772174150809
0.7887129770470224
0.013273690338543264
0.0
0.01527950815453202
0.7848490052110703
0.7845374897005147
0.02044054852966296
0.02044054852966296
0.0
0.775374806886729
0.7753748068867288
0.014802067576147502
0.014802067576147502
0.016977662920304677
0.703083526318561
0.705156147999691
0.018331702002414192
0.0
0.04718621745470903
0.7796912398842081
0.778384555163894
0.0
0.0
0.0
0.7702612319291843
0.7792081654984635
0.03228960495110464
0.014006202763888611
0.0
0.9128816475741119
0.9128816475741119
0.0
0.0
0.014161741536590283
0.7979582383706955
0.7969844529462378
0.01337518435748265
0.012946227383834387
0.012946227383834387
0.8007798569549276
0.8007798569549279
0.0
0.0
0.0
0.748962806286917
0.7489628062869175
0.0
0.0
0.0
0.7909066634204227
0.7909066634204227
0.0
0.0
0.0
0.8870374410251523
0.8870374410251523
0.0
0.0
0.0
0.795975732798031
0.795975732798031
0.0
0.0
0.0
0.843262753244952
0.843262753244952
0.0
0.014674417765764341
0.01861202688921346
0.8329890205526755
0.8304122732422857
0.0
0.0
0.0
0.8602951108463578
0.862994705068866
0.03443466368647156
0.0
0.0
0.834038899829082
0.834038899829082
0.0
0.0
0.0
0.8133868797677262
0.8133868797677262
0.01730816377396488
0.014986882892995405
0.017007835893097647
0.7407973732918784
0.7475045799153717
0.01247303381773977
0.04585865377301923
0.04628456841391555
0.8590828936448333
0.8590828936448333
0.0
0.0
0.0
0.8462677259874541
0.8475526540727144
0.015757717385248473
0.016172966599191773
0.02129546450547782
0.7278351370175873
0.7253043931804642
0.015705104909208546
0.015705104909208546
0.0
0.8306197850650754
0.8306197850650754
0.0
0.0
0.016411273034326084
0.8477477924666472
0.8495326841779498
0.020347921306723752
0.019612339739572552
0.014801291718783015
0.830272407281506
0.8468907961003094
0.04552842396130316
0.0
0.0
0.755679635614899
0.7556796356148988
0.0
0.0
0.0163652640574413
0.7938770109715458
0.7924182998084037
0.011966507057644706
0.019210031451238393
0.0174026357329127
0.7688237006975817
0.7839910647154693
0.031237705807181167
0.0
0.0
0.8583460978020045
0.8583460978020047
0.0
0.0
0.0
0.8257596474606843
0.8257596474606843
0.01789796199062161
0.01740489723906676
0.017133144017212706
0.8747113214342185
0.8749915710728196
0.021286865673354406
0.020360249738713473
0.0
0.7823011131179369
0.7799678997263096
0.01436568922506089
0.020971515831175545
0.02010271444513322
0.9154962767210049
0.9155994672554572
0.018629738419742744
0.0
0.0
0.948485914065553
0.948485914065553
0.0
0.0
0.0
0.9397132251578197
0.9397132251578197
0.0
0.0
0.0
0.8313635050553373
0.8313635050553373
0.0
0.0
0.02671552068722836
0.8259645882893902
0.8220002179530749
0.0
0.0
0.0
0.816952452362389
0.8169524523623889
0.0
0.0
0.0
0.8225531463759721
0.8225531463759727
0.0
0.021968103683916055
0.02051974424423665
0.8381567701897473
0.8429594512210702
0.019721967309829714
0.018567898843032192
0.015701969066701547
0.8517215872862409
0.8547236198076982
0.017448503187674092
0.0
0.0
0.8359017123449186
0.8359017123449186
0.0
0.0
0.01833784800680056
0.8104897614619598
0.810237694899069
0.017456022612668463
0.015053618729776123
0.021688021082115143
0.8219012026892235
0.8164431986498185
0.010003433366432349
0.014121520416510165
0.0
0.86176957406922
0.86176957406922
0.0
0.013921924232807565
0.013921924232807565
0.8037998144585263
0.803799814458527
0.0
0.0
0.020622333847257656
0.8177116550904956
0.811412687952775
0.01402491123569424
0.0
0.0
0.8630220216755432
0.8630220216755432
0.0
0.020095494450061313
0.0160914498490812
0.819305997777464
0.8244025451873459
0.022084766207327942
0.017933995593650918
0.039318761232857546
0.8449624417663576
0.8367915065250454
0.014205586260789682
0.0
0.0
0.8412640056194158
0.8412640056194159
0.0
0.0
0.0
0.925258542654826
0.925258542654826
0.021485876513919835
0.02002554750833927
0.015658303204077847
0.8364916414248046
0.838447847962907
0.011032909151334818
0.02312387100504386
0.0
0.8256984212462475
0.8256984212462483
0.0
0.0
0.0
0.8153699415315464
0.8153699415315464
0.0
0.0
0.0
0.8269455451888666
0.8328581281718811
0.023669588739199138
0.0
0.0
0.8176496677455448
0.8176496677455448
0.0
0.0
0.0
0.8277774079507535
0.8277774079507535
0.0
0.020616041634923057
0.018314840494196922
0.7759880980639896
0.7824597404969383
0.014848692631639706
0.01794926475396847
