0.018071188710756924
0.0
0.6350042762937065
0.6350042762937065
0.7291609929673949
0.7291609929673949
0.6867076992356439
0.6867076992356439
0.6446666154121726
0.6446666154121726
0.6814739068731659
0.6794698582452959
0.7443694403518192
0.7417738978716485
0.6248099693685002
0.6282946855362277
0.6446044544688799
0.6446044544688804
0.6884607003421395
0.688564773165978
0.6672354159833795
0.6671546873524992
0.6529480402250277
0.6529480402250278
0.683688863135795
0.683688863135795
0.6338872280333343
0.6338872280333347
0.6943308691085192
0.6943308691085192
0.7512358587886712
0.7512358587886712
0.6712360950214286
0.6777258623812477
0.6875326652476712
0.6824706130655155
0.6431624621064503
0.646607105527535
0.7386800577552314
0.7393142547966309
0.6796625563273764
0.6796625563273758
0.6205150304528894
0.6205150304528894
0.6835734114869225
0.6847694177120303
0.7183930924828561
0.7184442731702497
0.7239778929747471
0.7208631070229138
0.6941407565202014
0.6894185998270875
0.6775636649526825
0.6775636649526825
0.647264381674125
0.646610881692195
0.8037465454772229
0.8058146427241221
0.622689175641962
0.622689175641962
0.6751610255267865
0.6759291863543561
0.7701610291703983
0.7705344641277626
0.621308038300519
0.6211718357332223
0.6620680109426863
0.6641896754650631
0.7531813178233998
0.7468317394488748
0.6493979276687946
0.6539248351441452
0.7797681635940084
0.7797681635940084
0.7341819177714443
0.7330391242961736
0.713910075802397
0.7162694607005604
0.7126398271940525
0.7118749566800309
0.726312017559471
0.7258761796791979
0.7227369858643296
0.7277143162447899
0.7915169194575215
0.7886122201151324
0.6735427744989391
0.6739557848568015
0.7685664621818726
0.7659955514128678
0.7696226640243949
0.7696226640243949
0.7045173249105199
0.7045173249105195
0.699137772393929
0.6991377723939289
0.6418408382401711
0.6457482801058773
0.700776481013167
0.6981048551969422
0.6925949419515288
0.6916566051229197
0.6702598514126489
0.6702598514126489
0.720784828426002
0.720784828426002
0.717039704734102
0.7170397047341016
0.7069768154740106
0.7076812461509507
0.7366939962149983
0.7366023814623177
0.7058301038388886
0.7028311722196329
0.6600126789653739
0.6600126789653739
0.6440827691063683
0.6440827691063683
0.7481264011200719
0.7489671156334606
0.7260092445321036
0.7249503269636299
0.6764146496120745
0.6780497387612131
0.6402001560562548
0.6402001560562545
0.7038299988677188
0.7038299988677188
0.7372329834080281
0.7372329834080281
0.670121888311563
0.670121888311563
0.7648351507222301
0.7648351507222301
0.7380681872527551
0.7380681872527551
0.7209187974380628
0.7176728043814719
0.7230407283032649
0.7219328734549877
0.7213852456073852
0.7237276591517883
0.6738760975709291
0.6738760975709291
0.744515227310977
0.7437914083209228
0.6478631370828398
0.6484414973497049
0.6844772748107286
0.6812532031348733
0.7060467589029803
0.7083272526911726
0.739889244854927
0.739889244854927
0.6620707896182041
0.659233448252101
0.6468315379527905
0.6497012174699863
0.6900978377648073
0.6900978377648073
0.7906334096985785
0.7906334096985785
0.7297186765209046
0.7297186765209046
0.7924792098650161
0.7927247213436595
0.6659122899860553
0.6646901800123027
0.6553723608228164
0.6542849451653114
0.7431064899119094
0.7431731503388287
0.6939173991521131
0.6944690812054439
0.6958539961606112
0.6958539961606112
0.6522562592424277
0.6522562592424277
0.686502348132818
0.686502348132818
0.6926064428872202
0.6936409144121851
0.7859062740932066
0.7856080261502234
0.6945772375684852
0.6940074753841574
0.828823027677897
0.827285648595042
0.649982580224054
0.6533565585084868
0.7025217522288068
0.7025217522288068
0.711787379701827
0.711787379701827
0.6761873940973617
0.685478811833819
0.6774307331235463
0.6906131084580112
0.6956729046713116
0.6959085891712058
0.7422708796659699
0.7431090918713955
0.6899527191461089
0.6873604853110021
0.7128068190288556
0.7128068190288556
0.727528160005427
0.727528160005427
0.6932661156498254
0.6932661156498254
0.7107608202542198
0.7107608202542198
0.7489192769809246
0.7489192769809246
0.7251079142831994
0.7251079142831994
0.6512871267825104
0.6512871267825104
0.6953599093810956
0.6927030232612441
0.7094054788103361
0.711532913578797
0.707456767969567
0.7064929564220962
0.6812018336633482
0.6804695303003487
0.6739081106323251
0.6739081106323251
0.6806499985096864
0.6822027443950107
0.6997297015551115
0.6986893208848908
0.7735597355968131
0.773232617178489
0.7341999651911539
0.7348337112190223
0.6959589919439566
0.6863486490262218
0.6567911952253523
0.6567911952253523
0.7062909073065168
0.7062909073065168
0.6634120505335236
0.6634120505335231
0.6785022827373826
0.6779257786382822
0.7321362350609694
0.7334156022180435
0.743537429404998
0.7404852134072397
0.6913920644614668
0.6901123972865003
0.6223823395099565
0.62180129244022
0.6933191462311522
0.695119908870165
0.6983559887023292
0.6983559887023286
0.7157073097227746
0.715707309722774
0.6877436615506501
0.6877436615506501
0.64914024643182
0.6491402464318196
0.6382035560465027
0.6382035560465027
0.6401161401367881
0.6401161401367879
0.6660598283763252
0.6660598283763246
0.6893357452621464
0.6893357452621464
0.6803115872812278
0.6803115872812283
0.7195041498641072
0.7215255957863841
0.722510094098405
0.7247828597132564
0.6796705928047472
0.6781867799476807
0.7121860581723749
0.7121548825703472
0.6591211993822663
0.6570345653607707
0.6805053207557288
0.6802148699016601
0.730692981872944
0.7294937718394032
0.7677118535300328
0.7700312188933107
0.7120529981717486
0.7120529981717486
0.6872367344827386
0.6872367344827386
0.6521865926959223
0.6521865926959225
0.6902063323456235
0.6902063323456237
0.7324822662207215
0.7310270843146908
0.7076938910947876
0.711662961161587
0.6906197459180031
0.6949000121767901
0.8335980659325596
0.830285062877259
0.6734196430371695
0.6748213793375574
0.6898196390945178
0.6848710232897521
0.7302663388272018
0.7237845769795829
0.697290496013278
0.6972904960132782
0.6755699883723041
0.6755699883723043
0.6757330803361852
0.6757330803361855
0.6185203197816461
0.6185203197816462
0.6402440281043547
0.6402440281043552
0.6594286170769856
0.6614597161893435
0.7515736633753366
0.7516015110178111
0.6418153522698605
0.6405405558790346
0.6690039328219364
0.6713994287174745
0.6008915098065485
0.5952726245920742
0.6367430060396871
0.6367073919251689
0.7612028566990698
0.778004569300284
0.6825141506182061
0.6649021240063026
0.6894168621116541
0.6894168621116543
0.6962711382356692
0.6957269924764394
0.763164833194248
0.7613714453590683
0.705752921994912
0.705792638294827
0.6738438090228454
0.6753857944854744
0.6364642827515135
0.6357705008981979
0.7642793221724158
0.7234463638444878
0.7023329564162233
0.6960378897245743
0.6592619263216728
0.6563761804259272
0.6876621260128359
0.6876621260128359
0.683564002980648
0.683564002980648
0.6731869004991502
0.6661586714089782
0.6101569560005471
0.6163982313400118
0.6710708844771274
0.6775168291050072
0.6671959245914352
0.6573791080907716
0.7084203833151688
0.698089714174019
0.6748033495380215
0.6825164793188344
0.6821696305602514
0.6821696305602514
0.6434682681432647
0.6434682681432647
0.7447910724037916
0.7435230626249366
0.7678362177015555
0.7688465538689544
0.7708461344766705
0.7736693867680797
0.714087588189808
0.7150606590430177
0.6832383211377729
0.6852402069663508
0.6977206779681948
0.6913947742560342
0.6408015491894217
0.6440951787619573
0.6479692635560929
0.6503826019566903
0.6334454262105931
0.6158169935837167
0.6745338201252293
0.6745338201252293
0.6482268930703049
0.6494689430860998
0.6847143417071869
0.683282808202746
0.6695446887049294
0.6695446887049294
0.6611949853903711
0.6611949853903711
0.6707788985701595
0.667624906741993
0.6676155646920177
0.6694423518386087
0.6136601646839379
0.6110303525964947
0.6977898417023063
0.6976565631958322
0.6709366917424809
0.6738005298299251
0.731816587634965
0.731816587634965
0.6739169477321579
0.6667202920565378
0.652025322008955
0.6586801538799532
0.6809808946308165
0.68189811748807
0.6824236541013879
0.6805337716241966
0.6806965310871519
0.6806965310871522
0.6327179390163764
0.6327179390163766
0.631461919902856
0.6314619199028564
0.7417415373494617
0.7417415373494617
0.7870104799805073
0.7870104799805073
0.6891688134969792
0.6891688134969792
0.64022797776234
0.64022797776234
0.7672230384903682
0.7672230384903682
0.6792661331343759
0.6798910195912392
0.7074167642564322
0.7066655060003377
0.6955779549888121
0.694963103031347
0.6827130532617736
0.6827130532617736
0.6677331201099242
0.6677331201099242
0.6572266475391813
0.6572266475391813
0.6700680830343406
0.6700680830343406
0.7359067168914512
0.7359067168914512
0.7160987120044536
0.7201310715151674
0.706707420509127
0.705205641340883
0.6633986517389151
0.6633986517389151
0.6051532257721451
0.6051532257721451
0.7249233508820614
0.7249233508820614
0.6961936002641906
0.6961936002641906
0.6464984956437437
0.6464984956437436
0.6557609796189536
0.661610876936514
0.6659622056952597
0.6599997684511809
0.6263900718021354
0.6263900718021354
0.6307142799424393
0.6307142799424393
0.6773883850091615
0.6831405983832406
0.7113926865589983
0.7102908848570514
0.6524391255242367
0.6459598664593554
0.6325787344443333
0.6325787344443333
0.7044389439005045
0.7063204675309126
0.6299668133417187
0.6288016289291269
0.6784815958340682
0.6784815958340682
0.6856749992819033
0.700295260247641
0.6872202205408824
0.6895523073422464
0.678861847800786
0.6842449855386137
0.6376025284102906
0.6376025284102906
0.6270377478550596
0.6270377478550588
0.5916569722098672
0.5916569722098677
0.701446528682457
0.701446528682457
0.6541715058984471
0.6536174777372565
0.5988656969897224
0.5982781791711047
0.7063236764290909
0.7068332100588417
0.7283502160174901
0.7283502160174901
0.6653556675620074
0.672362875271896
0.6689126617866379
0.6731314680654246
0.6374124587042156
0.6278068102616092
0.6849225737894911
0.6859173210621646
0.7384058276940827
0.7426661034813699
0.7436142180308175
0.7436142180308175
0.7097824267709423
0.7097824267709423
0.642679317081284
0.642679317081284
0.6937568907649653
0.6937568907649653
0.6376094815814914
0.6377222435428561
0.743204521034783
0.7464589013585416
0.6630102818904803
0.6687572900064248
0.6268565145236953
0.6221578406428838
0.7480558392240972
0.7526642502709733
0.6412393631367492
0.6302476062559311
0.768921338966782
0.7676728250886025
0.6700218354494974
0.6700218354494974
0.6502822536920809
0.6502822536920809
0.6762062687606465
0.6762062687606465
0.6383793948380511
0.6383793948380511
0.6520795680238924
0.6520795680238924
0.7370520716969549
0.7370520716969549
0.6087480652187102
0.6087480652187102
0.5301841694596443
0.5301841694596443
0.6668983378113073
0.6668983378113073
0.6666140276189115
0.6666140276189115
0.662649870147272
0.6590121049866288
0.6512843672341762
0.6512843672341762
0.674157966916427
0.674157966916427
0.6725697685113367
0.6725697685113371
0.6028206365606232
0.6028206365606235
0.6895516652652871
0.6895516652652871
0.6229939369727611
0.6229939369727611
0.6837874619049266
0.6837874619049266
0.6644715566685524
0.6644715566685524
0.7238142114617964
0.7238142114617964
0.6469365609500791
0.6469365609500791
0.6742528319052902
0.6742528319052902
0.6783664300438573
0.6783664300438573
0.6985847242238048
0.6985847242238048
0.6955938610875207
0.6999166662569536
0.6465115487917258
0.6477732807501233
0.6602664400356376
0.6608893336841899
0.6480984908939114
0.650103402928918
0.7220384148047305
0.7247686319210609
0.6846037655405444
0.6904137711056505
0.7363215022360474
0.7339589029367585
0.720835511171539
0.7179777783538167
0.6665313650175501
0.6696224045238631
0.6330553018747798
0.6330553018747798
0.6888263714182008
0.6888263714182008
0.7064912357079721
0.7061602181515441
0.719470104483717
0.7193987085048861
0.7313289733644959
0.7308354440573488
0.6676215299423777
0.6689116976775783
0.648282125649351
0.650558283713104
0.6889198525210344
0.6945128342964005
0.7055819129293524
0.694960395173315
0.6561086587812245
0.6581681437411565
0.693661666578545
0.693661666578545
0.6814735614162281
0.6814735614162281
0.7547854745095082
0.7547854745095082
0.7005558821785586
0.7010549996628654
0.7363669546044707
0.73786297772526
0.6797680905969133
0.6797287439105094
0.692345397770935
0.689950429948104
0.7160586325347786
0.7191853488062299
0.6823139843481806
0.6703270482245494
0.7186226357444462
0.7247047356900326
0.7016741701833633
0.700234706443956
0.6924473477988408
0.687135026727242
0.6446434553814352
0.6446434553814352
0.6646163222666731
0.6646163222666731
0.6450955617896428
0.6450955617896428
0.7151900282674662
0.7151900282674662
0.6304105696768453
0.6304105696768453
0.6624315795998441
0.6624315795998441
0.6438088073445473
0.6511032741046496
0.6809676160431576
0.6808016922774075
0.659591545657547
0.6596138473079352
0.6875127100788255
0.6986355143979424
0.6833699539612137
0.670704547535472
0.6465805612825526
0.6492945413560534
0.6617876651856485
0.6617876651856485
0.6328442480743588
0.6328442480743585
0.6704546128831425
0.6704546128831425
0.8087622441336731
0.8087622441336731
0.683668401846854
0.6824884842012281
0.6656972695222009
0.6661106413630103
0.6827536290017026
0.6857338931970121
0.6726315143439212
0.6700747132086627
0.7304702517348753
0.7333505798496559
0.6950546183060853
0.6909626343820694
0.6715918570305942
0.6729865202443482
0.6391687909459062
0.6440213912419787
0.6770353185547111
0.6770353185547111
0.662490301559374
0.662490301559374
0.6934499105219913
0.6934499105219913
0.7118092077028806
0.7118092077028806
0.6455165280404623
0.6455165280404623
0.6890945156168727
0.6890945156168727
0.6453190898669402
0.6453190898669402
0.6993768742520913
0.70400313074625
0.6701545538620439
0.6704108431977188
0.6398226217019218
0.6371315622188146
0.6783906701380944
0.6802596341587899
0.7028380529741963
0.7111207424411465
0.6795225480824837
0.7135653999234443
0.7084810550608954
0.6308181651549357
0.7542393257602846
0.7542393257602846
0.7204786199897041
0.7071007180877228
0.699240120717996
0.7060639991974735
0.723103159348363
0.7236055678575148
0.7539361142835055
0.762322838182731
0.7700057550961099
0.7615523821833188
0.7237172212733067
0.7189579769819165
0.669661134614833
0.6894206825337178
0.731251868273565
0.7191366233826362
0.7689849665918581
0.7681382120209383
0.694299584126107
0.690729460542967
0.7177292682965021
0.7310180430999307
0.761572337667002
0.752487800149054
0.7434594294576611
0.7428905108365118
0.7213281115733767
0.7146960853442399
0.7222648953029565
0.7222648953029565
0.7203205962883229
0.7203205962883229
0.71599618640456
0.71599618640456
0.7017828194614433
0.7017828194614433
0.7570528917407483
0.7570528917407483
0.7013955155305002
0.7013955155305002
0.7348189923427059
0.7348189923427059
0.7300515769195426
0.7300515769195426
0.7077077910630808
0.7122437599453332
0.7195373827807956
0.7377919611185428
0.7438360516022854
0.7401849432016723
0.8202141712515378
0.8208196647613043
0.7462444561773411
0.7316907563645767
0.7534604172206083
0.7689660473795373
0.7616952398645631
0.7404952766406218
0.7487052646864089
0.7487052646864089
0.7547784988704651
0.7547784988704651
0.7780437156304756
0.7780437156304756
0.659635876029656
0.659635876029656
0.7467996499392257
0.7467996499392257
0.7235158897509862
0.7235158897509862
0.8262948732037345
0.8262948732037345
0.7546105032918049
0.7546105032918049
0.813956317431096
0.813956317431096
0.749787687377621
0.7442711868330187
0.7048440564181455
0.7104597128364227
0.709954909175184
0.7108162130455529
0.7410535711954572
0.7380038410213979
0.7513404652959116
0.7488054956997
0.7279671186422392
0.6443142518362284
0.8099428933753534
0.8163172573021383
0.7333986761266532
0.7286424650856315
0.6727994750304918
0.6727994750304918
0.7845835663394779
0.7884395284686063
0.7427793810973708
0.7364812136158216
0.712987238091788
0.7156483146866239
0.7393805516991891
0.7367549770182207
0.6529766740487212
0.6529766740487212
0.6903001934246438
0.6901096520585513
0.7639349078901624
0.7630132797584711
1.0
1.0
0.6896822792690547
0.6896822792690548
0.7377043786409957
0.738352670879869
0.6409860288502933
0.6390503769434682
0.722936676324281
0.7283840080761727
0.6263520775945081
0.6264019494146199
0.6998236835936134
0.6998236835936136
0.7284041882909073
0.7284041882909073
0.73813140942626
0.73813140942626
0.7555167894060731
0.7555167894060731
0.6896741693898336
0.6896741693898336
0.7026117029434674
0.6961443534009399
0.6823168740765496
0.6878605452638392
0.7391182009800934
0.7321016022332734
0.7876397514386658
0.7935154878466173
0.773379168834184
0.7736292743075706
0.7310999605852964
0.7190075425476761
0.6842492908998242
0.6772546185417957
0.7178654405572324
0.7200190538735939
0.7225662681768097
0.7225662681768097
0.7336157063708315
0.7377435223873119
0.7531762345929464
0.7446887025205983
0.7696941939146827
0.7726152321427612
0.7032025923095895
0.7032025923095895
0.7391205981507113
0.7428755575990346
0.7203838897419687
0.7186552048528843
0.7180354516476057
0.7163392447501706
0.7149396983630473
0.7149396983630473
0.7489372441076011
0.7489372441076011
0.7464118246024215
0.7464118246024215
0.7177915776182464
0.7156563346198093
0.7326247577557858
0.7364517710472261
0.7009661933246046
0.6997997470031353
0.6747038957312195
0.6768929978780682
0.6453127016631351
0.6472074265241229
0.59473250350859
0.5900018442171627
0.7272340520722178
0.7288884319453067
0.7210927232764284
0.7226320375195621
0.6629783207091856
0.659367863582172
0.7345452568241767
0.7324835387007207
0.6814455715840773
0.6817085967065242
0.6661669826278545
0.6680164631174105
0.6968567429942651
0.7042970647929417
0.7032172036158805
0.6899220265861113
0.7299923272000878
0.739064033499125
0.6854590789177119
0.6854590789177119
0.7303802554362597
0.7303802554362597
0.7509658479309436
0.7509658479309436
0.7231118818063943
0.7231118818063943
0.7448407782191544
0.7448407782191545
0.7139324715338619
0.7170822340066411
0.7378968743671326
0.7378799766267998
0.6892934656788268
0.6834888090149713
0.7344963415192991
0.7320890698808613
0.6821695769237205
0.6849314061111998
0.6818941357420352
0.7107814711613814
0.7867649542130821
0.7808256244360525
0.7216832506828815
0.7300984281962333
0.7170547280031139
0.7170547280031139
0.7443513800388968
0.7443513800388968
0.729000076926188
0.729000076926188
0.7345905219286674
0.7345905219286674
0.6897955578216466
0.6897955578216466
0.7238966186315746
0.7238966186315746
0.692923966014008
0.692923966014008
0.6461016279792028
0.6511483828433866
0.7182161763150537
0.7137152697472608
0.7914220823528799
0.7941482539050722
0.7303856129252488
0.7299913320165543
0.7324390281164656
0.7357989951458902
0.708347810812956
0.7030084554432634
0.6987363476196092
0.6910388259421762
0.6942859602112975
0.694446488875258
0.7119371474427582
0.7182934627253243
0.732977400255801
0.7331522942337748
0.8334763619865706
0.8238210069771683
0.7155352255955695
0.7235403216376647
0.7420556309854156
0.7405907797490215
0.7356834227072059
0.72559664178444
0.8542598728570509
