0.26477746898441273
0.4431411201277968
0.2924392455707349
0.06598288790738581
0.22596368322834576
0.47346076856987585
0.17308492459899466
0.1543033499620919
0.27735009811261463
0.3180732125814322
0.37041189093237736
0.38928908057935174
0.5181896833643115
0.5937562194094742
0.5813629386291773
0.3066270909601153
0.06565321642986129
0.055555555555555566
0.1469861839480328
0.45186589022042845
0.41601689020705246
0.22366876444030526
0.5598804497223344
0.25724787771376323
0.1543033499620919
0.07655590023509529
0.24862257904942345
0.26726124191242434
0.4323735684045305
0.4168136809248387
0.33625303867442524
0.0
0.0
0.0
0.5342227795771072
0.40298374664998776
0.406678795439804
0.42737638418128737
0.370077858568812
0.2421875
0.35843851328814985
0.3839348956274268
0.2667208465858317
0.2864006223032628
0.300416377715996
0.0
0.0
0.2310380115800619
0.3485148412396576
0.08746392856766495
0.20075597946407325
0.5716027968121657
0.12366534719498591
0.11752602301232419
0.5121659889305673
0.5551640782951232
0.3486286708137739
0.3344115555122734
0.30893378713833003
0.33159904140946284
0.3746860652788252
0.41483823183721397
0.17722837609212083
0.15992325525180032
0.3193901920049511
0.4462806184180509
0.3360144326546266
0.47880601464010486
0.4623281889442813
0.40329575628411957
0.4954697308674713
0.3941565925328274
0.4332001127219817
0.09421279329352286
0.12076704859296883
0.6892685720682035
0.5147334213449763
0.29455391617543764
0.2938604168017527
0.2671859676560624
0.3782246024194227
0.357717885082724
0.5012053226930806
0.5523398999523438
0.44169028966784374
0.3935789794671901
0.4455707967475171
0.2482848459680942
0.31887767175553594
0.514512590790246
0.5702973101057619
0.45023740405403634
0.13201967239688991
0.075046918991139
0.32653446712483947
0.3172528181897691
0.31643587908050747
0.20328927815368147
0.13957263155977062
0.3932137287872847
0.23071269244818962
0.11272037239532692
0.1910517054302656
0.19551362638670156
0.44610513830790177
0.4649532012357524
0.3671293446177765
0.24128070951208241
0.2965945408415688
0.1942057042751279
0.2453266907313291
0.2222222222222222
0.09135849464367089
0.4866100199266764
0.3252755108704351
0.19888541994020678
0.38371056436626727
0.3939500771312777
0.2535321288150276
0.3704150511365722
0.49647148345870895
0.5016727412623472
0.3370659362471255
0.37146342299998486
0.5592084138725661
0.5038098476669867
0.14754222271266348
0.2692602319338534
0.2303719884691997
0.18701659448180058
0.5292269326006876
0.2876192990980657
0.21613144789263333
0.2285226325397283
0.12797267422224784
0.14699878726500756
0.3330443576974506
0.3850032585049095
0.2848651699800504
0.3509236134574452
0.46562940634887706
0.20846592170570355
0.23146459295640925
0.3337664175575513
0.20926951269910918
0.0
0.0
0.35526701543291767
0.15948730132917735
0.3370559651797268
0.5580067637804784
0.46062523201394157
0.4034118752679921
0.44040253989614575
0.2695645680736037
0.20573779994945587
0.27779409535220523
0.4866151091969749
0.4236519745763208
0.6687968323929488
0.6278139223725488
0.23452300466520748
0.37904307127443493
0.5974667740654
0.6312417264535966
0.49805274530161325
0.3736278681859543
0.2618914004394621
0.11322770341445959
0.1182624791978165
0.17141982574219333
0.2566469949475154
0.49402578746183856
0.3333034767939449
0.2059714602177749
0.3431317581537582
0.3859689051545335
0.4602385864436106
0.58250291971331
0.6850538519683835
0.3255752814542295
0.35286792429716024
0.40680168376258025
0.47034744396831507
0.41933059784496685
0.40596049262043654
0.59572376155468
0.4823945900084299
0.32206118091958735
0.27622155698661766
0.44449583607082577
0.5491401128527803
0.5089920423694368
0.2986626419176615
0.3016580435185271
0.6280765025549463
0.4654916695927782
0.44548029892303737
0.47760176745470906
0.42932525599898785
0.5024072860342643
0.4855767960671685
0.5106799122361466
0.35991003373594366
0.3678234870791408
0.36553956909052143
0.4884895159677711
0.4638308281704694
0.5386660419202856
0.39167472590032015
0.19518001458970666
0.1827434711619518
0.26998186869042656
0.46113163770602217
0.5906097491376158
0.4680771906861673
0.43270827014660485
0.2077526579993303
0.1328422328310143
0.3569653238400649
0.3519060598673689
0.11718371229083621
0.06402237588922942
0.5359046238531033
0.3161882684621724
0.09959431881428264
0.28097574347450816
0.44655705507416504
0.14425744652115383
0.05990422978731539
0.524338164686829
0.46858659845426753
0.32154500190642255
0.21399624418051005
0.2462290448240623
0.465482914423775
0.5397291783046335
0.5761973660279197
0.08896008544727063
0.08290619913512466
0.17695735624853334
0.23693955110363693
0.44002194478516976
0.18149268507944757
0.10054155780296496
0.6498967488762956
0.48171244037015315
0.32788471396831087
0.3498406509886084
0.37458741471549484
0.31294206621933496
0.3742140648950548
0.28607745732082257
0.27245766294121926
0.43603560314828405
0.4040742287373581
0.28590785405680064
0.17975258916247813
0.3152713609912256
0.4840096850988794
0.4715756450441647
0.38512782262014866
0.40734562097190546
0.3524810560291861
0.3209727655696072
0.4798550061654908
0.4973973283576087
0.4830868213294772
0.5610957454011489
0.46480521072156666
0.3196971316455875
0.47275794532369264
0.30621014144975023
0.18332398030762342
0.3347277743582526
0.5133307342997646
0.5215415802702844
0.6628298145110969
0.5015919940158822
0.28988606921139964
0.13446628131917723
0.3225911354182047
0.6408463372328936
0.5256391862528975
0.32340548037189587
0.3055483354110996
0.31427639332477764
0.20145574100634508
0.107682623063487
0.16326530612244897
0.3686098231731112
0.18056023038107497
0.37562937107219674
0.586576100200597
0.46373722954958746
0.5248197040260103
0.48726059835324487
0.37253740968759047
0.4704856529878644
0.31415517694206363
0.3527170334801194
0.3729908006969879
0.37551838333815246
0.5591524720550647
0.5272643997348083
0.5520109388093852
0.5088806960084724
0.4583026090585269
0.5742888578996569
0.39112096563096377
0.13318543164240537
0.1388399617665651
0.11938371902255186
0.13608276348795434
0.14583333333333337
0.37310125362231833
0.47598814328302447
0.5604599648685282
0.6190960798247994
0.5012865066936485
0.40842498308865344
0.5359583014448648
0.6379118751857416
0.45819105245659864
0.23722785729558885
0.3303262265721293
0.3312936782108796
0.4308482936032594
0.46591738578325215
0.540372482643644
0.4386509915343463
0.20446958565886894
0.14757569038298454
0.15929271762386638
0.5409436017110194
0.4952097425103645
0.14997375688861583
0.21639460572527427
0.39298664439621445
0.34556737346787936
0.280275011057491
0.46382579766536824
0.32052388726899966
0.4085036851028334
0.42435713265462904
0.3876165447139268
0.0905220066470312
0.05258304820496188
0.3513660244467334
0.1706971854997297
0.17672211020273187
0.320408484529007
0.22473328748774737
0.354581255714875
0.2349516143477504
0.10753353986721349
0.5683444268321597
0.2949912312560626
0.3377178742280298
0.5521232783270178
0.43669364506196995
0.28045844570640205
0.36249707778702356
0.2374814474865944
0.4002972439372765
0.3345193313156545
0.46510973301024006
0.6144013987155633
0.5534975854191249
0.3227693670543747
0.25819888974716115
0.09103456935516069
0.5653560170202641
0.5384172261100284
0.443332662248374
0.5551960467921817
0.5383857119795944
0.5435018499614352
0.42973014390454656
0.3159245546106136
0.16134652843343583
0.17953312467938293
0.09354143466934853
0.16255596762165855
0.5788977580011008
0.7078706769342596
0.666841684072975
0.5655467214216614
0.4326034546647244
0.46545860786036336
0.45573726636786427
0.23971534745791392
0.25290656233087594
0.43566271037616244
0.7626716551234172
0.6291091829850324
0.41662161918649104
0.15446145506151496
0.11673153554388725
0.3396226614937624
0.4979393399361328
0.37759518667483033
0.200564363309605
0.2320380352671842
0.43817561768165586
0.03901371573204353
0.0875273565740622
0.45471953571415874
0.21773242158072695
0.17177950029416048
0.3894291809878797
0.4007675095001274
0.35503310006223404
0.4516681658343182
0.12555296411486888
0.0
0.46202403753469035
0.5316468456541905
0.12463539056995117
0.14322297480788657
0.0
0.09199251824609495
0.5629907074272779
0.4190955791739149
0.3146583877637763
0.2783249696530916
0.5036804828505328
0.5128815119064777
0.3178460624311477
0.2392395479928344
0.3337763466999546
0.3702967397323252
0.23060405495573447
0.16941973758701745
0.24926362137539534
0.3437639177166785
0.37880862629467904
0.30479104491473524
0.20951886854752805
0.2985345741369598
0.22831162973959174
0.16481712868606582
0.27004681557593296
0.3246137365805978
0.0
0.0
0.4474364577490729
0.5508093851899134
0.46168415844554267
0.13869876027287045
0.0
0.07035975447302918
0.3605937416742746
0.28879310344827586
0.4756102933511925
0.43325286587669676
0.43644233997354703
0.2926091245777761
0.33264957192955785
0.20309059861498086
0.10429770312912397
0.3317422343520796
0.4436337835881917
0.5559154744022042
0.2740640638812596
0.17407765595569785
0.2832205920185104
0.38133348254971633
0.42364649337785315
0.3237307679550386
0.16129964760725257
0.2173913043478261
0.29197858123689185
0.13725490196078427
0.4375875262587531
0.2624503921378921
0.15191090506255
0.0
0.04449941594899848
0.650084566745913
0.5128423621913246
0.3963366611204502
0.34800478266611184
0.3922690981070794
0.34171509359098395
0.3870336489847421
0.22815097051082878
0.1661757475835969
0.3817236034635966
0.4428403168968358
0.35562079234810795
0.33475159085747785
0.3159194014715159
0.17010345435994292
0.23358528822340205
0.4308326718586585
0.09140905301589133
0.1458407513661945
0.5283475283093385
0.5748728204383075
0.4448502135507188
0.32521638887982535
0.377976568452948
0.37814916125528897
0.2665008954445131
0.489139870078079
0.48299296950261805
0.37458155221477507
0.39010230555662784
0.2881952088521175
0.3211586167968363
0.5566171249868692
0.29105644713987483
0.47750171679937553
0.41237105270553776
0.5199461099330693
0.5921588976629842
0.5019527594089692
0.26053276266084713
0.16230861351605888
0.3584650215659633
0.5507533364496653
0.5409938943534767
0.43139303730750617
0.29400573675739156
0.3020143761817898
0.3642403880447645
0.3684314669193887
0.31863474626616206
0.26355339185051807
0.43866924171262967
0.33730052626944573
0.4249978032129211
0.2306612689298595
0.314505162208473
0.3406449083784768
0.2884423572115022
0.31664815579325595
0.5795935207827003
0.5261099190200796
0.16198477414681167
0.25120219272559896
0.3437763810748049
0.27211513994835923
0.18457432412582378
0.3477154795656704
0.18815445225159544
0.3639301321213053
0.5202026859365637
0.4678429510486798
0.12985309660494151
0.16366341767699424
0.42793449764222147
0.3870854961123825
0.3835102694246758
0.4457579834419318
0.4828619791432846
0.37776797469960677
0.417319873869163
0.29174265121052884
0.42504817443527815
0.30681419666926824
0.35367587574872156
0.0
0.050706086252349354
0.6484554655066721
0.19217652869645188
0.04622501635210244
0.37862967871567604
0.3778520337763333
0.05205792062953536
0.0
0.5243730600553516
0.11261477810139177
0.26793339767771107
0.4174889511077201
0.33651965303952236
0.3228175361837551
0.3659984928992554
0.07939884455672183
0.10944850695804541
0.33582505169587135
0.4203704432090932
0.470941405912763
0.37830517168749556
0.23977341220119938
0.1838845436956681
0.4936781501444698
0.37861685315874893
0.4736743179842641
0.6909271009709099
0.7028933003913905
0.5087071716179961
0.2560923917681146
0.2914072370368224
0.46080675339545346
0.5994792767709676
0.5212024265386216
0.4307217611419645
0.46508741791872443
0.3530090432487312
0.43405736614121565
0.3045547950507524
0.3899064336825272
0.2833770010903658
0.28666662584550534
0.2565327901928787
0.3501338577435768
0.5066525931789853
0.2632151465366573
0.304016755162884
0.09563650695950074
0.1682951658244501
0.22798407928771502
0.3221943465985958
0.3501527700971565
0.5225325285099571
0.3688653588187522
0.46398952888495293
0.46363053289018546
0.34848292905344913
0.1366935298661441
0.16347352281905347
0.3344336677671683
0.3367124322838516
0.19546750924338122
0.10846522890932808
0.13584712216226488
0.2941852525411689
0.32603504501006125
0.4960402580872675
0.44971024146270033
0.4912921808791658
0.4666424217886047
0.25839580368622195
0.24968808471946113
0.5291745856486041
0.5432261103675702
0.48245729530628556
0.456337564273671
0.3233828311320647
0.43384002044710146
0.5527176754480018
0.5213541812197333
0.609481410544214
0.4981897991921984
0.2925320820702672
0.15288174870201907
0.29163853930591205
0.6001742666316153
0.593843778959689
0.27711997091916474
0.26673970406946984
0.4240898461275475
0.38335222152792453
0.3177361803791605
0.269284631543848
0.1281244265276946
0.08939624513261415
0.09601223580635435
0.05362412100731557
0.35502297116332426
0.3568655664025919
0.48272505810982064
0.5128897127280869
0.48301414078412186
0.47502523502276267
0.44990675030156335
0.25430054997205237
0.1516018286384735
0.10443198872211704
0.6532029938725832
0.6512385309330623
0.357201478020265
0.21222679962062235
0.20657594529036283
0.3741115235443591
0.3225255880975204
0.3390796446759985
0.3919910640677924
0.04916216460859937
0.031142054945152486
0.571437901103118
0.36302572279638323
0.18134471605279395
0.24862257904942345
0.2681940937606045
0.2354487586208896
0.2847473987257497
0.4191086203162728
0.23301710492872024
0.18472745745482255
0.3659020326817838
0.27122540144832413
0.2122499837864602
0.35505087035985944
0.4383725686182022
0.45422296748496177
0.29172998299578917
0.15443960018728056
0.4306728879737346
0.533498883274117
0.08199200616907877
0.0
0.16261090889699772
0.04652421051992354
0.25125286763532867
0.5227756803926598
0.6027716911470864
0.4024421853154938
0.275529818735146
0.09517741469976664
0.23063512107853829
0.3156387725675005
0.4361669348368082
0.4943680351758959
0.4048030956137655
0.2576776990288929
0.25537695922762454
0.43274318789169475
0.30641293851417056
0.3506671921848361
0.10476454436543672
0.15931324696929156
0.5447004805682919
0.33093218897384524
0.38518849424134677
0.35839517402643667
0.32500996627872475
0.48928769806842987
0.3981229366152821
0.48593566542520067
0.7227773140606154
0.23793829275693665
0.0
0.08979133729352984
0.36518288755998796
0.18307841606285397
0.20116716288885017
0.20536002420422678
0.40599060984958896
0.7313252558070873
0.35365406122597015
0.4942133837858803
0.04138312898808522
0.0
0.30865402007309484
0.43805095144221495
0.4388137239202495
0.42772335939613826
0.44669882102274816
0.530887559438752
0.2948762901085055
0.16395645894598826
0.3156316716771704
0.20524041783396862
0.12421401880890737
0.32369040936039956
0.4319727669548189
0.5222085479111349
0.4864867991689144
0.4824071984518741
0.47232346838496503
0.5943650824729556
0.5104857956921212
0.6627705430269609
0.7140728244697245
0.5992998781929314
0.27359422722270776
0.1721325931647741
0.21982600255746476
0.3198938215770794
0.3061812396554125
0.3152862381464935
0.223497694646265
0.19521843207154507
0.2801747313243706
0.27846619959632063
0.39386795351917653
0.3840614547495333
0.16335983103519902
0.11131003650574231
0.4648212854515422
0.47282221710128824
0.5616285043464825
0.06202654349755371
0.03690281868727826
0.3932272805967696
0.40941503101457777
0.28046944801850865
0.2492698776390706
0.48057982640118035
0.2811360860904501
0.4813452707832983
0.6627592884462845
0.47604853830600924
0.5984645405497301
0.43229402411488044
0.33816826520321386
0.4507392554346663
0.32001904302203865
0.29530205277576554
0.3775638406511785
0.4365291202921424
0.469342418963409
0.3988555916918213
0.21879748724684184
0.2776088375154268
0.1632993161855452
0.1422905556030172
0.2827341385906963
0.23047480240537
0.3593229101291685
0.36750982872377863
0.30672810413833235
0.3169847894366368
0.33592724847037403
0.32260005650987883
0.41022290072938195
0.4140153086284423
0.44435559353598975
0.038778336716474064
0.02844976118303832
0.5813541577482048
0.38039746150253684
0.4031490451808303
0.29218789562381997
0.3801402251573974
0.43274258079231553
0.5282011692744444
0.4677110377212049
0.23647632573172936
0.35835546623896514
0.24974941058800082
0.18257418583505539
0.3691785948439667
0.3817128869652138
0.4744217331852951
0.6024331446368988
0.49294203176630524
0.3652698256719577
0.3637078707704028
0.4643932643562574
0.511766315719159
0.5811080706610692
0.5018484351393874
0.3554093266554554
0.2326700202988444
0.2624179473177219
0.5220512476388317
0.32905826658364035
0.0
0.03455473702325441
0.5043801143951948
0.5899644130939439
0.7224782886225841
0.4720039859915905
0.422979703570414
0.5718284885919062
0.4570330994153719
0.507125679011416
0.5242472956453058
0.39000997323968944
0.30037570459305535
0.19092888601996513
0.1391029733481733
0.024196695924791362
0.08504865111251246
0.36147693949524884
0.4028731656916463
0.46976773970173374
0.41254818043704505
0.3930263783610058
0.3635029331592614
0.344016480616226
0.40427141149190826
0.22709343577353477
0.2321274682411099
0.36033171301243505
0.41644004825482134
0.312330036191116
0.0
0.054635836470815304
0.42911483689988783
0.19403763142658317
0.2211036014521412
0.3991557991644692
0.17841977552617747
0.3680117765652781
0.3169715407001309
0.2837562567202591
0.3754772887057887
0.5123500374100067
0.36608937788484497
0.15491933384829668
0.10411872052902768
0.21064353332528415
0.21926450482675736
0.4699450080253399
0.6437138993096717
0.4397351444271977
0.5087107800234931
0.7665702280891618
0.48944685811593946
0.2303649134883627
0.26531068860722123
0.356956610099217
0.3554833625539057
0.39773018544174227
0.4011477785428769
0.09838890058824913
0.16945150074826035
0.42608236346170225
0.6486416185986013
0.4780294066450063
0.3958143876566983
0.4433979124277878
0.6889750827358938
0.45583788023236055
0.2681940937606045
0.2461829819586655
0.5478312582283819
0.5344251145863084
0.5383026666155899
0.5551506408672181
0.5783456634583433
0.46745971308566747
0.3765820598420086
0.4581073272800834
0.30762910964951645
0.28919615702042223
0.25419233179825435
0.18059500340835757
0.08409599149190805
0.40025797453209166
0.2947531723732816
0.31414043121877167
0.41294832096701123
0.5355037834222058
0.20170240076811305
0.13588932662615227
0.38920458371388433
0.39805025731377486
0.6261578041192365
0.26760076511760095
0.3433032811627975
0.3927721635398703
0.09417632186960223
0.2128817670324409
0.36665188994753667
0.482512156356263
0.442855292455522
0.22553355540891165
0.17440554785664786
0.31839711195475134
0.24989186382988193
0.365626236584767
0.28390616563049653
0.19561932335813415
0.15875015875023812
0.08638684255813601
0.05463583647081531
0.07239537379384489
0.10280822825020813
0.049088069367381595
0.6727972907182702
0.6208049750858731
0.38032392537100135
0.46208012023678047
0.07370533237637093
0.06456466969238875
0.33026848840239836
0.5508106980310284
0.21150111580351733
0.31932330081198074
0.18513440081972038
0.07755667343294811
0.2512648513820438
0.3786398623761341
0.3432027766563646
0.5983648677736415
0.3129931831465813
0.3136435026106731
0.3790299769378214
0.47036583542893085
0.6087913103408482
0.04188539082916955
0.0988634249194571
0.3253757529928939
0.28241401137833333
0.4775561141359861
0.5231119897748033
0.5400718264651541
0.30626034506471295
0.38782185538280245
0.5522908928501121
0.13119848043884422
0.21598389684095495
0.41579003827918176
0.32059436779691186
0.4403855060505443
0.16770509831248423
0.07294041415684738
0.42792042221982285
0.614825743757665
0.54601994265574
0.4590311219918489
0.5595385269405795
0.37385255592488653
0.19973490300617017
0.35325141393521525
0.5150735123713599
0.4320122449482939
0.46067695893601734
0.5725285662497006
0.4316030791442381
0.3119558553645091
0.2906888370749727
0.23717082451262844
0.40295107902952976
0.5538090946507662
0.5610809592932489
0.2852095354865175
0.2148191622465495
0.4765563148986016
0.617693673755411
0.5792143131551979
0.3187276291558383
0.3054598633017712
0.409443298811522
0.3024223786766167
0.5073553584989987
0.42867739258060655
0.34646743359179166
0.3774032782334634
0.5427300925042415
0.2955673990143151
0.22741409744598448
0.22473328748774732
0.1304372986874877
0.27950849718747367
0.41045995700199955
0.15975241260567347
0.08989331499509894
0.16291961289368445
0.00854357657716761
0.0
0.3837670027038065
0.33485257330230583
0.415269767249961
0.5200329098535776
0.3459695943463842
0.19037490262714746
0.23274703205786387
0.5834255811039041
0.4165549942879129
0.07785280703356232
0.08490005253855659
0.4276381829645381
0.4518108725076556
0.6468481838555306
0.7327405954046693
0.6964917631737773
0.35147037522479657
0.2939989532048095
0.3573086231564906
0.13211565181516327
0.13606182606749226
0.40679426894473714
0.4308571590681121
0.266500895444513
0.06083303292403594
0.05374307729250139
0.38431700006767844
0.35903652030687944
0.33178046640285663
0.36462326989037913
0.6120338939430792
0.44973087300135345
0.4557603330806306
0.5050947163770145
0.5252106573405557
0.31875236574899374
0.2798845714165278
0.2757550514308501
0.07886003723456397
0.1739800514310883
0.5012789836843847
0.3704456603788465
0.32358946974142444
0.4492534912320809
0.42362533964042687
0.5019084640460234
0.6013046516351996
0.2575399622413971
0.25577762061458287
0.521971320173348
0.4631835565865854
0.5350867457819848
0.18991891418163384
0.19418390934515437
0.35630522441317786
0.3782840447002203
0.5800654336109848
0.667156528346858
0.6501966213009355
0.6629027139709176
0.5030416714981865
0.47442274783557403
0.4490063051769549
0.4636228436482305
0.020855975806414708
0.05654027941921756
0.5660758445677736
0.6063728334595874
0.7241449919831231
0.7150404468589545
0.37194745079335634
0.32103858771945976
0.3389192797719033
0.3878557464425586
0.3676470588235294
0.2910427500435996
0.34117647058823536
0.40015014094462775
0.1429300849823232
0.1106055144073381
0.5176527140066005
0.5596906817087639
0.641816541332502
0.571747920818433
0.6410821584847846
0.5642018406976596
0.5698937527050028
0.4972885196198979
0.44863328296979427
0.5113260380853543
0.4753054158401915
0.22859848324733223
0.14301938838683884
0.18398768450186886
0.3431058970372852
0.2686723367250025
0.28852726667137313
0.48182499264670126
0.3758932749900983
0.3726878998652854
0.0
0.0
0.5522046367940933
0.5967684830021274
0.48990143665332997
0.4767312946227961
0.3286989097743948
0.1768319639224352
0.17763276178186396
0.38748483143683093
0.3948696480872007
0.20024043286581833
0.19820057900023316
0.16817876813539784
0.15249857033260467
0.03779644730092272
0.1541514017716559
0.5614051977982716
0.25358350432001797
0.2626244170122312
0.6628719799193359
0.6750656148392346
0.3565148015697493
0.2372898654930265
0.3804822129486146
0.3733884316812255
0.19008954076533796
0.4602190991271358
0.6463105653480218
0.6454709622498611
0.5464646838875563
0.5695184785458587
0.6415786044748459
0.49859852102181657
0.4691745676085407
0.47998480705205615
0.5909733765169828
0.5228424797245057
0.5722807540480286
0.5298630403692032
0.4423258684646914
0.40308124962596736
0.49102153194035264
0.332351495167194
0.3571923892112119
0.5202253158616001
0.5204800389058845
0.4684168194064128
0.5632468934944274
0.501346169750021
0.41508964971636975
0.43709240235904845
