0.40904799405193093
0.16810223724982595
0.20009883865194383
0.4574345849675558
0.3663112508510493
0.16055756769971896
0.2268186073940227
0.6378604169704398
0.4997419354666801
0.38570135387728055
0.451308985420092
0.5829876430544286
0.5521568920593692
0.18438074848355174
0.07067142711473182
0.34515991219921416
0.3974492498142411
0.3650335826208402
0.43924786763029244
0.46911925494664736
0.359235465499685
0.2828622883968817
0.27279727237568213
0.28375606390908203
0.2581162052445295
0.5026061579759015
0.5226576762854604
0.2801633303002886
0.1515151515151515
0.47233414020262027
0.5401091974885481
0.3582512062789285
0.41095815480619535
0.13522468075656266
0.1912681946843437
0.3104602102825331
0.5122867711789232
0.13246120535913508
0.158292061860056
0.5743009633459403
0.5408816917454171
0.3869529949759475
0.13151272746117287
0.3009419175453115
0.2179449471770337
0.381450061137435
0.5947755473239502
0.6036083941296314
0.5115617324246878
0.6128127997092633
0.517362890996276
0.31615734451145144
0.36106837353937604
0.309408552423167
0.11846977555181845
0.3405574568898749
0.3928362656341784
0.43133631192806654
0.48773159366558594
0.26940795304016235
0.28864834364760894
0.5771526790437527
0.48210574863391886
0.48053739027004827
0.378661182306514
0.2672612419124244
0.028194193721730043
0.2507784139231543
0.29240888936535714
0.34401045807689073
0.22188007849009164
0.13719886811400706
0.08312115136152574
0.4695197906645353
0.5065651553435714
0.37479091160905864
0.3777403169315834
0.5366289362709977
0.5473246478576544
0.28912165479145596
0.16296216206593894
0.42830441755553517
0.4336081195755195
0.4544745639818725
0.35277813055608476
0.4061982461165031
0.4894177926193736
0.4146560446452083
0.37685618531198684
0.4279669808851281
0.3750021400384066
0.23170341173428086
0.2943028597012718
0.2670882572717043
0.20751023642374988
0.10243293100033338
0.6663938158067921
0.42971679039878996
0.1457226918679578
0.25019554168026714
0.28228515509921237
0.26995888299417503
0.15975241260567344
0.35783002674779546
0.38875313014742235
0.30677371992541314
0.25564476660451096
0.61742687937001
0.5940210636570653
0.6046020904371754
0.2053988647955044
0.18433299963121214
0.3688558515452835
0.41156551044295414
0.49822538808379163
0.2786711614049855
0.6416756615965412
0.6745553805057887
0.6480495032248482
0.3915256335329455
0.3765330307163267
0.45369972993286545
0.18625322946656703
0.27774602993176545
0.41805962755713094
0.45790546988962544
0.6154941826632163
0.6420504628486622
0.6133385708941793
0.43575075739140323
0.3686819640713862
0.5765925506435318
0.42320655220373554
0.39799535343531656
0.4520487149271182
0.4531778801287012
0.12080808993852436
0.15126584522688322
0.3875507284791499
0.18418218405447617
0.5186135362676141
0.5501778368617851
0.29488391230979427
0.2516132830427542
0.3716389491342043
0.36064975486538736
0.43142514944595906
0.524777138198797
0.31367244210560485
0.24987096773334008
0.40159291796153096
0.10176568762666319
0.12168240453959095
0.7021165550790114
0.38597748940552346
0.42661385913338007
0.6741413650968975
0.6809605150014287
0.38668592238643396
0.34648137647066635
0.6451627709218366
0.45752287671576797
0.4488767235731018
0.3939487415878219
0.3198567241064099
0.22466675742712403
0.09352195295828244
0.11227217828476795
0.2144210416873845
0.4159787012764036
0.47511798612250067
0.41379378492515784
0.3463235914358239
0.24388184191689483
0.2488941003557231
0.4007292622280526
0.2913143337846949
0.1935342404956669
0.5034199484574431
0.47569511303070466
0.5502931335890462
0.618189705531111
0.45397411286734957
0.4906745614919553
0.42749577365996255
0.1365577483997838
0.1811643254631353
0.32889058071721516
0.4672364060675597
0.3177354158795988
0.40981948917830696
0.37348034333324875
0.49293001215684085
0.44534994234988307
0.37139067635410367
0.4252766335619245
0.31237900883588554
0.5340273262532407
0.6606139517702745
0.5927852355718576
0.3476343958854106
0.3212462831016178
0.34828617277371693
0.4343877364137231
0.5088977693195643
0.6744986510944495
0.48849609834509233
0.34250696201514647
0.5122709049423342
0.5501876864502244
0.38789603625233837
0.4961276474601094
0.5918141394707478
0.5743073230052641
0.29523809523809524
0.29459415181858967
0.9958603776322714
0.9957984708543033
0.995824616419311
0.9979231545598292
0.9980031131477195
0.9958603776322716
0.9958333333333327
0.9958333333333327
0.9958603776322714
0.9957536963169219
0.9958334810769798
0.9958603776322715
0.9958603776322715
0.9979231545598292
0.9980031131477195
0.9957536963169218
0.9958334810769798
0.9958333333333327
0.9958334810769798
0.9957894549830616
0.9957983193277304
0.9957984708543033
0.9958603776322715
0.9979231545598292
0.9979318898433257
0.995824616419311
0.9959701409877356
0.9959701409877356
0.9958603776322714
0.9957173250742365
0.9959057709430661
0.9958333333333327
0.9958333333333327
0.995824616419311
0.995824616419311
0.9958333333333327
0.9958333333333327
0.9958333333333327
0.9958333333333327
0.9958333333333327
0.9959701409877356
0.9959701409877356
0.9958333333333327
0.9937303457175886
0.9937303457175886
0.9958333333333327
0.9958333333333327
0.9958333333333327
0.9958333333333327
0.9958333333333327
0.9958333333333327
0.9979231545598292
0.9979231545598292
0.9958333333333327
0.9958333333333327
0.995824616419311
0.9979318898433258
0.9979231545598292
0.9958333333333327
0.9958333333333327
0.9958333333333327
0.9958334810769798
0.9957894549830616
0.995824616419311
0.9958334810769798
0.9957628673041661
0.9959057709430661
0.995824616419311
0.995824616419311
0.9958333333333327
0.9958603776322715
0.9957536963169218
0.9958334810769798
0.995824616419311
0.995824616419311
0.9958333333333327
0.995905770943066
0.9959057709430661
0.9958334810769798
0.9958334810769798
0.9959701409877356
0.995726655215352
0.9958603776322716
0.995905770943066
0.9959057709430661
0.9958333333333327
0.9958333333333327
0.9958333333333327
0.995824616419311
0.9958258288604871
0.9957628673041661
0.9957906987396428
0.9959701409877356
0.9958333333333327
0.9958333333333327
0.9958333333333327
0.9958334810769798
0.9958334810769798
0.9958333333333327
0.9959701409877356
0.9959701409877356
0.9958333333333327
0.9958603776322715
0.9958603776322715
0.9958603776322715
0.9958603776322714
0.9959701409877356
0.9958720059560785
0.9957983193277303
0.995824616419311
0.9958603776322715
0.9958603776322715
0.9958333333333327
0.995824616419311
0.995824616419311
0.9979231545598292
0.9979231545598292
0.9958333333333327
0.9958333333333327
0.995824616419311
0.995824616419311
0.9958333333333327
0.9958333333333327
0.995824616419311
0.9895809953676494
0.9937651414158298
0.9958333333333327
0.9958333333333327
0.9958333333333327
0.9958333333333327
0.9958333333333327
0.9958333333333327
0.9958333333333327
0.9958333333333327
0.9958333333333327
0.9958333333333327
0.9958333333333327
0.9958333333333327
0.9958333333333327
0.9958333333333327
0.9958333333333327
0.9958333333333327
0.991666666666666
0.9958333333333327
0.9958333333333327
0.9958333333333327
0.9958333333333327
0.9958333333333327
0.9958333333333327
0.9958333333333327
0.9958333333333327
0.9958333333333327
0.9958333333333327
0.9958333333333327
0.9896071282718305
0.9937651414158298
0.9958333333333327
0.9958333333333327
0.9958333333333327
0.9958333333333327
0.9958333333333327
0.9958333333333327
0.9958333333333327
0.9958333333333327
0.9958333333333327
0.9958333333333327
0.991666666666666
0.9958333333333327
0.9958333333333327
0.9958333333333327
0.9958333333333327
0.9958333333333327
0.9958333333333327
0.9958333333333327
0.9958333333333327
0.40904799405193093
0.9901960784313724
0.995133791073302
0.9953328775594532
0.9901980594198068
0.9901960784313724
0.9903538022316929
0.9903538022316929
0.9901960784313724
0.9901960784313724
0.9901980594198068
0.9897959183673473
0.9897433186107863
0.9903538022316929
0.995133791073302
0.995133791073302
0.9901960784313724
0.9901960784313724
0.995133791073302
0.995133791073302
0.9901960784313724
0.9901960784313724
0.9901960784313724
0.9901960784313724
0.9901475429766742
0.9901475429766742
0.9903538022316929
0.9903538022316929
0.995133791073302
0.995133791073302
0.9901960784313724
0.9901960784313724
0.995133791073302
0.995133791073302
0.9901980594198068
0.9901980594198068
0.9901960784313724
0.9901980594198068
0.9901980594198068
0.9901960784313724
0.9901475429766742
0.9901475429766743
0.9901980594198068
0.9897959183673473
0.9901980594198068
0.9901960784313724
0.9901960784313724
0.995133791073302
0.9953328775594532
0.9897959183673473
0.9901980594198068
0.9901960784313724
0.995133791073302
0.995133791073302
0.9903538022316929
0.9903538022316929
0.9901980594198068
0.9897959183673473
0.9901980594198068
0.9901960784313724
0.9901960784313724
0.9901960784313724
0.9901960784313724
0.9901960784313724
0.9901960784313724
0.9901960784313724
0.9901960784313724
0.9901980594198068
0.9901980594198068
0.9901960784313724
0.9901960784313724
0.980392156862745
0.9901960784313724
0.9901960784313724
0.9901960784313724
0.9901960784313724
0.9901960784313724
0.9901960784313724
0.9901960784313724
0.9901960784313724
0.9901960784313724
0.9901960784313724
0.9901960784313724
0.980392156862745
0.9901960784313724
0.9901960784313724
0.9901960784313724
0.9901960784313724
0.9901960784313724
0.9901960784313724
0.9901960784313724
0.9901960784313724
0.9901960784313724
0.9901960784313724
0.9901960784313724
0.9901960784313724
0.980392156862745
0.9901960784313724
0.9901960784313724
0.9901960784313724
0.9901960784313724
0.9901960784313724
0.9901960784313724
0.9901960784313724
0.9901960784313724
0.9901960784313724
0.9901960784313724
0.9901960784313724
0.980392156862745
0.9901960784313724
0.9901960784313724
0.9901960784313724
0.9901960784313724
0.9901960784313724
0.9901960784313724
0.9901960784313724
0.9901960784313724
0.9901960784313724
0.9901960784313724
0.9901960784313724
0.9901960784313724
0.9901960784313724
0.9901960784313724
0.9901960784313724
0.9901960784313724
0.9901960784313724
0.9901960784313724
0.9901960784313724
0.9901960784313724
0.9901960784313724
0.9901960784313724
0.9901960784313724
0.9901960784313724
0.9901960784313724
0.9901960784313724
0.9901960784313724
0.9901960784313724
0.9901960784313724
0.980392156862745
0.9901960784313724
0.9901960784313724
0.9901960784313724
0.9901960784313724
0.9901960784313724
0.9901960784313724
0.9901960784313724
0.9901960784313724
0.9901960784313724
0.9901960784313724
0.980392156862745
0.9901960784313724
0.9901960784313724
0.9901960784313724
0.9901960784313724
0.9901960784313724
0.9901960784313724
0.9901960784313724
0.9901960784313724
0.9901960784313724
0.9903379376602869
0.9903379376602869
0.9901960784313724
0.980392156862745
0.9901960784313724
0.9901960784313724
0.9901960784313724
0.9901960784313724
0.9901960784313724
0.9901960784313724
0.9901960784313724
0.9903379376602868
0.9903846153846153
0.9903379376602869
0.9901960784313724
0.980392156862745
0.9901960784313724
0.9901960784313724
0.9901960784313724
0.9901960784313724
0.9901960784313724
0.9901960784313724
0.9901960784313724
0.9901960784313724
0.9901960784313724
0.9901960784313724
0.9901960784313724
0.9901960784313724
0.9901960784313724
0.9901960784313724
0.16810223724982595
0.9411764705882353
0.9411764705882353
0.9411764705882353
0.9411764705882353
0.9411764705882353
0.9393364366277238
0.9393364366277238
0.9411764705882354
0.9411764705882353
0.9411764705882353
0.9411764705882353
0.9411764705882353
0.9393364366277238
0.9393364366277238
0.8823529411764706
0.9411764705882353
0.9411764705882353
0.9411764705882353
0.9411764705882353
0.9411764705882353
0.9411764705882353
0.9411764705882353
0.9411764705882353
0.9411764705882353
0.9411764705882353
0.9411764705882353
0.9411764705882353
0.9411764705882353
0.9411764705882353
0.8574929257125444
0.9146591207600474
0.9411764705882353
0.9411764705882353
0.9411764705882353
0.9411764705882353
0.9411764705882353
0.9411764705882353
0.9411764705882353
0.9411764705882353
0.9411764705882353
0.9411764705882353
0.9411764705882353
0.9411764705882353
0.9411764705882353
0.9411764705882353
0.18935242733246035
0.9930128044350233
0.9915610305527969
0.9915610305527969
0.9915966386554623
0.9930128044350233
0.9930128044350233
0.9915610305527969
0.9914529914529914
0.991561030552797
0.9915966386554622
0.9915966386554622
0.9930128044350233
0.9930128044350233
0.9915966386554622
0.9915966386554622
0.991561030552797
0.991561030552797
0.9915966386554623
0.9930128044350233
0.9930128044350233
0.9930128044350233
0.9930128044350233
0.9915610305527969
0.9915610305527969
0.9915966386554623
0.9915966386554622
0.991561030552797
0.991561030552797
0.9915966386554622
0.9930128044350233
0.9930128044350233
0.9915966386554623
0.9915610305527969
0.9915610305527969
0.9915966386554622
0.9915966386554622
0.9915966386554622
0.9915966386554622
0.9915966386554622
0.9915966386554623
0.9915610305527969
0.9924419302614059
0.9930128044350233
0.9915966386554622
0.9915966386554622
0.9930128044350233
0.9930128044350233
0.9915966386554622
0.991561030552797
0.9914529914529914
0.9915610305527969
0.9915966386554622
0.979631267036143
0.9878634625574552
0.9915966386554623
0.9915966386554623
0.9915966386554623
0.9915966386554623
0.9915966386554623
0.9915966386554623
0.9915966386554623
0.9915966386554623
0.9915966386554623
0.9915966386554623
0.9915966386554623
0.9790880682441959
0.9874563423317532
0.9915966386554623
0.9915966386554623
0.9915966386554623
0.9915966386554623
0.9915966386554623
0.9915966386554623
0.9915966386554623
0.9915966386554623
0.9915966386554623
0.9915966386554623
0.9915966386554623
0.9915966386554623
0.9915966386554623
0.9840667431338068
0.9904761904761906
0.9904761904761906
0.9904761904761906
0.9904761904761906
0.9908273061165046
0.9908273061165046
0.9904761904761906
0.9904761904761906
0.44968782514453043
0.996758500385432
0.9967846334888263
0.9967793797189021
0.9967793797189022
0.9983961497295918
0.9983961497295918
0.9967846334888263
0.9967846334888263
0.9967793797189023
0.9967793797189023
0.9969142294282092
0.9969142294282091
0.9967845659163977
0.9968005324337069
0.9967379219256485
0.9969142294282092
0.9983961497295918
0.9984013443390676
0.996763754045306
0.9967793797189021
0.9967845659163979
0.9983961497295918
0.9984013443390676
0.9984013443390676
0.9983961497295918
0.9969748649884267
0.9969748649884267
0.9967845659163977
0.9967845659163977
0.9969748649884268
0.9967165037378094
0.9967427412729104
0.9984170633672831
0.9983961497295918
0.9967793797189022
0.996758500385432
0.9967846334888263
0.9969142294282092
0.9969142294282091
0.9969748649884268
0.9969748649884267
0.9983961497295918
0.9983961497295918
0.9967845659163979
0.9983961497295918
0.9999999999999993
0.9983961497295918
0.9967845659163979
0.9967845659163979
0.9967793797189023
0.9967793797189023
0.9969142294282092
0.9969142294282091
0.9967845659163977
0.9967846334888263
0.996758500385432
0.9967637540453063
0.9967793797189023
0.9968272868335194
0.9967159188810127
0.9967379219256485
0.9969142294282092
0.9967845659163977
0.9967845659163977
0.9968272868335194
0.9967159188810127
0.9968005324337069
0.9969748649884267
0.9969748649884267
0.9967845659163979
0.9969748649884267
0.9967165037378094
0.9967159188810127
0.9967379219256485
0.9969142294282092
0.9967845659163977
0.9967793797189022
0.996758500385432
0.996758500385432
0.9967793797189023
0.9983961497295918
0.9983961497295918
0.9967845659163979
0.9967845659163977
0.9969748649884267
0.9969748649884267
0.9983961497295918
0.9999999999999993
0.9983961497295918
0.9967793797189023
0.996758500385432
0.9967427412729104
0.9967159188810127
0.9967638229455799
0.996763754045306
0.9967793797189021
0.9967793797189021
0.9967793797189022
0.9968005324337069
0.9968005324337069
0.9968005324337069
0.9967638229455799
0.996763754045306
0.996763754045306
0.9984013443390676
0.9983961497295918
0.9967845659163977
0.9967845659163977
0.9967845659163977
0.9969748649884268
0.9986609354482303
0.9983961497295919
0.9983961497295919
0.9984013443390676
0.9967793797189021
0.9967846334888263
0.996758500385432
0.9967793797189023
0.9967845659163977
0.9968005324337069
0.9968005324337069
0.9969142294282091
0.9969142294282092
0.9967845659163979
0.9967846334888263
0.996758500385432
0.996758500385432
0.9967846334888263
0.9969748649884267
0.9969748649884267
0.9967846334888263
0.9967846334888263
0.9967845659163977
0.9967846334888263
0.9984170633672831
0.9983961497295918
0.9967845659163979
0.9967845659163979
0.9983961497295918
0.9983961497295918
0.9999999999999991
0.9983961497295918
0.9984012779544527
0.9984012779544527
0.9999999999999992
0.9999999999999992
0.9951858727208149
0.9951703724072625
0.9967741935483855
0.9967741935483855
0.9967741935483855
0.9967741935483855
0.9967741935483855
0.9967741935483855
0.9967741935483855
0.9967741935483855
0.9968509011226327
0.9968509011226327
0.9951703724072625
0.9951703724072625
0.9967741935483855
0.9967741935483855
0.9967741935483855
0.9967741935483855
0.9967741935483855
0.9967741935483855
0.9967741935483855
0.9967741935483855
0.9967741935483855
0.9999999999999983
0.9935274400808216
0.9967320261437902
0.9967320261437902
0.9967320261437902
0.9967320261437902
0.9967320261437902
0.9967320261437902
0.9967320261437902
0.9967742617804322
0.9999999999999983
0.9951703724072625
0.9951703724072625
0.9967741935483855
0.9967741935483855
0.9967741935483855
0.9967741935483855
0.9919237499698537
0.995139070395683
0.9967532467532475
0.9967532467532475
0.9967532467532475
0.9967532467532475
0.9967532467532475
0.9967532467532475
0.9967532467532475
0.9967532467532475
0.9967532467532475
0.9967532467532475
0.9967532467532475
0.9967532467532475
0.9935064935064942
0.9967532467532474
0.9967532467532474
0.9967532467532474
0.9967532467532474
0.9967532467532474
0.9967532467532474
0.9967532467532474
0.9967532467532474
0.9967532467532474
0.9967532467532474
0.9967532467532475
0.9967532467532475
0.9967532467532475
0.9967532467532475
0.9967532467532475
0.9967532467532475
0.9935064935064942
0.9967532467532474
0.9967532467532474
0.9967532467532474
0.9967532467532474
0.9935064935064941
0.9967532467532474
0.9967532467532474
0.9967532467532474
0.9967532467532474
0.9967532467532474
0.9967532467532474
0.9967532467532474
0.9967532467532474
0.9967532467532474
0.9967532467532474
0.9967532467532474
0.9935070593892509
0.9966666666666656
0.9966666666666656
0.9966666666666656
0.9966666666666656
0.9966666666666656
0.9966666666666656
0.9966666666666656
0.9966666666666656
0.9966666666666656
0.9966666666666656
0.9966832412776437
0.9966832412776437
0.9966666666666656
0.9950096968313851
0.9966777408637884
0.9966777408637884
0.9966777408637884
0.9966777408637884
0.9966777408637884
0.9917094897405896
0.9950262438868792
0.9966777408637884
0.9966777408637884
0.9966777408637884
0.9966777408637884
0.9966777408637884
0.9966777408637884
0.9966777408637884
0.9966777408637884
0.9966777408637884
0.9966777408637884
0.9966777408637884
0.9966777408637884
0.9966777408637884
0.9917094897405897
0.9950262438868793
0.9966777408637884
0.9966777408637884
0.9966777408637884
0.9966777408637884
0.9966777408637884
0.9966777408637884
0.9966777408637884
0.9966777408637884
0.9966777408637884
0.9966777408637884
0.9966777408637884
0.9966777408637884
0.9966777408637884
0.9966777408637884
0.9950097720323146
0.9949252821166819
0.9966101694915238
0.9966101694915238
0.9966101694915238
0.9966101694915238
0.9966101694915238
0.9966273091110798
0.9966273091110798
0.9966101694915238
0.9966273091110798
0.9966273091110798
0.9966101694915238
0.9932489114530761
0.9966329966329959
0.9966329966329959
0.9966329966329959
0.9966329966329959
0.9966329966329959
0.9966329966329959
0.9966329966329959
0.9966329966329959
0.9966329966329959
0.9966329966329959
0.9915980391197522
0.9949593884049039
0.9966329966329959
0.9966329966329959
0.9966329966329959
0.9966329966329959
0.9966329966329959
0.9966329966329959
0.9966329966329959
0.9966329966329959
0.9966329966329959
0.9966329966329959
0.9915980391197522
0.9949593884049039
0.9966329966329959
0.9966329966329959
0.9966329966329959
0.9966329966329959
0.9966329966329959
0.9966329966329959
0.9966329966329959
0.9966329966329959
0.9966329966329959
0.9966329966329959
0.9966329966329959
0.9966329966329959
0.9966329966329959
0.9915525379713312
0.9965986394557825
0.9965986394557825
0.9965986394557825
0.9965986394557825
0.9965986394557825
0.9965986394557825
0.9965986394557825
0.9966443721637063
1.0000000000000018
0.9915809859916781
0.9949080553047686
0.9965986394557825
0.9965986394557825
0.9965986394557825
0.9965986394557825
0.9965986394557825
0.9965986394557825
0.9965986394557825
0.9965986394557825
0.9965986394557825
0.9965986394557825
0.9965986394557825
0.9965986394557825
0.9965986394557825
