0.9958603776322714
0.9957984708543033
0.995824616419311
0.9979231545598292
0.9980031131477195
0.9958603776322716
0.9958333333333327
0.9958333333333327
0.9958603776322714
0.9957536963169219
0.9958334810769798
0.9958603776322715
0.9958603776322715
0.9979231545598292
0.9980031131477195
0.9957536963169218
0.9958334810769798
0.9958333333333327
0.9958334810769798
0.9957894549830616
0.9957983193277304
0.9957984708543033
0.9958603776322715
0.9979231545598292
0.9979318898433257
0.995824616419311
0.9959701409877356
0.9959701409877356
0.9958603776322714
0.9957173250742365
0.9959057709430661
0.9958333333333327
0.9958333333333327
0.995824616419311
0.995824616419311
0.9958333333333327
0.9958333333333327
0.9958333333333327
0.9958333333333327
0.9958333333333327
0.9959701409877356
0.9959701409877356
0.9958333333333327
0.9937303457175886
0.9937303457175886
0.9958333333333327
0.9958333333333327
0.9958333333333327
0.9958333333333327
0.9958333333333327
0.9958333333333327
0.9979231545598292
0.9979231545598292
0.9958333333333327
0.9958333333333327
0.995824616419311
0.9979318898433258
0.9979231545598292
0.9958333333333327
0.9958333333333327
0.9958333333333327
0.9958334810769798
0.9957894549830616
0.995824616419311
0.9958334810769798
0.9957628673041661
0.9959057709430661
0.995824616419311
0.995824616419311
0.9958333333333327
0.9958603776322715
0.9957536963169218
0.9958334810769798
0.995824616419311
0.995824616419311
0.9958333333333327
0.995905770943066
0.9959057709430661
0.9958334810769798
0.9958334810769798
0.9959701409877356
0.995726655215352
0.9958603776322716
0.995905770943066
0.9959057709430661
0.9958333333333327
0.9958333333333327
0.9958333333333327
0.995824616419311
0.9958258288604871
0.9957628673041661
0.9957906987396428
0.9959701409877356
0.9958333333333327
0.9958333333333327
0.9958333333333327
0.9958334810769798
0.9958334810769798
0.9958333333333327
0.9959701409877356
0.9959701409877356
0.9958333333333327
0.9958603776322715
0.9958603776322715
0.9958603776322715
0.9958603776322714
0.9959701409877356
0.9958720059560785
0.9957983193277303
0.995824616419311
0.9958603776322715
0.9958603776322715
0.9958333333333327
0.995824616419311
0.995824616419311
0.9979231545598292
0.9979231545598292
0.9958333333333327
0.9958333333333327
0.995824616419311
0.995824616419311
0.9958333333333327
0.9958333333333327
0.995824616419311
0.9895809953676494
0.9937651414158298
0.9958333333333327
0.9958333333333327
0.9958333333333327
0.9958333333333327
0.9958333333333327
0.9958333333333327
0.9958333333333327
0.9958333333333327
0.9958333333333327
0.9958333333333327
0.9958333333333327
0.9958333333333327
0.9958333333333327
0.9958333333333327
0.9958333333333327
0.9958333333333327
0.991666666666666
0.9958333333333327
0.9958333333333327
0.9958333333333327
0.9958333333333327
0.9958333333333327
0.9958333333333327
0.9958333333333327
0.9958333333333327
0.9958333333333327
0.9958333333333327
0.9958333333333327
0.9896071282718305
0.9937651414158298
0.9958333333333327
0.9958333333333327
0.9958333333333327
0.9958333333333327
0.9958333333333327
0.9958333333333327
0.9958333333333327
0.9958333333333327
0.9958333333333327
0.9958333333333327
0.991666666666666
0.9958333333333327
0.9958333333333327
0.9958333333333327
0.9958333333333327
0.9958333333333327
0.9958333333333327
0.9958333333333327
0.9958333333333327
0.40904799405193093
0.9901960784313724
0.995133791073302
0.9953328775594532
0.9901980594198068
0.9901960784313724
0.9903538022316929
0.9903538022316929
0.9901960784313724
0.9901960784313724
0.9901980594198068
0.9897959183673473
0.9897433186107863
0.9903538022316929
0.995133791073302
0.995133791073302
0.9901960784313724
0.9901960784313724
0.995133791073302
0.995133791073302
0.9901960784313724
0.9901960784313724
0.9901960784313724
0.9901960784313724
0.9901475429766742
0.9901475429766742
0.9903538022316929
0.9903538022316929
0.995133791073302
0.995133791073302
0.9901960784313724
0.9901960784313724
0.995133791073302
0.995133791073302
0.9901980594198068
0.9901980594198068
0.9901960784313724
0.9901980594198068
0.9901980594198068
0.9901960784313724
0.9901475429766742
0.9901475429766743
0.9901980594198068
0.9897959183673473
0.9901980594198068
0.9901960784313724
0.9901960784313724
0.995133791073302
0.9953328775594532
0.9897959183673473
0.9901980594198068
0.9901960784313724
0.995133791073302
0.995133791073302
0.9903538022316929
0.9903538022316929
0.9901980594198068
0.9897959183673473
0.9901980594198068
0.9901960784313724
0.9901960784313724
0.9901960784313724
0.9901960784313724
0.9901960784313724
0.9901960784313724
0.9901960784313724
0.9901960784313724
0.9901980594198068
0.9901980594198068
0.9901960784313724
0.9901960784313724
0.980392156862745
0.9901960784313724
0.9901960784313724
0.9901960784313724
0.9901960784313724
0.9901960784313724
0.9901960784313724
0.9901960784313724
0.9901960784313724
0.9901960784313724
0.9901960784313724
0.9901960784313724
0.980392156862745
0.9901960784313724
0.9901960784313724
0.9901960784313724
0.9901960784313724
0.9901960784313724
0.9901960784313724
0.9901960784313724
0.9901960784313724
0.9901960784313724
0.9901960784313724
0.9901960784313724
0.9901960784313724
0.980392156862745
0.9901960784313724
0.9901960784313724
0.9901960784313724
0.9901960784313724
0.9901960784313724
0.9901960784313724
0.9901960784313724
0.9901960784313724
0.9901960784313724
0.9901960784313724
0.9901960784313724
0.980392156862745
0.9901960784313724
0.9901960784313724
0.9901960784313724
0.9901960784313724
0.9901960784313724
0.9901960784313724
0.9901960784313724
0.9901960784313724
0.9901960784313724
0.9901960784313724
0.9901960784313724
0.9901960784313724
0.9901960784313724
0.9901960784313724
0.9901960784313724
0.9901960784313724
0.9901960784313724
0.9901960784313724
0.9901960784313724
0.9901960784313724
0.9901960784313724
0.9901960784313724
0.9901960784313724
0.9901960784313724
0.9901960784313724
0.9901960784313724
0.9901960784313724
0.9901960784313724
0.9901960784313724
0.980392156862745
0.9901960784313724
0.9901960784313724
0.9901960784313724
0.9901960784313724
0.9901960784313724
0.9901960784313724
0.9901960784313724
0.9901960784313724
0.9901960784313724
0.9901960784313724
0.980392156862745
0.9901960784313724
0.9901960784313724
0.9901960784313724
0.9901960784313724
0.9901960784313724
0.9901960784313724
0.9901960784313724
0.9901960784313724
0.9901960784313724
0.9903379376602869
0.9903379376602869
0.9901960784313724
0.980392156862745
0.9901960784313724
0.9901960784313724
0.9901960784313724
0.9901960784313724
0.9901960784313724
0.9901960784313724
0.9901960784313724
0.9903379376602868
0.9903846153846153
0.9903379376602869
0.9901960784313724
0.980392156862745
0.9901960784313724
0.9901960784313724
0.9901960784313724
0.9901960784313724
0.9901960784313724
0.9901960784313724
0.9901960784313724
0.9901960784313724
0.9901960784313724
0.9901960784313724
0.9901960784313724
0.9901960784313724
0.9901960784313724
0.9901960784313724
0.16810223724982595
0.9411764705882353
0.9411764705882353
0.9411764705882353
0.9411764705882353
0.9411764705882353
0.9393364366277238
0.9393364366277238
0.9411764705882354
0.9411764705882353
0.9411764705882353
0.9411764705882353
0.9411764705882353
0.9393364366277238
0.9393364366277238
0.8823529411764706
0.9411764705882353
0.9411764705882353
0.9411764705882353
0.9411764705882353
0.9411764705882353
0.9411764705882353
0.9411764705882353
0.9411764705882353
0.9411764705882353
0.9411764705882353
0.9411764705882353
0.9411764705882353
0.9411764705882353
0.9411764705882353
0.8574929257125444
0.9146591207600474
0.9411764705882353
0.9411764705882353
0.9411764705882353
0.9411764705882353
0.9411764705882353
0.9411764705882353
0.9411764705882353
0.9411764705882353
0.9411764705882353
0.9411764705882353
0.9411764705882353
0.9411764705882353
0.9411764705882353
0.9411764705882353
0.18935242733246035
0.9930128044350233
0.9915610305527969
0.9915610305527969
0.9915966386554623
0.9930128044350233
0.9930128044350233
0.9915610305527969
0.9914529914529914
0.991561030552797
0.9915966386554622
0.9915966386554622
0.9930128044350233
0.9930128044350233
0.9915966386554622
0.9915966386554622
0.991561030552797
0.991561030552797
0.9915966386554623
0.9930128044350233
0.9930128044350233
0.9930128044350233
0.9930128044350233
0.9915610305527969
0.9915610305527969
0.9915966386554623
0.9915966386554622
0.991561030552797
0.991561030552797
0.9915966386554622
0.9930128044350233
0.9930128044350233
0.9915966386554623
0.9915610305527969
0.9915610305527969
0.9915966386554622
0.9915966386554622
0.9915966386554622
0.9915966386554622
0.9915966386554622
0.9915966386554623
0.9915610305527969
0.9924419302614059
0.9930128044350233
0.9915966386554622
0.9915966386554622
0.9930128044350233
0.9930128044350233
0.9915966386554622
0.991561030552797
0.9914529914529914
0.9915610305527969
0.9915966386554622
0.979631267036143
0.9878634625574552
0.9915966386554623
0.9915966386554623
0.9915966386554623
0.9915966386554623
0.9915966386554623
0.9915966386554623
0.9915966386554623
0.9915966386554623
0.9915966386554623
0.9915966386554623
0.9915966386554623
0.9790880682441959
0.9874563423317532
0.9915966386554623
0.9915966386554623
0.9915966386554623
0.9915966386554623
0.9915966386554623
0.9915966386554623
0.9915966386554623
0.9915966386554623
0.9915966386554623
0.9915966386554623
0.9915966386554623
0.9915966386554623
0.9915966386554623
0.9840667431338068
0.9904761904761906
0.9904761904761906
0.9904761904761906
0.9904761904761906
0.9908273061165046
0.9908273061165046
0.9904761904761906
0.9904761904761906
0.44968782514453043
0.996758500385432
0.9967846334888263
0.9967793797189021
0.9967793797189022
0.9983961497295918
0.9983961497295918
0.9967846334888263
0.9967846334888263
0.9967793797189023
0.9967793797189023
0.9969142294282092
0.9969142294282091
0.9967845659163977
0.9968005324337069
0.9967379219256485
0.9969142294282092
0.9983961497295918
0.9984013443390676
0.996763754045306
0.9967793797189021
0.9967845659163979
0.9983961497295918
0.9984013443390676
0.9984013443390676
0.9983961497295918
0.9969748649884267
0.9969748649884267
0.9967845659163977
0.9967845659163977
0.9969748649884268
0.9967165037378094
0.9967427412729104
0.9984170633672831
0.9983961497295918
0.9967793797189022
0.996758500385432
0.9967846334888263
0.9969142294282092
0.9969142294282091
0.9969748649884268
0.9969748649884267
0.9983961497295918
0.9983961497295918
0.9967845659163979
0.9983961497295918
0.9999999999999993
0.9983961497295918
0.9967845659163979
0.9967845659163979
0.9967793797189023
0.9967793797189023
0.9969142294282092
0.9969142294282091
0.9967845659163977
0.9967846334888263
0.996758500385432
0.9967637540453063
0.9967793797189023
0.9968272868335194
0.9967159188810127
0.9967379219256485
0.9969142294282092
0.9967845659163977
0.9967845659163977
0.9968272868335194
0.9967159188810127
0.9968005324337069
0.9969748649884267
0.9969748649884267
0.9967845659163979
0.9969748649884267
0.9967165037378094
0.9967159188810127
0.9967379219256485
0.9969142294282092
0.9967845659163977
0.9967793797189022
0.996758500385432
0.996758500385432
0.9967793797189023
0.9983961497295918
0.9983961497295918
0.9967845659163979
0.9967845659163977
0.9969748649884267
0.9969748649884267
0.9983961497295918
0.9999999999999993
0.9983961497295918
0.9967793797189023
0.996758500385432
0.9967427412729104
0.9967159188810127
0.9967638229455799
0.996763754045306
0.9967793797189021
0.9967793797189021
0.9967793797189022
0.9968005324337069
0.9968005324337069
0.9968005324337069
0.9967638229455799
0.996763754045306
0.996763754045306
0.9984013443390676
0.9983961497295918
0.9967845659163977
0.9967845659163977
0.9967845659163977
0.9969748649884268
0.9986609354482303
0.9983961497295919
0.9983961497295919
0.9984013443390676
0.9967793797189021
0.9967846334888263
0.996758500385432
0.9967793797189023
0.9967845659163977
0.9968005324337069
0.9968005324337069
0.9969142294282091
0.9969142294282092
0.9967845659163979
0.9967846334888263
0.996758500385432
0.996758500385432
0.9967846334888263
0.9969748649884267
0.9969748649884267
0.9967846334888263
0.9967846334888263
0.9967845659163977
0.9967846334888263
0.9984170633672831
0.9983961497295918
0.9967845659163979
0.9967845659163979
0.9983961497295918
0.9983961497295918
0.9999999999999991
0.9983961497295918
0.9984012779544527
0.9984012779544527
0.9999999999999992
0.9999999999999992
0.9951858727208149
0.9951703724072625
0.9967741935483855
0.9967741935483855
0.9967741935483855
0.9967741935483855
0.9967741935483855
0.9967741935483855
0.9967741935483855
0.9967741935483855
0.9968509011226327
0.9968509011226327
0.9951703724072625
0.9951703724072625
0.9967741935483855
0.9967741935483855
0.9967741935483855
0.9967741935483855
0.9967741935483855
0.9967741935483855
0.9967741935483855
0.9967741935483855
0.9967741935483855
0.9999999999999983
0.9935274400808216
0.9967320261437902
0.9967320261437902
0.9967320261437902
0.9967320261437902
0.9967320261437902
0.9967320261437902
0.9967320261437902
0.9967742617804322
0.9999999999999983
0.9951703724072625
0.9951703724072625
0.9967741935483855
0.9967741935483855
0.9967741935483855
0.9967741935483855
0.9919237499698537
0.995139070395683
0.9967532467532475
0.9967532467532475
0.9967532467532475
0.9967532467532475
0.9967532467532475
0.9967532467532475
0.9967532467532475
0.9967532467532475
0.9967532467532475
0.9967532467532475
0.9967532467532475
0.9967532467532475
0.9935064935064942
0.9967532467532474
0.9967532467532474
0.9967532467532474
0.9967532467532474
0.9967532467532474
0.9967532467532474
0.9967532467532474
0.9967532467532474
0.9967532467532474
0.9967532467532474
0.9967532467532475
0.9967532467532475
0.9967532467532475
0.9967532467532475
0.9967532467532475
0.9967532467532475
0.9935064935064942
0.9967532467532474
0.9967532467532474
0.9967532467532474
0.9967532467532474
0.9935064935064941
0.9967532467532474
0.9967532467532474
0.9967532467532474
0.9967532467532474
0.9967532467532474
0.9967532467532474
0.9967532467532474
0.9967532467532474
0.9967532467532474
0.9967532467532474
0.9967532467532474
0.9935070593892509
0.9966666666666656
0.9966666666666656
0.9966666666666656
0.9966666666666656
0.9966666666666656
0.9966666666666656
0.9966666666666656
0.9966666666666656
0.9966666666666656
0.9966666666666656
0.9966832412776437
0.9966832412776437
0.9966666666666656
0.9950096968313851
0.9966777408637884
0.9966777408637884
0.9966777408637884
0.9966777408637884
0.9966777408637884
0.9917094897405896
0.9950262438868792
0.9966777408637884
0.9966777408637884
0.9966777408637884
0.9966777408637884
0.9966777408637884
0.9966777408637884
0.9966777408637884
0.9966777408637884
0.9966777408637884
0.9966777408637884
0.9966777408637884
0.9966777408637884
0.9966777408637884
0.9917094897405897
0.9950262438868793
0.9966777408637884
0.9966777408637884
0.9966777408637884
0.9966777408637884
0.9966777408637884
0.9966777408637884
0.9966777408637884
0.9966777408637884
0.9966777408637884
0.9966777408637884
0.9966777408637884
0.9966777408637884
0.9966777408637884
0.9966777408637884
0.9950097720323146
0.9949252821166819
0.9966101694915238
0.9966101694915238
0.9966101694915238
0.9966101694915238
0.9966101694915238
0.9966273091110798
0.9966273091110798
0.9966101694915238
0.9966273091110798
0.9966273091110798
0.9966101694915238
0.9932489114530761
0.9966329966329959
0.9966329966329959
0.9966329966329959
0.9966329966329959
0.9966329966329959
0.9966329966329959
0.9966329966329959
0.9966329966329959
0.9966329966329959
0.9966329966329959
0.9915980391197522
0.9949593884049039
0.9966329966329959
0.9966329966329959
0.9966329966329959
0.9966329966329959
0.9966329966329959
0.9966329966329959
0.9966329966329959
0.9966329966329959
0.9966329966329959
0.9966329966329959
0.9915980391197522
0.9949593884049039
0.9966329966329959
0.9966329966329959
0.9966329966329959
0.9966329966329959
0.9966329966329959
0.9966329966329959
0.9966329966329959
0.9966329966329959
0.9966329966329959
0.9966329966329959
0.9966329966329959
0.9966329966329959
0.9966329966329959
0.9915525379713312
0.9965986394557825
0.9965986394557825
0.9965986394557825
0.9965986394557825
0.9965986394557825
0.9965986394557825
0.9965986394557825
0.9966443721637063
1.0000000000000018
0.9915809859916781
0.9949080553047686
0.9965986394557825
0.9965986394557825
0.9965986394557825
0.9965986394557825
0.9965986394557825
0.9965986394557825
0.9965986394557825
0.9965986394557825
0.9965986394557825
0.9965986394557825
0.9965986394557825
0.9965986394557825
0.9965986394557825
0.38433869093402806
0.9981203007518787
0.9981203007518787
0.9981203007518786
0.9981203007518786
0.9981203007518787
0.9981203007518787
0.9981203007518786
0.9981185307886835
0.9990632449151735
0.9990614732798577
0.9981203141606791
0.9981042636979974
0.99812569138091
0.9981203007518787
0.9982357685733196
0.9980695125988619
0.9999999999999996
0.9991502905866326
0.9990614732798577
0.9981185307886835
0.9981185307886835
0.9981203007518787
0.9981185307886835
0.9981185307886835
0.9990614732798577
0.9990775391353777
0.997160806108596
0.9972420921744342
0.9982357685733195
0.9982357685733195
0.9990614732798577
0.9990614732798577
0.9982357685733195
0.9982357685733195
0.998120314160679
0.9990685866450645
0.9990632449151735
0.9981132075471698
0.9981185307886835
0.9981185307886836
0.9981185307886836
0.9981203007518787
0.99812569138091
0.998113221108826
0.9981185307886835
0.9981203007518787
0.9981203007518787
0.9981203007518786
0.9981839695029877
0.9999999999999996
0.9981839695029877
0.9981185307886837
0.9981185307886837
0.9981203007518787
0.9981203007518787
0.9981638000147653
0.9981638000147653
0.9982357685733195
0.9982357685733196
0.998120314160679
0.998120314160679
0.9981203007518787
0.9981203007518787
0.9981203007518786
0.9981203007518786
0.9981185307886837
0.9981132075471698
0.9981185307886835
0.9971764649527375
0.9971675833865247
0.9981185307886835
0.9981638000147653
0.9981638000147653
0.9981347035418164
0.9981347035418164
0.9981203007518786
0.9981203007518787
0.9981185307886837
0.9982015249506355
0.9982357685733195
0.9981203007518787
0.9981203007518787
0.9981203007518786
0.9981185307886835
1.0
0.9981185307886835
0.9981185307886837
0.9981132075471698
0.9981132075471698
0.9981185307886837
0.998120314160679
0.998120314160679
0.9990614732798577
0.999150290586633
0.9981335688526962
0.9981203141606791
0.9981839695029877
0.9981839695029877
0.9981203007518786
0.9981203007518786
0.9981203007518786
0.9981638000147653
0.9981405062648913
0.9981185307886835
0.9981347035418164
0.9990901436333638
0.9990632449151735
0.99811142418787
0.9981042636979972
0.9981135957560292
0.9981335688526962
0.998120314160679
0.9981203007518787
0.998120314160679
0.998120314160679
0.9981347035418164
0.9980971609832513
0.9981570400023003
0.9982015249506356
0.9982015249506356
0.9990632449151735
0.9990614732798577
0.9981256913809099
0.997160806108596
0.9972115423457458
0.9982015249506355
0.9982357685733195
0.9981203007518787
0.9981203007518787
0.998120314160679
0.998120314160679
0.9981203007518786
0.9990614732798577
0.9990614732798577
0.998120314160679
0.9981060606060614
0.9981335688526961
0.9981839695029877
0.9981203007518786
0.9981347035418164
0.9981347035418164
0.9981203007518787
0.9981203007518787
0.9981256913809099
0.9981043746975015
0.9981405062648913
0.9982015249506355
0.9982357685733195
0.9990614732798577
0.9990614732798577
0.9981839695029877
0.9981570400023003
0.9981185307886836
0.9981203007518787
0.9981203007518787
0.9981185307886837
0.9982015249506355
0.9980695125988619
0.9981570400023003
0.998113221108826
0.9981256913809099
0.9990614732798577
0.9990614732798577
0.9981203007518787
0.9981347035418164
0.9981347035418164
0.9990614732798577
0.9990632449151735
0.9981185307886836
0.9981638000147653
0.9981405062648913
0.9981570400023003
0.9981839695029877
0.9981839695029877
0.9999999999999996
0.9981839695029877
0.9981203007518787
0.9981203007518786
0.9981203007518786
0.9981203007518786
0.9981185307886837
0.9981132075471698
0.9990632449151735
0.9990614732798577
0.9981185307886835
0.998113221108826
0.998113221108826
0.99811142418787
0.9981707121849628
0.9982357685733195
0.9981185307886837
0.9981570400023005
0.9999999999999996
0.9961978306969965
0.9980988593155891
0.9980988593155891
0.9980988593155891
0.9980988593155891
0.9980988593155891
0.9952521107117346
0.9971514468008791
0.9980988593155892
0.9980988593155892
0.9980988593155892
0.9980988593155892
0.9980988593155892
0.9980988593155892
0.9980988593155892
0.9980988593155892
0.9980988593155892
0.9980988593155892
0.9980988593155892
0.9980988593155892
0.9980988593155892
0.9961922833436502
0.998091603053434
0.998091603053434
0.998091603053434
0.998091603053434
0.998091603053434
0.998091603053434
0.998091603053434
0.998091603053434
0.998091603053434
0.9961777291962449
0.9980824526939048
0.9980769230769229
0.9980769230769229
0.9980769230769229
0.9980769230769229
0.9952102529444807
0.9971296431537157
0.9980842911877399
0.9980842911877399
0.9980842911877399
0.9980842911877399
0.9980842911877399
0.9980842911877399
0.9980842911877399
0.9980842911877399
0.9980897785804989
0.9980897785804989
0.9980842911877399
0.9961630633618012
0.99822064714689
0.99822064714689
0.998076923076923
0.998076923076923
0.998076923076923
0.9980824526939048
0.9980842911877399
0.9980842911877399
