0.9958603776322714
0.9957984708543033
0.995824616419311
0.9958333333333327
0.9979231545598292
0.9980031131477195
0.9958603776322716
0.9958333333333327
0.40904799405193093
0.40904799405193093
0.9958603776322714
0.9957536963169219
0.9958334810769798
0.06262242910851494
0.047565149415449405
0.9958603776322715
0.9979231545598292
0.9980031131477195
0.4134925425455562
0.41173672763922
0.9958334810769798
0.9958333333333327
0.9958334810769798
0.46508715927840083
0.46312888885745906
0.9957983193277304
0.9957984708543033
0.9958603776322715
0.4057948819484282
0.40495210869820863
0.9979318898433257
0.995824616419311
0.9959701409877356
0.13226800072792794
0.12948309934455932
0.9958603776322714
0.9957173250742365
0.9959057709430661
0.5427423775508166
0.5427423775508166
0.9958333333333327
0.995824616419311
0.995824616419311
0.5055900958575432
0.5055900958575432
0.9958333333333327
0.9958333333333327
0.9958333333333327
0.4200840252084029
0.434086826048683
0.9959701409877356
0.9959701409877356
0.9958333333333327
0.4179651129947942
0.42404970157134364
0.9937303457175886
0.9958333333333327
0.9958333333333327
0.548886483080078
0.5456386340677699
0.9958333333333327
0.9958333333333327
0.9958333333333327
0.43095477266084303
0.43838348322967025
0.9979231545598292
0.9958333333333327
0.9958333333333327
0.38990643368252725
0.3871908101261382
0.9979318898433258
0.9979231545598292
0.9958333333333327
0.22166465691622148
0.22166465691622148
0.9958333333333327
0.9958334810769798
0.9957894549830616
0.3334980644199064
0.3321055820775357
0.9958334810769798
0.9957628673041661
0.9959057709430661
0.5640145829667853
0.5631975274228493
0.995824616419311
0.9958333333333327
0.9958603776322715
0.33713058085947284
0.34912698291358285
0.9958334810769798
0.995824616419311
0.995824616419311
0.500938513132494
0.49543369430686224
0.995905770943066
0.9959057709430661
0.9958334810769798
0.3725310701664901
0.37509688670876035
0.9959701409877356
0.995726655215352
0.9958603776322716
0.4678713603449448
0.47586974075899185
0.9959057709430661
0.9958333333333327
0.9958333333333327
0.47739603762933136
0.4717127514670775
0.995824616419311
0.9958258288604871
0.9957628673041661
0.3198440903483299
0.3115279914245167
0.9959701409877356
0.9958333333333327
0.9958333333333327
0.47596333460720575
0.47596333460720575
0.9958334810769798
0.9958334810769798
0.9958333333333327
0.2857738033247041
0.29192017967990463
0.9959701409877356
0.9958333333333327
0.9958603776322715
0.42687166680905164
0.421501998128395
0.9958603776322715
0.9958603776322714
0.9959701409877356
0.4697861009578871
0.47527420457965136
0.9957983193277303
0.995824616419311
0.9958603776322715
0.44562835066358786
0.46653013340384075
0.9958333333333327
0.995824616419311
0.995824616419311
0.2477168471534311
0.24720237754896682
0.9979231545598292
0.9958333333333327
0.9958333333333327
0.41286141192238524
0.3961661615229939
0.995824616419311
0.9958333333333327
0.9958333333333327
0.49093902550170454
0.49299747908118163
0.9895809953676494
0.9937651414158298
0.9958333333333327
0.40705748105182754
0.40705748105182754
0.9958333333333327
0.9958333333333327
0.9958333333333327
0.46491621001437733
0.46491621001437733
0.9958333333333327
0.9958333333333327
0.9958333333333327
0.4830705361095239
0.4830705361095239
0.9958333333333327
0.9958333333333327
0.9958333333333327
0.2405626121623441
0.2405626121623441
0.9958333333333327
0.9958333333333327
0.991666666666666
0.4216370213557839
0.4216370213557839
0.9958333333333327
0.9958333333333327
0.9958333333333327
0.3722511927026438
0.3722511927026438
0.9958333333333327
0.9958333333333327
0.9958333333333327
0.44644478187387443
0.44644478187387443
0.9958333333333327
0.9958333333333327
0.9896071282718305
0.1607912131789451
0.16112584665887242
0.9958333333333327
0.9958333333333327
0.9958333333333327
0.4862942367441277
0.4862942367441277
0.9958333333333327
0.9958333333333327
0.9958333333333327
0.47534212886090155
0.47534212886090155
0.9958333333333327
0.9958333333333327
0.991666666666666
0.41420843478975705
0.41420843478975705
0.9958333333333327
0.9958333333333327
0.9958333333333327
0.37951823527874246
0.37951823527874246
0.9958333333333327
0.9958333333333327
0.9958333333333327
0.43512570775738213
0.29053808924945307
0.9901960784313724
0.995133791073302
0.9953328775594532
0.3354101966249684
0.360078967373961
0.9901960784313724
0.9903538022316929
0.9903538022316929
0.30888126640977454
0.30888126640977454
0.9901960784313724
0.9901980594198068
0.9897959183673473
0.3551936937171323
0.35887455569357674
0.9903538022316929
0.995133791073302
0.995133791073302
0.44678693706120076
0.44678693706120076
0.9901960784313724
0.995133791073302
0.995133791073302
0.4570723737516692
0.46009934311426304
0.9901960784313724
0.9901960784313724
0.9901960784313724
0.4876619113078272
0.48064657156851065
0.9901475429766742
0.9903538022316929
0.9903538022316929
0.45051722955206647
0.44832491858798895
0.995133791073302
0.9901960784313724
0.9901960784313724
0.429393247552469
0.4335417409594525
0.995133791073302
0.9901980594198068
0.9901980594198068
0.26568446566202863
0.2509242175696937
0.9901980594198068
0.9901980594198068
0.9901960784313724
0.4592116038260928
0.4706620095915192
0.9901475429766743
0.9901980594198068
0.9897959183673473
0.16222142113076252
0.18172434016970185
0.9901960784313724
0.9901960784313724
0.995133791073302
0.2416903793745226
0.24777925220471797
0.9897959183673473
0.9901980594198068
0.9901960784313724
0.3830869476506332
0.3812227665262742
0.995133791073302
0.9903538022316929
0.9903538022316929
0.3217096034169094
0.3179528988164269
0.9897959183673473
0.9901980594198068
0.9901960784313724
0.40706275050665275
0.40706275050665275
0.9901960784313724
0.9901960784313724
0.9901960784313724
0.4107488246482162
0.4107488246482162
0.9901960784313724
0.9901960784313724
0.9901980594198068
0.15394740173723565
0.15089863644835708
0.9901960784313724
0.9901960784313724
0.980392156862745
0.4668795226171138
0.4668795226171138
0.9901960784313724
0.9901960784313724
0.9901960784313724
0.4423788574877583
0.4423788574877583
0.9901960784313724
0.9901960784313724
0.9901960784313724
0.36150944058247236
0.37155136948754103
0.9901960784313724
0.9901960784313724
0.980392156862745
0.4390744124042098
0.4390744124042098
0.9901960784313724
0.9901960784313724
0.9901960784313724
0.3902967087276443
0.3902967087276443
0.9901960784313724
0.9901960784313724
0.9901960784313724
0.13584712216226488
0.13584712216226488
0.9901960784313724
0.9901960784313724
0.9901960784313724
0.3418364320313313
0.3418364320313313
0.9901960784313724
0.9901960784313724
0.9901960784313724
0.23342489046196313
0.23342489046196313
0.9901960784313724
0.9901960784313724
0.9901960784313724
0.3315942567826254
0.3315942567826254
0.9901960784313724
0.9901960784313724
0.9901960784313724
0.32954102182865386
0.32954102182865386
0.9901960784313724
0.9901960784313724
0.9901960784313724
0.4356649189097368
0.4356649189097368
0.9901960784313724
0.9901960784313724
0.9901960784313724
0.13584712216226488
0.13584712216226488
0.9901960784313724
0.9901960784313724
0.9901960784313724
0.47990019113928517
0.47990019113928517
0.9901960784313724
0.9901960784313724
0.9901960784313724
0.39134786718871123
0.39134786718871123
0.9901960784313724
0.9901960784313724
0.9901960784313724
0.40749989700141775
0.40749989700141775
0.9901960784313724
0.9901960784313724
0.9901960784313724
0.2189839359276689
0.2189839359276689
0.9901960784313724
0.9901960784313724
0.9901960784313724
0.3604809621383231
0.3604809621383231
0.9901960784313724
0.980392156862745
0.9901960784313724
0.4222003309207491
0.4222003309207491
0.9901960784313724
0.9901960784313724
0.9901960784313724
0.3327561323230812
0.3327561323230812
0.9901960784313724
0.9901960784313724
0.9901960784313724
0.18172434016970185
0.18172434016970185
0.980392156862745
0.9901960784313724
0.9901960784313724
0.3684146426892085
0.3684146426892085
0.9901960784313724
0.9901960784313724
0.9901960784313724
0.3112125598879407
0.3112125598879407
0.9901960784313724
0.9901960784313724
0.9903379376602869
0.44324760485816794
0.4475720741400234
0.9901960784313724
0.980392156862745
0.9901960784313724
0.4233545078134463
0.4233545078134463
0.9901960784313724
0.9901960784313724
0.9901960784313724
0.3795565581410585
0.3795565581410585
0.9901960784313724
0.9903379376602868
0.9903846153846153
0.5175037145175319
0.5152949750997652
0.9901960784313724
0.980392156862745
0.9901960784313724
0.36753936063179565
0.36753936063179565
0.9901960784313724
0.9901960784313724
0.9901960784313724
0.4602586297186938
0.4602586297186938
0.9901960784313724
0.9901960784313724
0.9901960784313724
0.38990105725714036
0.38990105725714036
0.9901960784313724
0.9901960784313724
0.9901960784313724
0.45734570873759217
0.45734570873759217
0.16810223724982595
0.9411764705882353
0.9411764705882353
0.04222003309207491
0.04222003309207491
0.9411764705882353
0.9411764705882353
0.9393364366277238
0.06873433966234707
0.06456466969238875
0.9411764705882354
0.9411764705882353
0.9411764705882353
0.0
0.07312724241271307
0.9411764705882353
0.9393364366277238
0.9393364366277238
0.20461495722482564
0.20461495722482564
0.9411764705882353
0.9411764705882353
0.9411764705882353
0.10846522890932808
0.10846522890932808
0.9411764705882353
0.9411764705882353
0.9411764705882353
0.15872016155435098
0.15872016155435098
0.9411764705882353
0.9411764705882353
0.9411764705882353
0.13301971084313102
0.13301971084313102
0.9411764705882353
0.9411764705882353
0.8574929257125444
0.1033622788243404
0.10635890745287928
0.9411764705882353
0.9411764705882353
0.9411764705882353
0.057567366250340375
0.057567366250340375
0.9411764705882353
0.9411764705882353
0.9411764705882353
0.10226199851298272
0.10226199851298272
0.9411764705882353
0.9411764705882353
0.9411764705882353
0.10475943427376404
0.10475943427376404
0.9411764705882353
0.9411764705882353
0.18935242733246035
0.30496877279641665
0.303656377140595
0.9915610305527969
0.9915610305527969
0.9915966386554623
0.3179944153271747
0.3028960741674143
0.9930128044350233
0.9915610305527969
0.9914529914529914
0.4941662111074008
0.4899959575500253
0.9915966386554622
0.9915966386554622
0.9930128044350233
0.40947857438939406
0.41540919653772057
0.9915966386554622
0.9915966386554622
0.991561030552797
0.2735892447649849
0.2712804334873299
0.9915966386554623
0.9930128044350233
0.9930128044350233
0.6077282690088874
0.5814595756329396
0.9930128044350233
0.9915610305527969
0.9915610305527969
0.5164182483204394
0.5164182483204394
0.9915966386554622
0.991561030552797
0.991561030552797
0.5510034792628922
0.5471503080792355
0.9930128044350233
0.9930128044350233
0.9915966386554623
0.5318616239948768
0.5028639258011334
0.9915610305527969
0.9915966386554622
0.9915966386554622
0.22868879833830447
0.22868879833830447
0.9915966386554622
0.9915966386554622
0.9915966386554623
0.5768433835878621
0.5817527775030358
0.9924419302614059
0.9930128044350233
0.9915966386554622
0.37785216741381705
0.37785216741381705
0.9930128044350233
0.9930128044350233
0.9915966386554622
0.6063745164042207
0.6041673491394954
0.9914529914529914
0.9915610305527969
0.9915966386554622
0.2810301276313079
0.2753059000067872
0.9878634625574552
0.9915966386554623
0.9915966386554623
0.6358870237396892
0.6358870237396892
0.9915966386554623
0.9915966386554623
0.9915966386554623
0.5995260478828612
0.5995260478828612
0.9915966386554623
0.9915966386554623
0.9915966386554623
0.5389363145615884
0.5389363145615884
0.9790880682441959
0.9874563423317532
0.9915966386554623
0.6277526733047185
0.6277526733047185
0.9915966386554623
0.9915966386554623
0.9915966386554623
0.4294109424583883
0.4294109424583883
0.9915966386554623
0.9915966386554623
0.9915966386554623
0.418844836593606
0.418844836593606
0.9915966386554623
0.9915966386554623
0.9915966386554623
0.2845779440362048
0.2845953648647257
0.9904761904761906
0.9904761904761906
0.9904761904761906
0.2898275349237888
0.2898275349237888
0.9908273061165046
0.9908273061165046
0.9904761904761906
0.521749194749951
0.521749194749951
0.44968782514453043
0.996758500385432
0.9967846334888263
0.49903963365540954
0.5040578399975854
0.9967793797189022
0.9983961497295918
0.9983961497295918
0.47448429956878424
0.47756539882344984
0.9967846334888263
0.9967793797189023
0.9967793797189023
0.5112247411836355
0.48799348856113
0.9969142294282091
0.9967845659163977
0.9968005324337069
0.4515249868067982
0.420030243266312
0.9969142294282092
0.9983961497295918
0.9984013443390676
0.5454616846186081
0.5454616846186081
0.9967793797189021
0.9967845659163979
0.9983961497295918
0.2946278254943948
0.29605460296977326
0.9984013443390676
0.9983961497295918
0.9969748649884267
0.5241224893703107
0.5383013126145832
0.9967845659163977
0.9967845659163977
0.9969748649884268
0.4302527084994172
0.44261099147878913
0.9967427412729104
0.9984170633672831
0.9983961497295918
0.38148326402876814
0.37972587889537185
0.996758500385432
0.9967846334888263
0.9969142294282092
0.4882577826401806
0.5034229516278186
0.9969748649884268
0.9969748649884267
0.9983961497295918
0.41681489053197307
0.41748447311707343
0.9967845659163979
0.9983961497295918
0.9999999999999993
0.41623331588205814
0.41690196421009057
0.9967845659163979
0.9967845659163979
0.9967793797189023
0.08309026037996745
0.0724698259269477
0.9969142294282092
0.9969142294282091
0.9967845659163977
0.3340863839172523
0.3310018019590331
0.996758500385432
0.9967637540453063
0.9967793797189023
0.26856034686083197
0.2720826002442531
0.9967159188810127
0.9967379219256485
0.9969142294282092
0.3742516649016702
0.3742516649016702
0.9967845659163977
0.9968272868335194
0.9967159188810127
0.5232966121257572
0.5182241504373017
0.9969748649884267
0.9969748649884267
0.9967845659163979
0.4472956469472906
0.4448834020274326
0.9967165037378094
0.9967159188810127
0.9967379219256485
0.2698803015842454
0.2772234554827187
0.9967845659163977
0.9967793797189022
0.996758500385432
0.2941391437099077
0.28874348433759495
0.9967793797189023
0.9983961497295918
0.9983961497295918
0.4295972330976898
0.4295972330976898
0.9967845659163977
0.9969748649884267
0.9969748649884267
0.42110303850251884
0.4204276522803464
0.9999999999999993
0.9983961497295918
0.9967793797189023
0.5023440201327241
0.5098721391317218
0.9967427412729104
0.9967159188810127
0.9967638229455799
0.5221648559523796
0.5221648559523796
0.9967793797189021
0.9967793797189021
0.9967793797189022
0.29378961595025654
0.2886472957274358
0.9968005324337069
0.9968005324337069
0.9967638229455799
0.4383515752907368
0.4383515752907368
0.996763754045306
0.9984013443390676
0.9983961497295918
0.42351192157926215
0.42351192157926215
0.9967845659163977
0.9967845659163977
0.9969748649884268
0.0
0.0
0.9983961497295919
0.9983961497295919
0.9984013443390676
0.5653885902226221
0.5635676882622493
0.9967846334888263
0.996758500385432
0.9967793797189023
0.5333791888493025
0.5333791888493025
0.9968005324337069
0.9968005324337069
0.9969142294282091
0.22900102963066857
0.24057808192938762
0.9967845659163979
0.9967846334888263
0.996758500385432
0.5886596761651091
0.5975808320546941
0.9967846334888263
0.9969748649884267
0.9969748649884267
0.40630405027483546
0.39747674077144174
0.9967846334888263
0.9967845659163977
0.9967846334888263
0.5198882444481032
0.5157056483832418
0.9983961497295918
0.9967845659163979
0.9967845659163979
0.3500925328247169
0.34953103682127773
0.9983961497295918
0.9999999999999991
0.9983961497295918
0.44953168338116334
0.44881300716877054
0.9984012779544527
0.9999999999999992
0.9999999999999992
0.43939652585187
0.44010238417974445
0.9951703724072625
0.9967741935483855
0.9967741935483855
0.410992647150445
0.410992647150445
0.9967741935483855
0.9967741935483855
0.9967741935483855
0.33822256025346736
0.33822256025346736
0.9967741935483855
0.9968509011226327
0.9968509011226327
0.37641904749740496
0.37581338492085936
0.9951703724072625
0.9967741935483855
0.9967741935483855
0.36721061337162536
0.36721061337162536
0.9967741935483855
0.9967741935483855
0.9967741935483855
0.30020839810201994
0.30020839810201994
0.9967741935483855
0.9967741935483855
0.9999999999999983
0.08675760324277124
0.0873228053325973
0.9967320261437902
0.9967320261437902
0.9967320261437902
0.1372549019607843
0.1372549019607843
0.9967320261437902
0.9967320261437902
0.9967320261437902
0.44362974142217493
0.4407583213388897
0.9999999999999983
0.9951703724072625
0.9951703724072625
0.4225550216181105
0.4225550216181105
0.9967741935483855
0.9967741935483855
0.9967741935483855
0.5350108028253121
0.5358758168142935
0.995139070395683
0.9967532467532475
0.9967532467532475
0.2709854030210483
0.2709854030210483
0.9967532467532475
0.9967532467532475
0.9967532467532475
0.37033408622917424
0.37033408622917424
0.9967532467532475
0.9967532467532475
0.9967532467532475
0.3725105796481784
0.3708475859890348
0.9967532467532475
0.9935064935064942
0.9967532467532474
0.3644471480623968
0.3644471480623968
0.9967532467532474
0.9967532467532474
0.9967532467532474
0.48194730132173513
0.48194730132173513
0.9967532467532474
0.9967532467532474
0.9967532467532474
0.3252218177939954
0.3252218177939954
0.9967532467532475
0.9967532467532475
0.9967532467532475
0.25696801160904337
0.25696801160904337
0.9967532467532475
0.9967532467532475
0.9935064935064942
0.44278588608176794
0.44278588608176794
0.9967532467532474
0.9967532467532474
0.9967532467532474
0.3386145252717522
0.3386145252717522
0.9967532467532474
0.9967532467532474
0.9967532467532474
0.5047633959081781
0.5047633959081781
0.9967532467532474
0.9967532467532474
0.9967532467532474
0.4245600905274326
0.4245600905274326
0.9967532467532474
0.9967532467532474
0.9967532467532474
0.4244570476023772
0.42682106415545373
0.9966666666666656
0.9966666666666656
0.9966666666666656
0.4636730074698051
0.4636730074698051
0.9966666666666656
0.9966666666666656
0.9966666666666656
0.38693955887479664
0.38693955887479664
0.9966666666666656
0.9966666666666656
0.9966832412776437
0.16927823166232087
0.16984155512168936
0.9966666666666656
0.9950096968313851
0.9966777408637884
0.3594014958454498
0.3527459125890525
0.9966777408637884
0.9966777408637884
0.9966777408637884
0.3967487539002462
0.3960913404346954
0.9950262438868792
0.9966777408637884
0.9966777408637884
0.3806486125006796
0.3806486125006796
0.9966777408637884
0.9966777408637884
0.9966777408637884
0.26622333025588873
0.26622333025588873
0.9966777408637884
0.9966777408637884
0.9966777408637884
0.3623795127425676
0.3623795127425676
0.9966777408637884
0.9966777408637884
0.9917094897405897
0.43179916563587084
0.43251584524212294
0.9966777408637884
0.9966777408637884
0.9966777408637884
0.5509360082958851
0.5509360082958851
0.9966777408637884
0.9966777408637884
0.9966777408637884
0.40869235628965017
0.40869235628965017
0.9966777408637884
0.9966777408637884
0.9966777408637884
0.45240222599626845
0.45240222599626845
0.9966777408637884
0.9966777408637884
0.9950097720323146
0.30135796500953416
0.30186830909233053
0.9966101694915238
0.9966101694915238
0.9966101694915238
0.44114002286576914
0.44114002286576914
0.9966101694915238
0.9966273091110798
0.9966273091110798
0.5197449005619829
0.5197449005619829
0.9966273091110798
0.9966273091110798
0.9966101694915238
0.5346776013315695
0.5328742990570492
0.9966329966329959
0.9966329966329959
0.9966329966329959
0.36706436956332067
0.36706436956332067
0.9966329966329959
0.9966329966329959
0.9966329966329959
0.4905524551257964
0.4905524551257964
0.9966329966329959
0.9966329966329959
0.9915980391197522
0.26744998575085954
0.26789985988840986
0.9966329966329959
0.9966329966329959
0.9966329966329959
0.4297722474802028
0.4297722474802028
0.9966329966329959
0.9966329966329959
0.9966329966329959
0.4936065851221247
0.49360658512212474
0.9966329966329959
0.9966329966329959
0.9915980391197522
0.45506367844873974
0.45582913513514756
0.9966329966329959
0.9966329966329959
0.9966329966329959
0.5680834742921708
0.5680834742921708
0.9966329966329959
0.9966329966329959
0.9966329966329959
0.4040724395561578
0.4040724395561578
0.9966329966329959
0.9966329966329959
0.9966329966329959
0.38560689438152396
0.38560689438152396
0.9966329966329959
0.9915525379713312
0.9965986394557825
0.5160202486578451
0.5160202486578451
0.9965986394557825
0.9965986394557825
0.9965986394557825
0.30785601357781656
0.30785601357781656
0.9965986394557825
0.9966443721637063
1.0000000000000018
0.3906641864559574
0.3926455897989637
0.9949080553047686
0.9965986394557825
0.9965986394557825
0.507929339797113
0.507929339797113
0.9965986394557825
0.9965986394557825
0.9965986394557825
0.5647413283197537
0.5647413283197537
0.9965986394557825
0.9965986394557825
0.9965986394557825
0.5142631430337069
0.5142631430337069
0.9965986394557825
0.9965986394557825
