0.9958333333333327
0.9958603776322715
0.3883678186903087
0.41076308750304447
0.06288499809704103
0.06262242910851494
0.4082911714356176
0.4074432137779592
0.4602373170588214
0.4633635737976407
0.4081302143108614
0.4057948819484282
0.12948309934455932
0.12948309934455932
0.5484354794132377
0.5446400781716236
0.5055900958575432
0.48191152346591865
0.41834503598132505
0.4377500709607272
0.42494716226111473
0.42139105654393194
0.5553821811046943
0.5262759284973235
0.4082871305638904
0.43929583277685935
0.38990643368252725
0.38909665828364004
0.22120429368425779
0.22448852435015218
0.33633639699815626
0.33490821051683
0.5671766035117864
0.562430272340474
0.3462053668393498
0.3462053668393498
0.500938513132494
0.5051659173045656
0.37826231739982075
0.37666962688419725
0.4667216162882487
0.46361013884632707
0.47939770694352374
0.477722073366063
0.30885388194212543
0.3171675237082733
0.47596333460720575
0.47497483232603793
0.2851802953043487
0.2869720215917757
0.42326930985497324
0.421501998128395
0.4822197477991379
0.4697861009578871
0.46031768103736936
0.46653013340384075
0.2477168471534311
0.23693523616867568
0.41347521605906146
0.4199193832168907
0.4948332692776478
0.49093902550170454
0.40705748105182754
0.40705748105182754
0.4582106877545546
0.46491621001437733
0.4830705361095239
0.4801960383990248
0.24157126485518685
0.2405626121623441
0.42540163761788913
0.42540163761788913
0.3722511927026438
0.3722511927026438
0.44872838689624717
0.44872838689624717
0.16112584665887242
0.16112584665887242
0.47892614224800456
0.4862942367441277
0.4782945644438885
0.4674700933291632
0.39893903869490116
0.4260429614980359
0.37951823527874246
0.37951823527874246
0.4402448337309984
0.4327195839765271
0.31838861163188237
0.3163924251094938
0.44956118955921304
0.44956118955921304
0.5048540480091418
0.49636910602579487
0.4763301461391941
0.47472092267250765
0.5347758432205141
0.5545092691696106
0.3906927758103834
0.3906927758103834
0.4579421595631661
0.45407766876516475
0.4883452968182612
0.5097605430076725
0.3168831610536225
0.3175426480542942
0.5401084814342132
0.5409968177523615
0.2221308291596596
0.2221308291596596
0.36666666666666664
0.36820405985251803
0.40278277737665125
0.40026797998857966
0.3858847566132808
0.3866878475061438
0.5042076478125614
0.4997847737089425
0.41383482122612547
0.41383482122612547
0.24593468841898233
0.24593468841898233
0.5145793489888906
0.514505511419495
0.5023418525350167
0.49437611464399606
0.4229264081358357
0.4233427070578253
0.4901395488713124
0.4903216143601945
0.3998023297366339
0.40925259281898757
0.18015093964441795
0.17712297710801903
0.2971334519846062
0.2983793000147053
0.39551460591314086
0.39386318072168813
0.35228193837119165
0.35228193837119165
0.19693159036084404
0.19944037418082108
0.4314554973040049
0.4361328517857601
0.1227996771895043
0.12177204676176306
0.5657491051934495
0.5655031590650273
0.4295072680409759
0.4352176632610566
0.50787450018337
0.5039677732588825
0.26648544566940835
0.2710410824318282
0.4337812169753629
0.42649025709145966
0.45873490213598367
0.44872796683647326
0.38283197233626065
0.38866707025842556
0.11846977555181845
0.12101780416321031
0.4728421970479405
0.49310705715250996
0.35223497683817345
0.34780417182012624
0.5006701753153545
0.5092292598491618
0.5225125876726382
0.5273932762762622
0.37654004754794324
0.37654004754794324
0.5417482416919461
0.5417482416919461
0.3272672075485291
0.3272672075485291
0.47214051580717653
0.4829822081591169
0.31359305168260704
0.31762224968709263
0.5198570140148691
0.5166959337838497
0.28328725568708546
0.27548017726007273
0.28085066651982254
0.2863930819264462
0.23354968324845687
0.23354968324845687
0.4928386919421075
0.4928386919421075
0.11547005383792514
0.11547005383792514
0.479453836611855
0.48349993228242794
0.5117191378348733
0.5050767224330102
0.40761973229205445
0.4019583471213315
0.25280120787730687
0.24258760199516294
0.3266725820227505
0.33340277054548806
0.40148976307092343
0.40148976307092343
0.2824050356609575
0.28191694426113956
0.2028992143111726
0.20034692133618845
0.3162800480319123
0.3144854510165755
0.4114425116728957
0.42251760526700355
0.2696799449852968
0.26400183654090303
0.35413747283109787
0.34813470795742524
0.5005249345277751
0.5068208456539107
0.5394714876611615
0.5399322144777619
0.5409627460747113
0.5162472920134947
0.2127178149057585
0.2170434130243415
0.49216791298400064
0.49216791298400064
0.3715752707301466
0.36392007860833153
0.482152727295898
0.502431748326728
0.3550354003495356
0.35429804669722015
0.37604729926323816
0.3768299167575765
0.42939587721222117
0.42939587721222117
0.4127833220007632
0.4172218523448574
0.4531972629778933
0.44164631274618543
0.417504160326045
0.41576092031015005
0.48499831721109554
0.48172130155426374
0.40684591532920544
0.40684591532920544
0.25560386016907755
0.2566755791678991
0.37484156984116956
0.3725012249860177
0.5013404302281682
0.5023838037401822
0.5485671571703195
0.5485671571703195
0.49021490275956925
0.49021490275956925
0.45766226064270016
0.45766226064270016
0.539938185707536
0.539938185707536
0.3876085455912764
0.3876085455912764
0.5213148130002162
0.5213148130002162
0.5384541632358694
0.5384541632358694
0.40033365458176495
0.40033365458176495
0.4550849071626884
0.4550849071626884
0.3978771027906499
0.3978771027906499
0.3749174083222371
0.3749174083222371
0.07071067811865474
0.07071067811865474
0.2614604786978406
0.2614604786978406
0.2830692585361489
0.2830692585361489
0.477667946032248
0.477667946032248
0.602166228434198
0.602166228434198
0.4140041745221166
0.4140041745221166
0.3370929949476826
0.3370929949476826
0.4032389192727559
0.4032389192727559
0.4012558900604153
0.4012558900604153
0.39946773096848054
0.39946773096848054
0.5633333333333332
0.5633333333333332
0.45494792222879593
0.45494792222879593
0.2982793795006522
0.2982793795006522
0.3612614959015874
0.3612614959015874
0.3954331433909135
0.3954331433909135
0.10958925093990116
0.10958925093990116
0.5351269248720187
0.5351269248720187
0.48447799041724593
0.48347180451198446
0.27329251120456616
0.27386127875258304
0.5026536777728077
0.5026536777728077
0.33283782303465964
0.33283782303465964
0.5181341258569668
0.5181341258569668
0.37638632635454045
0.37638632635454045
0.46098719932299803
0.46098719932299803
0.4463941523742525
0.4463941523742525
0.33086205126864726
0.33086205126864726
0.37700284818683216
0.37700284818683216
0.37076515406493027
0.37076515406493027
0.462458305664815
0.462458305664815
0.3688555567816587
0.3688555567816587
0.07042952122737638
0.07042952122737638
0.17712297710801903
0.17712297710801903
0.5371066757775479
0.5371066757775479
0.39769889918682755
0.39769889918682755
0.5075440967059022
0.5075440967059022
0.457466241725923
0.457466241725923
0.39555722372544183
0.39555722372544183
0.3937373525365735
0.3937373525365735
0.3302891295379081
0.25332019855244947
0.38913246238131644
0.38913246238131644
0.27889955205754874
0.27754236856767417
0.2572615572134899
0.26374271260753085
0.5041126918647363
0.4870702841415181
0.4129200695076671
0.4129200695076671
0.44952825623039905
0.448294401167441
0.34994823633780764
0.3525573360346029
0.4023162610718308
0.4079039869200507
0.36802304347035014
0.36802304347035014
0.3964338956628481
0.38685897164933153
0.2575393768188564
0.2575393768188564
0.29160592175990213
0.2710575994548432
0.29070094986690553
0.2820213462985025
0.2263479546725356
0.2252464982349683
0.13273869559733403
0.13338778844417354
0.24599211895266876
0.24599211895266876
0.3953544942186387
0.3953544942186387
0.4511612151448735
0.4489657704123556
0.38814021812399596
0.3900382256192578
0.4690938281493833
0.4690938281493833
0.3696246621802185
0.3798920139074468
0.4157833774857576
0.4067446084099803
0.4927249935293596
0.4927249935293596
0.42600643361512924
0.4193988851160686
0.29692872320923525
0.29400324572482534
0.39683484362897314
0.3834824944236853
0.28272638809689454
0.2844435844500244
0.3743185529531862
0.37249704066937683
0.4824093803245153
0.4847683644670656
0.3908081237715353
0.3908081237715353
0.4510128944750077
0.43876820050736043
0.3508007479530413
0.3490936782218598
0.3018189087050355
0.30329480459055524
0.4311563725082695
0.4305085996528464
0.2749427262307648
0.2776643759450143
0.3163009923153804
0.3163009923153804
0.3459993009592783
0.3584205057414326
0.571451762052612
0.5752735424010976
0.4742021982949098
0.4546762254239429
0.26778477080183133
0.2704493615131253
0.03779644730092272
0.03742405942825599
0.19418390934515437
0.19810721293758185
0.3742697169310832
0.35644734945817447
0.17857142857142855
0.21004201260420144
0.3041850007377803
0.3041850007377803
0.42452225675707767
0.42452225675707767
0.38658766652856874
0.384706450174756
0.31644698806466953
0.3244191939621925
0.44543540318737396
0.44543540318737396
0.39858197079022023
0.4079247332182929
0.5518682727541411
0.5518682727541411
0.21613144789263336
0.21507970711155808
0.3963851985339723
0.3983235240222833
0.44879407527769044
0.44646891352113277
0.3840823711428788
0.39390689647671684
0.3550616225395343
0.34300157606126014
0.1802552194697271
0.16386838133611553
0.3419355139665791
0.3614512034083796
0.4662555066677537
0.4662555066677537
0.4264160834158487
0.4264160834158487
0.3522511637353967
0.3522511637353967
0.3579764193838746
0.3579764193838746
0.539720786558296
0.5436893217535776
0.34655164004183603
0.34655164004183603
0.3678632668323614
0.3678632668323614
0.21783245945486837
0.21783245945486837
0.36652099188726145
0.37392620444591607
0.3381623005253523
0.3395498750508662
0.434327390672963
0.434327390672963
0.4544193296164465
0.4544193296164465
0.3840439625053673
0.3736643959511682
0.4614826057179503
0.4576686998855706
0.48362833849237696
0.48362833849237696
0.23394063435428417
0.23394063435428417
0.45120136040902536
0.45120136040902536
0.38611814396028415
0.38611814396028415
0.4333259681407939
0.4333259681407939
0.37942536288498574
0.37942536288498574
0.4035263987329966
0.4035263987329966
0.42870620308221685
0.4322492295539707
0.290821447675134
0.290821447675134
0.3985266984930428
0.3985266984930428
0.43926551665909663
0.4364131431742973
0.4115966043420211
0.4115966043420211
0.4546075594035864
0.4546075594035864
0.30466201889983313
0.30466201889983313
0.04428074427700477
0.04428074427700477
0.0
0.0
0.18863881947270345
0.18863881947270345
0.43914146148554595
0.43914146148554595
0.3398218413540201
0.3398218413540201
0.12812442652769462
0.12812442652769462
0.37069974460956245
0.37069974460956245
0.39099650075788045
0.39099650075788045
0.13201967239688991
0.13201967239688991
0.4351661464205253
0.43810645822066396
0.2278909546875542
0.2278909546875542
0.49816333730056905
0.49816333730056905
0.3823693353426772
0.3823693353426772
0.44327723074685
0.44327723074685
0.22754551365455156
0.22754551365455156
0.46575431649458
0.46575431649458
0.13338778844417354
0.13338778844417354
0.4564578383267557
0.4564578383267557
0.4198217185795124
0.4198217185795124
0.3813260621770259
0.3813260621770259
0.41294244073204306
0.41294244073204306
0.42008402520840293
0.42008402520840293
0.32068638354674817
0.32068638354674817
0.28005601680560194
0.28005601680560194
0.34557652057318533
0.34557652057318533
0.4842635290596868
0.4842635290596868
0.37604548457160425
0.37604548457160425
0.4372676703144537
0.4372676703144537
0.49612842504536014
0.49612842504536014
0.4576500478466926
0.4576500478466926
0.3733125861404395
0.3733125861404395
0.4231416929164348
0.4231416929164348
0.3312011886169586
0.3312011886169586
0.4979123082096552
0.4979123082096552
0.14061024795535126
0.14061024795535126
0.4010170987405551
0.4010170987405551
0.45120238038083704
0.45120238038083704
0.3679192891894674
0.3679192891894674
0.40416910447195964
0.40416910447195964
0.28024829696337616
0.28024829696337616
0.35759926992607577
0.35759926992607577
0.280056016805602
0.280056016805602
0.369944013624387
0.369944013624387
0.32785294661987585
0.32785294661987585
0.40998591134356344
0.40998591134356344
0.3257282322278798
0.3257282322278798
0.29573280278867425
0.29573280278867425
0.2940032457248253
0.2940032457248253
0.08891787425369735
0.08891787425369735
0.3147557901458535
0.3147557901458535
0.44528817614544536
0.44528817614544536
0.4622118830817568
0.4622118830817568
0.4430307445708117
0.4430307445708117
0.41233620470822985
0.41233620470822985
0.4341040904942812
0.4341040904942812
0.3532381400708494
0.3532381400708494
0.3329293976992186
0.3329293976992186
0.44792388848944786
0.44792388848944786
0.21004201260420152
0.21004201260420152
0.44326393420459953
0.44326393420459953
0.40545399149666295
0.40545399149666295
0.23616396947735876
0.23616396947735876
0.5278048181058668
0.5278048181058668
0.3150630189063022
0.3150630189063022
0.37002275024624787
0.37002275024624787
0.4400350774234787
0.4400350774234787
0.43944789803156337
0.43944789803156337
0.29726421424701527
0.29726421424701527
0.40956102914035164
0.40956102914035164
0.38844249762931077
0.38844249762931077
0.3556006954818863
0.3556006954818863
0.318287903544077
0.318287903544077
0.546983021588761
0.5416980375354059
0.46028355888452194
0.4647742365317845
0.4952843963740575
0.4952843963740575
0.34188040873741105
0.34188040873741105
0.435680046951789
0.435680046951789
0.4487855958056747
0.4487855958056747
0.3870904804999077
0.3870904804999077
0.4621612948931684
0.4621612948931684
0.2266037346830719
0.2266037346830719
0.17850138682385416
0.17850138682385416
0.1688801323682996
0.1688801323682996
0.3991790346691251
0.3989489505932019
0.4223149013834595
0.4259872048737504
0.3729283213981396
0.3765667326440079
0.15099608472228407
0.15099608472228407
0.303298512169703
0.303298512169703
0.4250951450592457
0.4250951450592457
0.38697355953339696
0.38697355953339696
0.38520153381558464
0.38520153381558464
0.4095036694739086
0.4095036694739086
0.3274888703301788
0.3274888703301788
0.36667939881128453
0.36667939881128453
0.3055661656760704
0.3055661656760704
0.2718574730832161
0.2718574730832161
0.4780510353793995
0.4780510353793995
0.4254232623169343
0.4254232623169343
0.3624927119040808
0.3624927119040808
0.19681830757831292
0.19681830757831292
0.3963599612295934
0.3963599612295934
0.46510681414153066
0.46510681414153066
0.4772899487129165
0.10315736767992338
0.18015093964441797
0.18015093964441797
0.1001905432204711
0.1001905432204711
0.17532837177896832
0.17532837177896832
0.1856328376407397
0.1856328376407397
0.06124949469375315
0.04899959575500252
0.08696565534786725
0.09258200997725513
0.1610152971798826
0.15124753549550501
0.04338609156373124
0.04338609156373124
0.17350188119991933
0.17350188119991933
0.15031867797664442
0.05466133744605251
0.03277807748610647
0.09833423245831942
0.030082841879809342
0.030082841879809342
0.03241018617760822
0.03450327796711771
0.1392115115974261
0.13076644524148537
0.1276106574454202
0.1276106574454202
0.1218990911852172
0.1218990911852172
0.12007302660701853
0.12007302660701853
0.093528909314832
0.093528909314832
0.19996695034266454
0.19996695034266454
0.18390806541504298
0.18390806541504298
0.16750879028607746
0.16750879028607746
0.16398401233815754
0.16398401233815754
0.14976902946919213
0.14976902946919213
0.09140375378674888
0.09140375378674888
0.197882982856741
0.197882982856741
0.10793353340882882
0.10793353340882882
0.11669000700233415
0.11669000700233415
0.16372433836314546
0.16372433836314546
0.22811444297769184
0.22811444297769184
0.14930178053803184
0.14509525002200235
0.1358036190637778
0.1397407711600208
0.14134285422946363
0.14134285422946363
0.11504474832710555
0.11504474832710555
0.06540699401677286
0.06540699401677286
0.0
0.0
0.11095900821829636
0.11095900821829636
0.07067142711473182
0.07067142711473182
0.1525478508542764
0.1525478508542764
0.08759357437106756
0.08759357437106756
0.04428074427700476
0.04428074427700476
0.09934646294640047
0.09934646294640047
0.26162797606709143
0.26162797606709143
0.1412895474750769
0.1412895474750769
0.08408409924953907
0.08408409924953907
0.1438234930593239
0.1438234930593239
0.07370861521608521
0.3328334199934203
0.0876384136749365
0.08232195521312126
0.4069016223546087
0.4027653314523386
0.3983019889907005
0.3863550626166989
0.29109086821372976
0.29109086821372976
0.19352523826151127
0.19518001458970666
0.23360851929505053
0.23098630955841232
0.30328656257995107
0.30586777135731963
0.4059083770319887
0.4059083770319887
0.44764317364473083
0.44386552657909395
0.267674639285431
0.267674639285431
0.0
0.0
0.2754865825096699
0.2760262237369417
0.17266633892068628
0.16219178352731237
0.6172436546656623
0.6172436546656623
0.6082191882274214
0.6082191882274214
0.48520247454417853
0.4893319317658918
0.5831827374012166
0.5857711628007248
0.5006507142190468
0.49817224533677434
0.45928582418403624
0.46814083794926953
0.5909127030326
0.6076164442163865
0.2694977766525139
0.2695142743279389
0.49686310260018035
0.5040593455913086
0.6156062870336658
0.606407314553894
0.48208216903069057
0.4891304944825294
0.08199200616907877
0.08199200616907877
0.3050957017085529
0.3050957017085529
0.547030383295755
0.5566561895230496
0.35676978730104797
0.3537590179663293
0.517077208381556
0.5027801427120199
0.5401490394666449
0.5276071977542789
0.2869022920265156
0.2939975745300152
0.0
0.0
0.5041841733655162
0.48536267169707553
0.4241898419838518
0.42061011686753613
0.11183616817827974
0.11183616817827974
0.3920461576821289
0.3920461576821289
0.4469678573041643
0.4277020013858813
0.49288005532980594
0.5094939897791253
0.04619726191168247
0.04619726191168247
0.08898624633166126
0.1016985672361843
0.5720372586180513
0.57690574860444
0.15724272550828772
0.16598500055174645
0.6290969356787469
0.6524892648803421
0.27008488481340187
0.27008488481340187
0.25552902682603723
0.25552902682603723
0.6037491352557641
0.596830033588269
0.5907784316642238
0.6070467215623712
0.3817254061682111
0.3779830002253855
0.27285879313263506
0.2751810375005519
0.29702155695332283
0.3293065087960753
0.426459094266436
0.42286021899943965
0.36563621206356534
0.36563621206356534
0.6289945275717839
0.6546941251291933
0.5906882579690683
0.595337461182709
0.15450054282205716
0.15450054282205716
0.5703836302729948
0.5703836302729948
0.36731544334622657
0.36731544334622657
0.10275246654751793
0.10275246654751793
0.7101591521675477
0.7101591521675477
0.5648632448097433
0.5648632448097433
0.5254407262446941
0.5254407262446941
0.28623901395379997
0.28623901395379997
0.3867152807586452
0.3867152807586452
0.23390037142659997
0.23390037142659997
0.4855767960671685
0.4855767960671685
0.5883588049480073
0.5772859727064161
0.35909242322980395
0.3605980584422523
0.4534824180331651
0.4534824180331651
0.4326691482878408
0.4326691482878408
0.5765766805682679
0.5765766805682679
0.5365113969982453
0.5365113969982453
0.5312217988468287
0.5312217988468287
0.4748113672211042
0.4748113672211042
0.32077942253340336
0.32077942253340336
0.5731920435269049
0.5731920435269049
0.38165201860506665
0.38165201860506665
0.3787006816776458
0.3787006816776458
0.28988551782622424
0.28988551782622424
0.45894838548231365
0.45894838548231365
0.4840494009283729
0.4840494009283729
0.3590476325567601
0.36524715386363166
0.09569487529386911
0.09569487529386911
0.5237229365663818
0.5237229365663818
0.5730545416769646
0.5730545416769646
0.31654986484807485
0.31654986484807485
0.14712247158412495
0.14439774556447693
0.5404586451360176
0.5319905424744221
0.4272127451443063
0.4272127451443063
0.30550504633038933
0.30550504633038933
0.0
