0.9901960784313724
0.40904799405193093
0.4070574810518275
0.9953328775594532
0.9901980594198068
0.9901960784313724
0.9901960784313724
0.16810223724982595
0.17327582002091801
0.9903538022316929
0.4266033793069601
0.4266033793069601
0.9901960784313724
0.41548125936123587
0.3780512716033234
0.9897959183673473
0.4686136380349381
0.42922034727665315
0.9903538022316929
0.18333969940564226
0.1824475301237764
0.995133791073302
0.47157225909322853
0.47157225909322853
0.9901960784313724
0.4354635265692596
0.4374715602601503
0.995133791073302
0.40810700363130026
0.40810700363130026
0.9901960784313724
0.3731161833457641
0.3731161833457641
0.9901960784313724
0.49819729630057336
0.49309151331809503
0.9901475429766742
0.4606056776776105
0.4528008418168311
0.9903538022316929
0.3522080650827642
0.3504941470524034
0.995133791073302
0.1904101148539587
0.20401083734352718
0.9901960784313724
0.32263691513537907
0.3379651542093316
0.995133791073302
0.4398701030259122
0.4512365874254052
0.9901980594198068
0.19403925042384587
0.19403925042384587
0.9901980594198068
0.4350377971764875
0.4390883441575789
0.9901960784313724
0.32255723159566385
0.3081578172139684
0.9901475429766743
0.4372631476231092
0.4170043147427374
0.9897959183673473
0.29349860871478256
0.28768617953126785
0.9901960784313724
0.29939247542604785
0.29939247542604785
0.995133791073302
0.4766728188734411
0.4847405918956727
0.9897959183673473
0.20763488362498045
0.21917850187980234
0.9901960784313724
0.39617313148736377
0.39424527025840206
0.995133791073302
0.45203358871335814
0.44476621459586274
0.9903538022316929
0.4513313968238333
0.4355609281042807
0.9897959183673473
0.25843829535236884
0.2533201985524494
0.9901960784313724
0.2814668872804994
0.2814668872804994
0.9901960784313724
0.4274158880319854
0.4274158880319854
0.9901960784313724
0.4390296137088098
0.4390296137088098
0.9901960784313724
0.4285750671017293
0.43200366763854314
0.9901980594198068
0.366529703194182
0.3742405942825599
0.9901960784313724
0.16236272901568413
0.1476024809233492
0.980392156862745
0.29450754468697576
0.29450754468697576
0.9901960784313724
0.407862331228005
0.407862331228005
0.9901960784313724
0.4431156104305284
0.4431156104305284
0.9901960784313724
0.16477051091432696
0.16477051091432696
0.9901960784313724
0.38992386540013696
0.38992386540013696
0.9901960784313724
0.4392964564517665
0.4392964564517665
0.980392156862745
0.4084500440173022
0.4084500440173022
0.9901960784313724
0.3134677528639293
0.3134677528639293
0.9901960784313724
0.2983904700399789
0.2983904700399789
0.9901960784313724
0.360078967373961
0.360078967373961
0.9901960784313724
0.30888126640977454
0.30888126640977454
0.9901960784313724
0.3514132854159258
0.3514132854159258
0.9901960784313724
0.44678693706120076
0.43938162871212016
0.9901960784313724
0.45101843502648153
0.45101843502648153
0.9901960784313724
0.47003557716417077
0.47003557716417077
0.9901960784313724
0.45051722955206647
0.45051722955206647
0.9901960784313724
0.4325275048338739
0.4325275048338739
0.9901960784313724
0.26568446566202863
0.26568446566202863
0.9901960784313724
0.46738747807818937
0.46738747807818937
0.9901960784313724
0.18172434016970185
0.18172434016970185
0.9901960784313724
0.24287224646833397
0.24287224646833397
0.9901960784313724
0.3830869476506332
0.3830869476506332
0.9901960784313724
0.3217096034169094
0.3217096034169094
0.9901960784313724
0.40027837133154187
0.40027837133154187
0.9901960784313724
0.4107488246482162
0.4107488246482162
0.9901960784313724
0.15089863644835708
0.15089863644835708
0.9901960784313724
0.4635206771306597
0.4635206771306597
0.9901960784313724
0.4423788574877583
0.4423788574877583
0.9901960784313724
0.35146751167740364
0.35146751167740364
0.9901960784313724
0.4090008225135105
0.4090008225135105
0.9901960784313724
0.3902967087276443
0.3902967087276443
0.9901960784313724
0.13584712216226488
0.13584712216226488
0.9901960784313724
0.3418364320313313
0.3418364320313313
0.9901960784313724
0.23342489046196313
0.23342489046196313
0.9901960784313724
0.3315942567826254
0.3315942567826254
0.9901960784313724
0.32954102182865386
0.32954102182865386
0.9901960784313724
0.42576344347997
0.42576344347997
0.9901960784313724
0.13584712216226488
0.13584712216226488
0.9901960784313724
0.47990019113928517
0.47990019113928517
0.980392156862745
0.39134786718871123
0.39134786718871123
0.9901960784313724
0.40749989700141775
0.40749989700141775
0.9901960784313724
0.2189839359276689
0.2189839359276689
0.9901960784313724
0.3604809621383231
0.3604809621383231
0.9901960784313724
0.4222003309207491
0.4222003309207491
0.9903379376602869
0.32954102182865386
0.3327561323230812
0.9901960784313724
0.18172434016970185
0.18172434016970185
0.9901960784313724
0.3684146426892085
0.3684146426892085
0.9901960784313724
0.3112125598879407
0.3112125598879407
0.9901960784313724
0.44248602784297775
0.44248602784297775
0.9901960784313724
0.4233545078134463
0.42341515917871025
0.9903846153846153
0.39223227027636803
0.3795565581410585
0.9901960784313724
0.5189238129525804
0.5152949750997652
0.9901960784313724
0.36753936063179565
0.36753936063179565
0.9901960784313724
0.4602586297186938
0.4602586297186938
0.9901960784313724
0.38990105725714036
0.38990105725714036
0.9901960784313724
0.45734570873759217
0.45734570873759217
0.9901960784313724
0.27578010133067693
0.27578010133067693
0.9901960784313724
0.26358416026281706
0.26358416026281706
0.9901960784313724
0.23883257361061286
0.23883257361061286
0.16810223724982595
0.20461495722482564
0.20461495722482564
0.9411764705882353
0.10846522890932808
0.10846522890932808
0.9411764705882353
0.15872016155435098
0.15872016155435098
0.9393364366277238
0.14161029600925518
0.13301971084313102
0.9411764705882354
0.10635890745287928
0.10635890745287928
0.9411764705882353
0.057567366250340375
0.057567366250340375
0.9411764705882353
0.10226199851298272
0.10886621079036346
0.9393364366277238
0.10475943427376404
0.10475943427376404
0.9411764705882353
0.2880110547306454
0.2880110547306454
0.9411764705882353
0.08856148855400953
0.08856148855400953
0.9411764705882353
0.12964074471043288
0.12964074471043288
0.9411764705882353
0.08141255010133056
0.08141255010133056
0.9411764705882353
0.08444006618414981
0.08444006618414981
0.9411764705882353
0.20353137525332637
0.20353137525332637
0.9411764705882353
0.11778571185788636
0.11778571185788636
0.8574929257125444
0.15851687954073712
0.1631125233746515
0.9411764705882353
0.15635262099882086
0.15635262099882086
0.9411764705882353
0.026306682088232818
0.026306682088232818
0.9411764705882353
0.14482039269550928
0.14482039269550928
0.9411764705882353
0.08618128166583652
0.08618128166583652
0.9411764705882353
0.20617717870170266
0.20617717870170266
0.9411764705882353
0.08747480336813908
0.08747480336813908
0.9411764705882353
0.18323156627951162
0.18323156627951162
0.18935242733246035
0.5798904594250218
0.5892484584905836
0.9915610305527969
0.5339875965112482
0.5389363145615884
0.9915966386554623
0.630923141351712
0.6142902181292766
0.9930128044350233
0.4294109424583883
0.4240433702026007
0.9914529914529914
0.4224095377771143
0.418844836593606
0.9915966386554622
0.2845779440362048
0.2845779440362048
0.9930128044350233
0.2898275349237888
0.29817371283399563
0.9915966386554622
0.5301060318106038
0.5301060318106038
0.991561030552797
0.48706580402256855
0.515884252668893
0.9915966386554623
0.593271908869711
0.5933082268219885
0.9930128044350233
0.6106801431057268
0.5937750405015734
0.9930128044350233
0.6975029703385761
0.6874520166686938
0.9915610305527969
0.5742550526710136
0.5742550526710136
0.9915966386554622
0.1981654711987846
0.19985201625794735
0.991561030552797
0.4903140135572286
0.4870669008846642
0.9930128044350233
0.4296460374327029
0.44075422050658325
0.9915966386554623
0.49626021429069855
0.49562471579162337
0.9915610305527969
0.4627725041842686
0.4627725041842686
0.9915966386554622
0.4237818479629673
0.4237818479629673
0.9915966386554622
0.4582996945652594
0.4448202917839282
0.9915966386554623
0.11715583722580121
0.1181529261597611
0.9924419302614059
0.3683394230722322
0.38818910956966796
0.9915966386554622
0.1929594643452705
0.20099944202632344
0.9930128044350233
0.43915503282684004
0.4491822635438235
0.9915966386554622
0.562377904582875
0.5350053917772877
0.9914529914529914
0.38848388955202706
0.38520548587736686
0.9915966386554622
0.3055661656760704
0.30932024237944566
0.9878634625574552
0.4223345457556545
0.4223345457556545
0.9915966386554623
0.5075144854183629
0.5075144854183629
0.9915966386554623
0.46329613006171627
0.46329613006171627
0.9915966386554623
0.4402443935479703
0.4402443935479703
0.9915966386554623
0.5859896933671036
0.5859896933671036
0.9915966386554623
0.21821789023599236
0.21821789023599236
0.9790880682441959
0.47387910220727386
0.4758660253963217
0.9915966386554623
0.41540919653772057
0.41540919653772057
0.9915966386554623
0.06669961288398127
0.06669961288398127
0.9915966386554623
0.7073950079874084
0.7073950079874084
0.9915966386554623
0.6299478297042262
0.6299478297042262
0.9915966386554623
0.401886308602342
0.401886308602342
0.9915966386554623
0.6736464997201239
0.6736464997201239
0.9915966386554623
0.5033707086401791
0.483598158762685
0.9904761904761906
0.5611039822027462
0.5611039822027462
0.9904761904761906
0.3347309635022892
0.3347309635022892
0.9908273061165046
0.5670328179740378
0.5639769582711142
0.9904761904761906
0.5777788355748971
0.5777788355748971
0.44968782514453043
0.4116571466096638
0.4129958725714223
0.9967846334888263
0.3376783562641877
0.3387694038769295
0.9967793797189022
0.37581338492085936
0.3752106365218307
0.9983961497295918
0.3666197672714926
0.3690004401256049
0.9967846334888263
0.2997253593368354
0.30069377982253204
0.9967793797189023
0.08661800926137128
0.07571919860738666
0.9969142294282091
0.136147096098501
0.136147096098501
0.9968005324337069
0.4369504680164409
0.4263530541779058
0.9969142294282092
0.4152833268890944
0.4146172746129669
0.9984013443390676
0.5358758168142935
0.5358758168142935
0.9967793797189021
0.2696752322371251
0.2696752322371251
0.9983961497295918
0.36795249183978246
0.3697343545219152
0.9984013443390676
0.3684626893161306
0.36905459763233894
0.9969748649884267
0.3587636491955159
0.3626851047923452
0.9967845659163977
0.47961716373298363
0.47961716373298363
0.9969748649884268
0.3225873588078182
0.3321525526713746
0.9967427412729104
0.2573861860298713
0.25531546706221886
0.9983961497295918
0.4406450876291192
0.4420688234475558
0.996758500385432
0.3391655663608854
0.3369773785727892
0.9969142294282092
0.4781502577415789
0.5065089707278914
0.9969748649884268
0.42469860660927883
0.4225074108611938
0.9983961497295918
0.4185324874886725
0.41920482926744995
0.9967845659163979
0.4553991830672892
0.4546687909643826
0.9999999999999993
0.3892806606928127
0.38990601155487914
0.9967845659163979
0.16681088656715073
0.16681088656715073
0.9967793797189023
0.34158081643028826
0.3404807143252586
0.9969142294282092
0.3568934480369232
0.38358841898283974
0.9967845659163977
0.3816803750825572
0.384158845118881
0.996758500385432
0.2518063710864305
0.26275447417714487
0.9967793797189023
0.3593809214109956
0.36700706970474806
0.9967159188810127
0.4414961038642289
0.4379412598017295
0.9969142294282092
0.5420061462387419
0.5420061462387419
0.9967845659163977
0.40206805453677713
0.40734130348067854
0.9967159188810127
0.44942586324929834
0.44506945156936717
0.9969748649884267
0.2888161925727372
0.29400068043596217
0.9967845659163979
0.42964253942404707
0.4290581651605165
0.9967165037378094
0.5128376845798902
0.511153484022856
0.9967379219256485
0.48927107952372584
0.5125415720108184
0.9967845659163977
0.3587073374104737
0.35986633021203923
0.996758500385432
0.48249685906487794
0.477370380158617
0.9967793797189023
0.261800527105187
0.26138063825899605
0.9983961497295918
0.4199875318052215
0.4199875318052215
0.9967845659163977
0.4788982623149989
0.46874869954043497
0.9969748649884267
0.44762410935638697
0.4490756348187558
0.9999999999999993
0.5495919727524714
0.5493061155765729
0.9967793797189023
0.38919870445696886
0.39743697311744725
0.9967427412729104
0.3728221820416655
0.37159780375288254
0.9967638229455799
0.5033396805960467
0.5033396805960467
0.9967793797189021
0.29932370490132626
0.30029082763102266
0.9967793797189022
0.3924754966485543
0.39123612161036103
0.9968005324337069
0.499948884995754
0.5017641577181698
0.9967638229455799
0.5508634991653838
0.5508634991653838
0.996763754045306
0.5000231155082067
0.4992082661163504
0.9983961497295918
0.38339440840106376
0.38339440840106376
0.9967845659163977
0.021432398984452372
0.021432398984452372
0.9969748649884268
0.18207699786637835
0.177646236673731
0.9983961497295919
0.43269746327420916
0.4320034813307315
0.9984013443390676
0.3419201443513801
0.3408189493999658
0.9967846334888263
0.24916030663408792
0.24835265359616784
0.9967793797189023
0.4181660808739675
0.4181660808739675
0.9968005324337069
0.36664182727588074
0.3807994677625782
0.9969142294282091
0.2932591951945802
0.29713066651082437
0.9967845659163979
0.4536524451709085
0.4565982712223999
0.996758500385432
0.35650554661338396
0.3642883416995091
0.9967846334888263
0.550692577773167
0.5504552253729782
0.9969748649884267
0.2200469368916723
0.22147582811918928
0.9967846334888263
0.35846808193059787
0.35846808193059787
0.9967846334888263
0.502338000997085
0.4982965998524386
0.9983961497295918
0.4511733840205585
0.4511733840205585
0.9967845659163979
0.35989447281808384
0.3593172559705359
0.9983961497295918
0.16557719165700782
0.16557719165700782
0.9983961497295918
0.462183977591893
0.4614450738778187
0.9984012779544527
0.46586241257085703
0.46586241257085703
0.9999999999999992
0.4682752308508542
0.46902748070260836
0.9951703724072625
0.2694079530401624
0.2694079530401624
0.9967741935483855
0.2708741055639848
0.2708741055639848
0.9967741935483855
0.5429225229397597
0.5429225229397597
0.9967741935483855
0.43814198641916435
0.43814198641916435
0.9967741935483855
0.5027033323409085
0.4979079604193255
0.9968509011226327
0.18174778695906074
0.18145535267959767
0.9951703724072625
0.4165158394729601
0.4165158394729601
0.9967741935483855
0.34316678286252456
0.34316678286252456
0.9967741935483855
0.5239560880348646
0.5239560880348646
0.9967741935483855
0.4313318715764585
0.4313318715764585
0.9967741935483855
0.35127760941999964
0.35127760941999964
0.9999999999999983
0.5250497385127615
0.5284702941572004
0.9967320261437902
0.48671890613851376
0.48671890613851376
0.9967320261437902
0.35374346914457516
0.35374346914457516
0.9967320261437902
0.4805798496090301
0.4805798496090301
0.9967320261437902
0.23884865823693074
0.23730269598487658
0.9999999999999983
0.5266134612664958
0.5257661341508391
0.9951703724072625
0.41352255078137745
0.41352255078137745
0.9967741935483855
0.41368770977926195
0.41368770977926195
0.9967741935483855
0.4755645719084193
0.4783690854136677
0.995139070395683
0.3199525672347278
0.3199525672347278
0.9967532467532475
0.4004370789867057
0.4004370789867057
0.9967532467532475
0.49572184939159003
0.49572184939159003
0.9967532467532475
0.4474071525726428
0.4474071525726428
0.9967532467532475
0.5113369250556636
0.5113369250556636
0.9967532467532475
0.3896103896103896
0.3896103896103896
0.9967532467532475
0.0
0.0
0.9967532467532474
0.03603749850782236
0.03603749850782236
0.9967532467532474
0.20160491225300203
0.20160491225300203
0.9967532467532474
0.5318746530785754
0.5318746530785754
0.9967532467532474
0.21790770118049116
0.21790770118049116
0.9967532467532474
0.2580623849056101
0.2580623849056101
0.9967532467532475
0.49286027980681846
0.49286027980681846
0.9967532467532475
0.49168373931513154
0.49168373931513154
0.9967532467532475
0.18993429409939658
0.18993429409939658
0.9935064935064942
0.5025445456953676
0.5025445456953676
0.9967532467532474
0.25292254539643944
0.25292254539643944
0.9967532467532474
0.5767716538954473
0.5767716538954473
0.9967532467532474
0.3772167680771589
0.3772167680771589
0.9967532467532474
0.5298105029719067
0.5298105029719067
0.9967532467532474
0.33240197266046934
0.33240197266046934
0.9967532467532474
0.4639827932882128
0.4639827932882128
0.9967532467532474
0.23028309323591917
0.23028309323591917
0.9967532467532474
0.4577377082170634
0.4638007234913623
0.9966666666666656
0.4161532417262311
0.4161532417262311
0.9966666666666656
0.4285865101435775
0.4285865101435775
0.9966666666666656
0.40433665687758663
0.40433665687758663
0.9966666666666656
0.37558842722675395
0.37558842722675395
0.9966666666666656
0.35959747611403803
0.35959747611403803
0.9966832412776437
0.42723894085485864
0.4286607049870561
0.9966666666666656
0.48655845531116054
0.48574954626411815
0.9966777408637884
0.40756957296961116
0.40756957296961116
0.9966777408637884
0.3847434809695931
0.3847434809695931
0.9966777408637884
0.4883104071631469
0.48923000378662773
0.9950262438868792
0.5710544554524837
0.5710544554524837
0.9966777408637884
0.5315571824152928
0.5315571824152928
0.9966777408637884
0.4290575895228358
0.4290575895228358
0.9966777408637884
0.44666333301822564
0.44666333301822564
0.9966777408637884
0.34704135464386765
0.34704135464386765
0.9966777408637884
0.5407240834373039
0.5407240834373039
0.9966777408637884
0.1562645342077427
0.1562645342077427
0.9917094897405897
0.4255797542340598
0.4262861111586828
0.9966777408637884
0.5068450435301427
0.5068450435301427
0.9966777408637884
0.4711856727004855
0.4711856727004855
0.9966777408637884
0.43952894355940697
0.43952894355940697
0.9966777408637884
0.3504483742484741
0.3504483742484741
0.9966777408637884
0.36082411115809326
0.36082411115809326
0.9966777408637884
0.32605565837568895
0.32605565837568895
0.9966777408637884
0.4174144464476548
0.4174144464476548
0.9950097720323146
0.44348747118227005
0.4400475795985357
0.9966101694915238
0.4659040129360758
0.4659040129360758
0.9966101694915238
0.38306676657626404
0.38306676657626404
0.9966101694915238
0.30914772180192185
0.3081050620972703
0.9966273091110798
0.27810903036104667
0.27810903036104667
0.9966273091110798
0.03126526997403612
0.03137107491256936
0.9966101694915238
0.37016282551761315
0.36891438072857313
0.9966329966329959
0.5414783858623958
0.5414783858623958
0.9966329966329959
0.43258548483890263
0.43258548483890263
0.9966329966329959
0.5151399012192069
0.5151399012192069
0.9966329966329959
0.46511640189705145
0.46511640189705145
0.9966329966329959
0.5110902824490999
0.5110902824490999
0.9915980391197522
0.4753214127235724
0.47612094468095106
0.9966329966329959
0.4279777834946379
0.4279777834946379
0.9966329966329959
0.4780227695291386
0.4780227695291386
0.9966329966329959
0.1914756526345176
0.1914756526345176
0.9966329966329959
0.522106286085716
0.522106286085716
0.9966329966329959
0.5128883747947717
0.5128883747947717
0.9915980391197522
0.2504284174062393
0.2508496597853796
0.9966329966329959
0.5184639692028641
0.5184639692028641
0.9966329966329959
0.45133546692422
0.45133546692422
0.9966329966329959
0.37104663674681626
0.37104663674681626
0.9966329966329959
0.5200839353181395
0.5200839353181395
0.9966329966329959
0.4314477791658987
0.4314477791658987
0.9966329966329959
0.3819143697985005
0.3819143697985005
0.9966329966329959
0.3296925302191247
0.33137036563625244
0.9965986394557825
0.35889959601218724
0.35889959601218724
0.9965986394557825
0.3118539945301571
0.3118539945301571
0.9965986394557825
0.26004787909562815
0.26004787909562815
0.9965986394557825
0.4794815123342702
0.47625264387254485
1.0000000000000018
0.5610408877643012
0.562156708981091
0.9949080553047686
0.4827436623382701
0.4827436623382701
0.9965986394557825
0.4518607364562333
0.4518607364562333
0.9965986394557825
0.5453220088117302
0.5453220088117302
0.9965986394557825
0.5477591654893558
0.5477591654893558
0.9965986394557825
0.42037893450250247
0.42037893450250247
0.9965986394557825
0.4028855650966874
0.4028855650966874
0.9965986394557825
0.307568261258761
0.307568261258761
