0.0
0.0
0.0512989176042577
0.0
0.0
0.26207120918047955
0.19611613513818407
0.0
0.0
0.0
0.0
0.08972229068318688
0.08178608201095308
0.11566298639324805
0.15534712747612348
0.20180183819889372
0.0
0.15713484026367724
0.08606629658238704
0.11694106924093721
0.13355611265883557
0.0659380473395787
0.07071067811865475
0.16878498775964423
0.24112141108520604
0.27681826617913324
0.07744030926623663
0.13987572123604708
0.14907119849998596
0.07647191129018724
0.0
0.09100315103865803
0.18200630207731605
0.31497039417435607
0.2970442628930023
0.31311214554257466
0.253546276418555
0.2545875386086578
0.0890870806374748
0.15724272550828775
0.043852900965351466
0.0
0.12510864843424488
0.26064301757134345
0.24019223070763068
0.3209703693831847
0.2520920866827581
0.2615328904829707
0.2588414429342565
0.05143444998736397
0.0
0.11470786693528086
0.20295302744752147
0.10425720702853737
0.0
0.0
0.1257389226923863
0.0
0.2165063509461097
0.04564354645876384
0.2656844656620286
0.16169041669088863
0.20851441405707477
0.11145564251507058
0.10690449676496977
0.11094003924504584
0.0
0.0
0.06201736729460423
0.3308465799422135
0.2546858159868053
0.0
0.22677868380553634
0.0
0.0
0.0
0.0
0.14509525002200233
0.23180022278587675
0.20156929930231737
0.15713484026367724
0.046225016352102424
0.06362847629757777
0.26315789473684204
0.04335549847620599
0.1182165609358651
0.0
0.1732050807568877
0.0512989176042577
0.0
0.1563858105428061
0.14744195615489716
0.0
0.07106690545187014
0.2901294265928297
0.30618621784789724
0.24253562503633297
0.25286086871208685
0.10767638041163309
0.07453559924999299
0.20732210721568237
0.23000322710873394
0.21969401455243584
0.33275613232308116
0.06262242910851494
0.15191090506254998
0.08178608201095308
0.0
0.0899842541331695
0.0
0.10540925533894598
0.0
0.11197850219117086
0.20341905108624309
0.30860669992418377
0.06388765649999398
0.20965696734438366
0.0
0.0
0.2882306768491568
0.30382181012509996
0.19026059766179765
0.20683507599800763
0.17407765595569785
0.3061862178478973
0.0
0.0
0.2927700218845599
0.14824986333222023
0.13259870882635919
0.07755667343294811
0.0
0.0
0.23094010767585027
0.11009637651263604
0.05504818825631802
0.0
0.21320071635561041
0.1875
0.08451542547285165
0.07755667343294811
0.1025978352085154
0.15811388300841897
0.050251890762960605
0.14213381090374028
0.0
0.04767312946227961
0.0
0.0
0.27277236279499045
0.08908708063747481
0.040422604172722164
0.23338001400466826
0.2182178902359924
0.19518001458970666
0.14907119849998599
0.0
0.0
0.0
0.04822428221704121
0.25809709637054695
0.10832372170111786
0.06201736729460423
0.12909944487358058
0.16012815380508716
0.28644594961577313
0.0
0.0
0.0761386987626881
0.04188539082916955
0.17699808135119716
0.03742405942825599
0.11961783342433499
0.14704292441876154
0.08451542547285165
0.0
0.04667600280093366
0.10369516947304254
0.07838618016696206
0.3273268353539886
0.22388336779724755
0.5098284237156423
0.02463323195410733
0.0
0.034299717028501764
0.0
0.0
0.12677313820927746
0.14992352790734176
0.10210462507669134
0.04351941398892446
0.06454972243679029
0.0
0.0
0.056613851707229795
0.13608276348795434
0.07106690545187014
0.05698028822981897
0.05976143046671968
0.18380365552345193
0.028194193721730043
0.03575992699260758
0.19134594929397594
0.11128297681493143
0.14625448482542613
0.0
0.15294382258037448
0.13834289277321493
0.07106690545187015
0.051434449987363975
0.10012523486435176
0.064888568452305
0.41012193308819755
0.0
0.0
0.1978141420187361
0.1970276015597752
0.0
0.1517165212272521
0.08075728530872482
0.0
0.0
0.0
0.0
0.0
0.16012815380508716
0.05103103630798288
0.0
0.0
0.1860521018838127
0.04622501635210244
0.0
0.0
0.0
0.18257418583505536
0.16137430609197567
0.19611613513818402
0.07692307692307693
0.12403473458920845
0.14704292441876154
0.1611432394306458
0.28005601680560194
0.12126781251816648
0.0
0.039590379123244784
0.1450036976414354
0.16070147520167405
0.2089785019092862
0.1574591643244434
0.06271815075053182
0.17143634649587836
0.3151267458316272
0.3554093266554553
0.0
0.0
0.10540925533894599
0.05976143046671968
0.14824986333222026
0.2344036154692477
0.18442777839082936
0.3118047822311618
0.19802950859533489
0.21455956195564546
0.2313259727864961
0.04499212706658475
0.08240856434303291
0.14944064441601537
0.08770580193070293
0.12909944487358058
0.10998533626601499
0.31929831471426645
0.11111111111111112
0.09428090415820635
0.0
0.0
0.05986843400892497
0.0
0.10690449676496977
0.0
0.21773242158072695
0.08728715609439697
0.1091089451179962
0.09805806756909202
0.042796049251091296
0.04879500364742666
0.19364916731037088
0.18898223650461363
0.0
0.0545544725589981
0.18200630207731605
0.2919201796799047
0.11547005383792516
0.2041241452319315
0.11572751247156893
0.0
0.07372097807744857
0.0659380473395787
0.1414213562373095
0.07669649888473705
0.140028008402801
0.08025723539051281
0.17518714874213512
0.25048971643405976
0.13987572123604708
0.20228869496966947
0.12298800925361815
0.07049073768502413
0.0
0.052486388108147805
0.1709408646894569
0.1553424415003
0.21747941810041999
0.07715167498104596
0.0
0.24670871720894108
0.1938006332446037
0.1666666666666667
0.08703882797784893
0.0
0.2676516895156554
0.27144835701531844
0.0
0.03641785203646149
0.030528125543633176
0.09913631941932194
0.08058229640253803
0.0
0.0
0.16116459280507603
0.17782168978975482
0.04662524041201569
0.0
0.06741998624632421
0.20385887657505022
0.17837651700316892
0.12309149097933275
0.28288947493050187
0.0
0.0
0.0
0.16116459280507603
0.14213381090374028
0.0
0.0
0.18463723646899913
0.0
0.4148728575225928
0.0
0.0
0.0
0.04003203845127179
0.14708710135363803
0.10425720702853739
0.37234154758203314
0.24840131369742974
0.42098266797411443
0.1619552660357832
0.17541160386140586
0.09962709627734359
0.1531679162134967
0.0909090909090909
0.2597943666588219
0.15194743527951726
0.15018785229652765
0.0
0.0
0.3736016110400384
0.2025478734167333
0.3077935056255462
0.1742014225237369
0.10959932487023819
0.0
0.0
0.17349447958987207
0.26919095102908275
0.0
0.0
0.04879500364742666
0.14301938838683884
0.0
0.0
0.0
0.0
0.4020151261036848
0.19069251784911845
0.0472455591261534
0.06131393394849658
0.06131393394849658
0.09166984970282112
0.06482037235521643
0.10482848367219183
0.07692307692307693
0.10878565864408425
0.12403473458920847
0.1315587028960544
0.047565149415449405
0.291161615782696
0.09901475429766744
0.0
0.13483997249264842
0.0
0.0
0.044280744277004756
0.06900655593423542
0.28867513459481287
0.3086066999241838
0.2065591117977289
0.059234887775909226
0.14886458551295736
0.046829290579084706
0.22360679774997896
0.21821789023599236
0.1821530222156749
0.20739033894608508
0.04199605255658081
0.0
0.316227766016838
0.19364916731037082
0.11180339887498948
0.2631174057921088
0.0
0.19518001458970666
0.0
0.057353933467640436
0.0
0.12227899701112961
0.0
0.0
0.0
0.11009637651263607
0.24375747470904355
0.4200840252084029
0.0
0.0
0.0
0.15289415743128765
0.059761430466719674
0.0
0.1965892748731962
0.17376201171422898
0.0
0.0
0.0
0.13801311186847084
0.31622776601683794
0.17213259316477406
0.09128709291752767
0.2041241452319315
0.0
0.0
0.21128856368212912
0.049999999999999996
0.0
0.10206207261596575
0.28067069969390585
0.1843024451936214
0.047836487323493986
0.21052631578947364
0.3154466340720224
0.12909944487358055
0.15191090506254998
0.0
0.0
0.1884222879063983
0.14484136487558028
0.15512630699850574
0.0
0.0
0.22580645161290325
0.06350006350009525
0.0
0.0
0.32969023669789355
0.12909944487358058
0.08908708063747481
0.3851644432598217
0.20016019225635895
0.08333333333333336
0.10540925533894598
0.07161148740394328
0.09245003270420485
0.08084520834544431
0.06726727939963124
0.10482848367219183
0.0
0.06537204504606135
0.0
0.0
0.08574929257125441
0.12499999999999997
0.27277236279499045
0.0363696483726654
0.1634301126151534
0.15384615384615385
0.1386750490563073
0.1386750490563073
0.09245003270420485
0.053376051268362375
0.13977131156292244
0.24313226954193234
0.27468064139978915
0.2538332035028632
0.08178608201095308
0.14744195615489714
0.21759706994462227
0.2321035412742638
0.0
0.0
0.05547001962252292
0.0
0.0
0.13764944032233706
0.054453277011733005
0.2691367824097539
0.07881104062391006
0.25147784538477264
0.1257389226923863
0.0
0.0
0.0
0.11785113019775795
0.24019223070763074
0.21926450482675733
0.05590169943749474
0.0
0.0
0.06622661785325219
0.0
0.08164965809277262
0.0632455532033676
0.0
0.06622661785325219
0.12909944487358058
0.23836564731139806
0.17407765595569785
0.21997067253202995
0.048001536073731935
0.0
0.21575848566842284
0.0
0.06019292654288461
0.12267912301642962
0.08770580193070293
0.0
0.06454972243679029
0.032274861218395144
0.0
0.12403473458920845
0.15724272550828775
0.0
0.058925565098878974
0.12909944487358058
0.18136906252750293
0.3097734590948617
0.21427478217774165
0.2154101092138323
0.23094010767585035
0.223606797749979
0.21213203435596426
0.2683281572999747
0.08528028654224418
0.0
0.0
0.0
0.0
0.08660254037844388
0.15460413650478516
0.04173919355648411
0.0
0.19920476822239896
0.2335496832484569
0.1160517706371319
0.16666666666666666
0.1599005372667078
0.34112114616897665
0.035355339059327376
0.09128709291752767
0.0
0.0
0.0
0.0
0.0
0.07071067811865475
0.0912870929175277
0.0880450906325624
0.0
0.0
0.0
0.04514086177661889
0.1561502541347454
0.12792042981336627
0.2065591117977289
0.28603877677367767
0.48280454958526753
0.2048366225996757
0.08362420100070908
0.14121975762272054
0.27500954910846337
0.0
0.0
0.2831969301619155
0.0
0.10206207261596577
0.3105295017040594
0.2555506259999759
0.11338934190276817
0.11338934190276817
0.3205852818187507
0.03998400959360448
0.13608276348795437
0.030599503068105233
0.06392027721005931
0.11396057645963795
0.17928429140015903
0.11952286093343936
0.17928429140015903
0.11359236684941297
0.0
0.0
0.0
0.18907604749897633
0.16188097705954405
0.15075567228888181
0.3813850356982369
0.21693045781865616
0.14625448482542613
0.10050378152592121
0.0
0.0
0.09986029331567647
0.29493400725830987
0.1633660098032678
0.23606684260939012
0.31578947368421056
0.36315009352968924
0.14634235175124088
0.2773500981126145
0.15811388300841894
0.0
0.0
0.22026692946430573
0.2257064381589836
0.3394673699166022
0.028571428571428567
0.13259870882635919
0.04003203845127179
0.26111648393354675
0.11009637651263604
0.0
0.0
0.206418738616856
0.31212739461154115
0.21821789023599236
0.1889822365046136
0.04564354645876384
0.08606629658238704
0.0
0.32995600879804493
0.15214515486254615
0.09128709291752769
0.0
0.0
0.15075567228888181
0.10425720702853739
0.1778216897897548
0.11009637651263604
0.20341905108624306
0.0
0.0
0.04335549847620599
0.06681531047810609
0.0
0.22283440581246225
0.2653343152526162
0.21081851067789198
0.0408248290463863
0.10259783520851541
0.1675415633166782
0.0
0.0
0.05783149319662403
0.05212860351426869
0.10660035817780521
0.0
0.05783149319662403
0.09829463743659811
0.2898754521821015
0.2053959590644373
0.0
0.0
0.13538259026847058
0.17481496402441948
0.3441236008058426
0.0
0.0
0.0
0.0
0.0890870806374748
0.1781741612749496
0.11396057645963795
0.05698028822981897
0.0
0.05547001962252292
0.0
0.0816496580927726
0.12909944487358058
0.16366341767699433
0.0
0.13443321448446627
0.35351162656376256
0.34934498739263803
0.18234920215644926
0.0
0.0
0.0
0.1414213562373095
0.05423261445466404
0.08199200616907876
0.1247219128924647
0.08989331499509895
0.24120907566221092
0.10776318121606496
0.12361284651454937
0.07254762501100116
0.11180339887498948
0.2041241452319315
0.20100756305184245
0.09869275424396534
0.050507627227610534
0.0
0.04494665749754947
0.0
0.0
0.0
0.24618298195866548
0.0
0.10540925533894598
0.1217161238900369
0.12909944487358058
0.3299831645537222
0.05547001962252292
0.10127393670836667
0.15191090506255
0.07595545253127499
0.04714045207910316
0.1556997888323046
0.05698028822981897
0.0944911182523068
0.2
0.35000000000000003
0.381356384904845
0.1345345587992625
0.140028008402801
0.08333333333333336
0.14852213144650114
0.0
0.3779644730092272
0.0
0.0
0.0
0.0
0.0
0.08362420100070908
0.10341753799900381
0.269069117598525
0.08770580193070293
0.2449489742783178
0.12909944487358055
0.1767766952966369
0.0
0.0
0.0625
0.0
0.0
0.13055824196677338
0.05170876899950191
0.06063390625908324
0.0
0.12262786789699316
0.03934447376823168
0.2647058823529411
0.0
0.0
0.0
0.047946330148538406
0.0
0.0
0.0
0.0
0.3610790723370595
0.39056673294247163
0.09284766908852593
0.0
0.10327955589886445
0.047140452079103175
0.3944053188733078
0.1739313106957345
0.10114434748483472
0.08025723539051281
0.041030496993110906
0.19069251784911845
0.0
0.08827348295047496
0.16351748504193214
0.06063390625908324
0.1417366773784602
0.0
0.0
0.15811388300841894
0.0753778361444409
0.22975187432024508
0.1567723603339241
0.1519474352795173
0.04494665749754947
0.12171612389003691
0.2614881801842454
0.19088542889273333
0.1860807318911967
0.27001422005822157
0.25475491628290936
0.1764461683101464
0.1928473039599675
0.34112114616897665
0.17056057308448833
0.0
0.0
0.0
0.0
0.14625448482542613
0.16269784336399212
0.05976143046671968
0.07142857142857144
0.05976143046671968
0.14638501094227999
0.25197631533948484
0.08606629658238704
0.10540925533894598
0.1814436846506058
0.09938079899999065
0.17251638983558854
0.08359173188630294
0.11058146711617285
0.049029033784546004
0.05547001962252292
0.08340576562282992
0.04662524041201569
0.17928429140015906
0.036369648372665396
0.15811388300841897
0.26891705818112577
0.08233869695926184
0.0
0.0
0.14567140814584595
0.0
0.0
0.09245003270420485
0.34020690871988585
0.33541019662496846
0.06780635036208103
0.07744030926623663
0.12297509238026914
0.15048231635721152
0.0936585811581694
0.057353933467640436
0.057353933467640436
0.13245323570650436
0.10540925533894598
0.1405456737852613
0.04199605255658081
0.0657951694959769
0.0
0.22360679774997896
0.0
0.0
0.14580296087995107
0.20412414523193148
0.04879500364742665
0.0
0.0
0.0
0.03241018617760821
0.1259881576697424
0.209980262782904
0.1951800145897066
0.0
0.08703882797784893
0.0
0.19069251784911848
0.19069251784911848
0.05270462766947299
0.08084520834544431
0.07669649888473705
0.2138089935299395
0.3340404340540402
0.14543584966911588
0.18650096164806276
0.0
0.18257418583505539
0.0
0.0
0.21926450482675733
0.07905694150420947
0.07647191129018724
0.16222142113076254
0.1797212886723974
0.35764084881929525
0.031098520678556143
0.0
0.07647191129018724
0.16692446522239715
0.21110016546037455
0.10497277621629561
0.0
0.0
0.0
0.0
0.09583148474999097
0.16574838603294897
0.21398024625545647
0.2618614682831909
0.16641005886756877
0.048280454958526765
0.0930484210398471
0.06900655593423542
0.21773242158072692
0.2501851166488378
0.0
0.09759000729485331
0.06900655593423541
0.0
0.0
0.10910894511799618
0.04667600280093366
0.0
0.20064308847628198
0.16151457061744964
0.13693063937629155
0.18042195912175807
0.17677669529663687
0.2645751311064591
0.2592814894208657
0.0
0.0
0.19446111706564928
0.06063390625908323
0.0
0.027524094128159014
0.03806934938134405
0.17025130615174974
0.0
0.32049410071143575
0.2759127027682346
0.2268713032432575
0.2100420126042015
0.0
0.17155007848855516
0.25993762245501817
0.1860521018838127
0.16357216402190616
0.13900960937138318
0.07856742013183862
0.2542566904654913
0.1348399724926484
