0.11094003924504584
0.0
0.0
0.04029114820126901
0.06788442333021306
0.048001536073731935
0.19287918745261493
0.29304263126691554
0.4981202940978415
0.06201736729460423
0.0
0.3464511640778669
0.25854384499750954
0.24253562503633297
0.157485197087178
0.16205093088804107
0.0
0.0
0.07079923254047887
0.09759000729485331
0.06741998624632421
0.1797866299901979
0.32530002431617777
0.1091089451179962
0.09805806756909202
0.03774256780481986
0.06415002990995841
0.17677669529663687
0.21874999999999997
0.24333213169614376
0.11846977555181845
0.0
0.030414953233623677
0.1432082875315512
0.11013346473215285
0.15430334996209194
0.06454972243679029
0.045643546458763846
0.0
0.1318760946791574
0.0
0.0
0.04950737714883372
0.23773246378396354
0.0
0.0
0.0
0.05345224838248488
0.07559289460184544
0.0
0.0
0.13764944032233706
0.19402850002906638
0.16888013236829963
0.06154574548966637
0.0
0.05504818825631802
0.1283317505848363
0.17376201171422898
0.08006407690254358
0.10675210253672476
0.22147019900891643
0.16216216216216217
0.0
0.0
0.0
0.0
0.21926450482675733
0.0659380473395787
0.1517165212272521
0.05170876899950191
0.10969086361906957
0.0
0.0
0.2352941176470588
0.0
0.1
0.2085144140570748
0.1517165212272521
0.15737789507292674
0.09197090092274486
0.1126872339638022
0.3333333333333333
0.0
0.11322770341445959
0.22271770159368703
0.3849001794597505
0.23904572186687872
0.11180339887498948
0.08838834764831843
0.0
0.0
0.06085806194501846
0.11547005383792514
0.2449489742783178
0.0
0.11952286093343936
0.05976143046671968
0.2759127027682346
0.1655665446331305
0.0468292905790847
0.0
0.14350946197048195
0.0
0.15294382258037448
0.1259881576697424
0.0
0.06622661785325219
0.19389168358237033
0.21622499104693413
0.05698028822981897
0.0
0.26310068027921696
0.23231373170253145
0.265747001726367
0.18042195912175807
0.1507556722888818
0.19462473604038072
0.3651483716701107
0.181848241863327
0.0657951694959769
0.0
0.21320071635561047
0.0
0.0
0.13764944032233706
0.0
0.0
0.03774256780481986
0.3433508017497365
0.22026447615240016
0.48724029059099144
0.2904737509655563
0.24748737341529162
0.2110579412044345
0.0
0.09622504486493763
0.12830005981991682
0.06804138174397717
0.12309149097933275
0.07658395810674837
0.2622224460366292
0.21052631578947364
0.08671099695241198
0.0
0.0
0.0
0.0
0.17213259316477406
0.17311677839032427
0.19784774673179917
0.21535276082326618
0.11058146711617285
0.2227831971697517
0.0
0.0
0.1709408646894569
0.07412493166611012
0.03140371465106639
0.08006407690254357
0.11624763874381928
0.3549377685302124
0.0
0.11470786693528087
0.0
0.0
0.37556202145041623
0.3428627406618708
0.15474611514754322
0.0
0.0
0.07698003589195011
0.0
0.0674199862463242
0.0
0.10482848367219183
0.06482037235521643
0.0
0.06537204504606135
0.10540925533894599
0.1690308509457033
0.07881104062391006
0.09567297464698797
0.2564945880212885
0.16770509831248423
0.0625
0.0944911182523068
0.16205093088804107
0.3208444739598739
0.05698028822981897
0.149270358506633
0.3682040598525181
0.177371570882437
0.06392027721005931
0.0309344112444873
0.2276441572897889
0.15384615384615385
0.0
0.08989331499509894
0.08703882797784893
0.09284766908852593
0.07580980435789035
0.0
0.11952286093343936
0.09759000729485333
0.13468700594029479
0.11664236870396087
0.16903085094570333
0.07669649888473705
0.0
0.0
0.04662524041201569
0.08451542547285165
0.10101525445522107
0.0
0.059761430466719674
0.2267786838055363
0.18257418583505539
0.15214515486254612
0.2961744388795462
0.13679711361135385
0.04564354645876383
0.0
0.0
0.13834289277321493
0.06741998624632421
0.24096579867074966
0.28736848324283987
0.18856180831641267
0.2545875386086578
0.48418202613504197
0.08006407690254358
0.06454972243679029
0.0
0.11433239009500587
0.17149858514250882
0.1781741612749496
0.0
0.13258252147247765
0.07905694150420949
0.09759000729485333
0.0
0.1878672873255448
0.0
0.07692307692307693
0.0
0.07106690545187015
0.15499685165842572
0.05479966243511909
0.1217161238900369
0.10127393670836667
0.11826247919781652
0.14673479641335552
0.0
0.17616606585441105
0.06900655593423542
0.33596842045264647
0.29095718698132317
0.24999999999999994
0.3571428571428571
0.23570226039551584
0.21968738758187345
0.12427395320024
0.0
0.0
0.0778498944161523
0.06917144638660747
0.0
0.0
0.06063390625908323
0.1462544848254261
0.1333662673423161
0.0
0.0
0.0
0.3432777406143739
0.0
0.0
0.0
0.0
0.1732050807568877
0.07071067811865475
0.0
0.0
0.223606797749979
0.09231861823449956
0.06917144638660747
0.06622661785325219
0.0
0.07216878364870323
0.20412414523193154
0.0
0.0
0.22188007849009164
0.17349447958987207
0.1333662673423161
0.0
0.04811252243246882
0.052704627669472995
0.03296902366978935
0.08359173188630292
0.07715167498104596
0.0
0.05006261743217588
0.14509525002200233
0.0
0.0
0.15499685165842572
0.03874921291460643
0.1307440900921227
0.17541160386140586
0.11359236684941297
0.17960530202677494
0.1464819225788087
0.1436373426188333
0.16012815380508713
0.1636634176769943
0.040291148201269014
0.0
0.08703882797784893
0.07372097807744857
0.17693034738587657
0.09428090415820635
0.0
0.0
0.1333333333333333
0.2752409412815901
0.3964124835860459
0.0
0.0
0.09231861823449955
0.2858929502147359
0.09392259459566807
0.04499212706658475
0.1025978352085154
0.0
0.0
0.09513029883089881
0.05797710356524483
0.17457431218879388
0.10767638041163309
0.13900960937138318
0.19779694303230888
0.39361094683048226
0.0
0.0
0.1781741612749496
0.18257418583505536
0.11547005383792515
0.10540925533894598
0.06189844605901729
0.08304547985373996
0.25298221281347033
0.18073922282301277
0.1217161238900369
0.0629940788348712
0.07142857142857141
0.14085904245475275
0.12171612389003693
0.10540925533894598
0.14322297480788657
0.030816677568068284
0.13363062095621217
0.08183170883849716
0.056613851707229795
0.14269544824634822
0.2300894966542111
0.11028219331407116
0.21968738758187342
0.1889822365046136
0.2122186719067913
0.2754113163776218
0.16692446522239715
0.24253562503633294
0.2253744679276044
0.22360679774997894
0.1336306209562122
0.0
0.0
0.1336306209562122
0.03706246583305506
0.14457873299156007
0.052128603514268686
0.08574929257125441
0.05716619504750295
0.09245003270420488
0.10763271222740439
0.35911040863053745
0.05337605126836238
0.17349447958987207
0.10425720702853739
0.0
0.0
0.13719886811400706
0.05230657809659414
0.0
0.3729349269914457
0.1224744871391589
0.15811388300841894
0.08838834764831843
0.14708710135363803
0.17541160386140586
0.08451542547285165
0.10838874619051499
0.031814238148788886
0.05913123959890826
0.04545454545454545
0.10660035817780521
0.036369648372665396
0.24174688920761409
0.2874024973854982
0.3035883703594581
0.31716752370827334
0.11572751247156896
0.12964074471043288
0.10846522890932808
0.09325048082403138
0.14744195615489714
0.0
0.06741998624632421
0.06917144638660747
0.0
0.0
0.15075567228888181
0.05
0.06454972243679027
0.10276699910774158
0.20325114428826616
0.1485562705416415
0.1690308509457033
0.18018749253911176
0.0909090909090909
0.0
0.0
0.17817416127494962
0.0
0.08671099695241198
0.0
0.0
0.05241424183609592
0.19889806323953876
0.028571428571428567
0.0
0.0
0.0668153104781061
0.0
0.1690308509457033
0.0
0.0
0.21213203435596426
0.1978141420187361
0.08512565307587487
0.0
0.042295493443781355
0.31383946857956485
0.03656362120635653
0.0
0.08908708063747481
0.0
0.0
0.0
0.19462473604038075
0.1315903389919538
0.0944911182523068
0.10206207261596577
0.2551551815399144
0.15811388300841897
0.19518001458970666
0.17251638983558854
0.19999999999999998
0.0
0.0
0.0
0.06741998624632421
0.12909944487358058
0.0
0.0
0.0
0.1636634176769943
0.0563436169819011
0.11009637651263604
0.1778216897897548
0.21535276082326618
0.15491933384829668
0.13093073414159545
0.0
0.11766968108291043
0.1341640786499874
0.10112997936948631
0.3102526139970115
0.0
0.0
0.130066495428618
0.12369267399882337
0.42699599693129303
0.0
0.0
0.0
0.06201736729460423
0.18650096164806276
0.08891084489487741
0.10660035817780521
0.1336306209562122
0.058321184351980436
0.030261376633440123
0.075955452531275
0.1522773975253762
0.16357216402190616
0.17541160386140586
0.18650096164806276
0.049147318718299055
0.052704627669472995
0.337099931231621
0.0
0.07071067811865475
0.07905694150420947
0.08838834764831843
0.08980265101338746
0.13068205256070964
0.0
0.1257389226923863
0.10272767854485401
0.034836650714580884
0.0
0.0936585811581694
0.08908708063747481
0.12598815766974242
0.0
0.1257389226923863
0.0
0.0
0.10585122480499264
0.1910789265895446
0.07878385971583353
0.0
0.0
0.0
0.0
0.0
0.0
0.0
0.2
0.12977713690461
0.11846977555181845
0.0
0.0
0.0
0.0
0.23094010767585027
0.14907119849998596
0.0
0.13750477455423168
0.0
0.0
0.31622776601683794
0.0
0.14744195615489716
0.2004916025441717
0.25434234203957845
0.0
0.0
0.19245008972987526
0.0
0.38533731779422614
0.0
0.11009637651263607
0.05025189076296061
0.08703882797784893
0.2926847035024818
0.11538461538461539
0.11322770341445959
0.16984155512168939
0.060522753266880246
0.10482848367219183
0.06537204504606135
0.3370093007873883
0.24195539543709924
0.12909944487358058
0.1414213562373095
0.14907119849998596
0.20851441405707477
0.09652341781316803
0.12001371663718259
0.14213381090374028
0.0
0.09759000729485331
0.04667600280093366
0.0
0.11322770341445956
0.2300789234172203
0.09600307214746387
0.04879500364742666
0.13561270072416207
0.0
0.03666177875533833
0.0
0.0
0.0890870806374748
0.06131393394849658
0.14673479641335552
0.08362420100070908
0.0
0.0
0.1341640786499874
0.32328954364819484
0.23621543814299706
0.13678822577626598
0.0
0.19611613513818402
0.0
0.0
0.03688555567816587
0.04364357804719847
0.0
0.0
0.13608276348795437
0.3042903097250923
0.2738612787525831
0.26261286571944514
0.2986093391764556
0.38924947208076144
0.38502677054340995
0.35993701653267796
0.09245003270420488
0.2057377999494559
0.09100315103865803
0.12510864843424488
0.16641005886756877
0.20801257358446093
0.12166606584807191
0.0
0.0
0.2090605025017727
0.0
0.03603749850782236
0.1546720562224365
0.041204282171516456
0.1624591083221647
0.0
0.26919095102908275
0.0
0.06804138174397718
0.271244490402245
0.09863939238321438
0.09258200997725514
0.10350983390135313
0.08032193289024989
0.0
0.0
0.051031036307982884
0.0
0.0
0.0
0.0
0.12909944487358058
0.1986798535597566
0.10526315789473682
0.13834289277321493
0.0
0.12909944487358055
0.15811388300841897
0.1315587028960544
0.216574040912105
0.06984302957695782
0.0
0.0
0.0
0.0
0.3042903097250923
0.15936381457791915
0.14085904245475275
0.10127393670836667
0.19611613513818402
0.0808745799025788
0.1829982843991256
0.1455213750217998
0.07669649888473705
0.031008683647302117
0.043852900965351466
0.08032193289024989
0.18102512888056815
0.22771001702132437
0.0
0.0659380473395787
0.1098967455659645
0.36536565724225306
0.15430334996209188
0.0
0.0
0.07372097807744857
0.0659380473395787
0.23094010767585027
0.0
0.06454972243679027
0.31622776601683794
0.1636634176769943
0.1091089451179962
0.12309149097933274
0.20145574100634503
0.25354627641855493
0.04662524041201569
0.1739130434782609
0.1563858105428061
0.09805806756909202
0.16012815380508716
0.061545745489666376
0.0
0.07216878364870323
0.0700140042014005
0.03934447376823168
0.11128297681493143
0.23782574707724702
0.08362420100070908
0.08058229640253801
0.13576884666042613
0.20131905799006777
0.032686022523030676
0.045643546458763846
0.08451542547285165
0.1889822365046136
0.24056261216234406
0.14814814814814817
0.16750630254320203
0.11677484162422845
0.06454972243679029
0.12309149097933274
0.2635683356958402
0.207669652660466
0.0629940788348712
0.06950480468569159
0.07049073768502413
0.16265001215808886
0.11322770341445959
0.20464687117164015
0.20672455764868078
0.0
0.0
0.06681531047810609
0.10714285714285712
0.13231403100624076
0.2572478777137633
0.14907119849998599
0.1405456737852613
0.16012815380508716
0.0
0.049147318718299055
0.0
0.10910894511799621
0.0
0.0
0.16012815380508716
0.24077170617153845
0.31720831958260864
0.2070196678027063
0.29668305198196504
0.1721325931647741
0.14433756729740643
0.06933752452815364
0.0
0.0
0.14907119849998596
0.05423261445466404
0.0
0.18053953616852975
0.2148007441762755
0.0
0.10050378152592121
0.09913631941932194
0.13181243254912406
0.08451542547285167
0.1348399724926484
0.041030496993110906
0.0
0.08574929257125441
0.23782574707724705
0.0
0.0
0.15309310892394865
0.11306675421666136
0.14301938838683884
0.11504474832710557
0.0
0.11420804814403214
0.3230291412348993
0.0
0.0
0.18333969940564224
0.0
0.0
0.12543630150106364
0.3528679242971602
0.3255020773428029
0.0
0.062017367294604234
0.1860521018838127
0.07254762501100116
0.05263157894736841
0.0
0.23094010767585033
0.21081851067789195
0.10849075915068657
0.13018891098082389
0.15000000000000002
0.0
0.0
0.0
0.11547005383792518
0.16641005886756877
0.0
0.0
0.23869801881466574
0.2744974265986884
0.40508136107565984
0.3827659079120556
0.20965696734438366
0.15689290811054724
0.12309149097933274
0.09090909090909093
0.2512594538148031
0.13245323570650439
0.22329687826943606
0.35410026391408517
0.15512630699850571
0.2477168471534311
0.2752409412815901
0.12856486930664499
0.0
0.0
0.2075143391598224
0.2504796934375796
0.037529331252040075
0.0912870929175277
0.10540925533894599
0.45022516889074815
0.1371182340382122
0.09567297464698797
0.14886458551295736
0.0
0.0
0.0
0.0
0.14213381090374028
0.19795189561622392
0.15450786078738143
0.0
0.0
0.1336306209562122
0.18002057495577392
0.08104408984731078
0.17855051462249658
0.10775449168807308
0.0
0.07161148740394328
0.1823843010350213
0.11624763874381927
0.057353933467640436
0.08111071056538127
0.14708710135363803
0.17069718549972973
0.18148850216015697
0.45873171092556453
0.3211820274187865
0.2802759273356052
0.3823942922760536
0.08759357437106756
0.0
0.0
0.1386750490563073
0.0
0.1846372364689991
0.36210341218895065
0.22496063533292376
0.179968508266339
0.056613851707229795
0.0
0.03883678186903087
0.11322770341445956
0.0944911182523068
0.06900655593423542
0.0
0.25112360116696136
0.044543540318737404
0.15748519708717804
0.10585122480499261
0.2300894966542111
0.10540925533894599
0.0
0.0
0.24009801919951235
0.20180183819889372
0.0
0.15762208124782012
0.10114434748483472
0.08318903308077029
0.23543547789870933
0.38074980525429486
0.39970403251589476
0.0
0.0
0.0
0.06262242910851494
0.04879500364742665
0.12104550653376048
0.06537204504606135
0.0
0.27216552697590873
0.0
0.052704627669472995
0.11420804814403214
0.16869646713466
0.24747528995589838
0.0512989176042577
0.12524485821702988
0.07001400420140048
0.0
0.17925163190605437
0.24517195928059624
0.1448413648755803
0.06362847629757777
0.11470786693528087
0.06063390625908324
0.05170876899950191
0.12792042981336627
0.04588314677411235
0.04415107856883479
0.05802588531856595
0.10660035817780521
0.07071067811865475
0.06030226891555273
0.0
0.10690449676496977
0.0
0.04716666306365782
0.14888750009563953
0.0
0.13608276348795434
0.15811388300841897
0.0
0.19364916731037088
0.13363062095621223
0.18333969940564226
0.08084520834544433
0.0
0.09128709291752769
0.0
0.05572782125753528
0.0629940788348712
0.0
0.12171612389003691
0.0
0.25537695922762466
0.311187957132071
0.20683507599800763
0.06063390625908324
0.0
0.11952286093343936
0.0
0.20640627484613444
0.16239958858823006
0.1690308509457033
0.19245008972987523
0.3053857783007297
0.14518017554874818
0.07142857142857141
