0.9411764705882354
0.9411764705882354
0.9411764705882354
0.9718253158075505
0.9718253158075505
0.9718253158075505
0.9718253158075505
0.9411764705882354
0.0
0.0
0.9411764705882354
0.9411764705882354
0.9411764705882354
0.10846522890932808
0.10846522890932808
0.9718253158075505
0.9718253158075505
0.9411764705882354
0.05564148840746572
0.05564148840746572
0.9411764705882354
0.9411764705882354
0.9146591207600475
0.0
0.0
0.9444444444444448
0.9444444444444448
0.9444444444444448
0.22271770159368698
0.22271770159368698
0.9444444444444448
0.9444444444444448
0.9444444444444448
0.19611613513818407
0.19611613513818407
0.9444444444444448
0.9444444444444448
0.9444444444444448
0.1666666666666667
0.1666666666666667
0.9444444444444448
0.9444444444444448
0.9444444444444448
0.047140452079103175
0.047140452079103175
0.9444444444444448
0.9444444444444448
0.9444444444444448
0.07856742013183862
0.07856742013183862
0.9444444444444448
0.9444444444444448
0.9444444444444448
0.06804138174397718
0.06804138174397718
0.9444444444444448
0.9444444444444448
0.9444444444444448
0.21566554640687685
0.21566554640687685
0.9444444444444448
0.9444444444444448
0.9444444444444448
0.0
0.0
0.9444444444444448
0.9444444444444448
0.9444444444444448
0.09829463743659811
0.09829463743659811
0.9444444444444448
0.9444444444444448
0.9444444444444448
0.06537204504606135
0.06537204504606135
0.9444444444444448
0.9444444444444448
0.9444444444444448
0.13201967239688991
0.13201967239688991
0.9444444444444448
0.9444444444444448
0.9444444444444448
0.15097027121927944
0.15097027121927944
0.0
0.6666666666666669
0.6666666666666669
0.0
0.0
0.8660254037844388
0.75
0.75
0.0
0.0
0.75
0.75
0.75
0.09128709291752768
0.09128709291752768
0.75
0.75
0.75
0.0
0.0
0.75
0.75
0.75
0.10425720702853739
0.10425720702853739
0.75
0.75
0.75
0.15811388300841897
0.15811388300841897
0.75
0.75
0.75
0.11180339887498948
0.11180339887498948
0.75
0.75
0.75
0.0
0.0
0.75
0.75
0.75
0.07453559924999299
0.07453559924999299
0.75
0.75
0.75
0.0
0.0
0.75
0.75
0.75
0.0
0.0
0.75
0.75
0.75
0.0
0.0
0.75
0.75
0.75
0.0
0.0
0.75
0.75
0.5
0.0
0.0
0.75
0.75
0.75
0.0
0.0
0.75
0.75
0.75
0.0
0.0
0.75
0.75
0.75
0.0
0.0
0.75
0.75
0.75
0.14433756729740646
0.14433756729740646
0.75
0.75
0.75
0.08574929257125441
0.08574929257125441
0.75
0.75
0.75
0.09128709291752768
0.09128709291752768
0.75
0.75
0.75
0.0
0.0
0.75
0.75
0.75
0.0
0.0
0.75
0.75
0.75
0.0
0.0
0.75
0.75
0.75
0.0
0.0
0.75
0.75
0.75
0.0
0.0
0.75
0.75
0.75
0.0
0.0
0.5
0.75
0.75
0.10425720702853739
0.10425720702853739
0.75
0.75
0.75
0.0
0.0
0.75
0.75
0.75
0.0
0.0
0.75
0.75
0.75
0.0
0.0
0.75
0.75
0.75
0.08574929257125441
0.08574929257125441
0.75
0.75
0.75
0.07624928516630233
0.07624928516630233
0.75
0.75
0.75
0.1543033499620919
0.1543033499620919
0.75
0.75
0.75
0.0
0.0
0.75
0.75
0.75
0.16666666666666666
0.16666666666666666
0.75
0.75
0.75
0.1720618004029213
0.1720618004029213
0.75
0.75
0.75
0.14744195615489714
0.14744195615489714
0.75
0.75
0.75
0.0
0.0
0.75
0.75
0.11785113019775793
0.0
0.0
0.9444444444444448
0.9444444444444448
0.9444444444444448
0.09829463743659811
0.09829463743659811
0.9146591207600475
0.9146591207600475
0.9444444444444448
0.07106690545187015
0.07106690545187015
0.9444444444444448
0.9444444444444448
0.9444444444444448
0.13608276348795437
0.13608276348795437
0.9444444444444448
0.9444444444444448
0.9444444444444448
0.1767766952966369
0.1767766952966369
0.9733285267845755
0.947368421052631
0.947368421052631
0.12565617248750863
0.12565617248750863
0.947368421052631
0.947368421052631
0.947368421052631
0.16692446522239715
0.16692446522239715
0.947368421052631
0.947368421052631
0.947368421052631
0.07647191129018724
0.07647191129018724
0.947368421052631
0.947368421052631
0.947368421052631
0.14350946197048195
0.14350946197048195
0.947368421052631
0.947368421052631
0.947368421052631
0.06131393394849658
0.06131393394849658
0.947368421052631
0.947368421052631
0.947368421052631
0.22941573387056177
0.22941573387056177
0.947368421052631
0.947368421052631
0.947368421052631
0.06362847629757777
0.06362847629757777
0.947368421052631
0.947368421052631
0.947368421052631
0.0
0.0
0.947368421052631
0.947368421052631
0.947368421052631
0.06362847629757777
0.06362847629757777
0.947368421052631
0.947368421052631
0.947368421052631
0.1538967528127731
0.1538967528127731
0.947368421052631
0.947368421052631
0.947368421052631
0.18857857160117855
0.18857857160117855
0.947368421052631
0.947368421052631
0.947368421052631
0.059234887775909226
0.059234887775909226
0.947368421052631
0.947368421052631
0.8947368421052626
0.0
0.0
0.947368421052631
0.947368421052631
0.947368421052631
0.0
0.0
0.947368421052631
0.947368421052631
0.947368421052631
0.0
0.0
0.947368421052631
0.947368421052631
0.947368421052631
0.11980845957463077
0.11980845957463077
0.947368421052631
0.947368421052631
0.947368421052631
0.0512989176042577
0.0512989176042577
0.947368421052631
0.947368421052631
0.947368421052631
0.15789473684210523
0.15789473684210523
0.947368421052631
0.947368421052631
0.947368421052631
0.14509525002200233
0.14509525002200233
0.947368421052631
0.947368421052631
0.947368421052631
0.1681655564013631
0.1681655564013631
0.947368421052631
0.947368421052631
0.947368421052631
0.05407380704358751
0.05407380704358751
0.947368421052631
0.947368421052631
0.947368421052631
0.03823595564509362
0.03823595564509362
0.947368421052631
0.947368421052631
0.947368421052631
0.06362847629757777
0.06362847629757777
0.947368421052631
0.947368421052631
0.947368421052631
0.10526315789473682
0.10526315789473682
0.947368421052631
0.947368421052631
0.947368421052631
0.15789473684210523
0.15789473684210523
0.8947368421052626
0.947368421052631
0.947368421052631
0.13006649542861798
0.13006649542861798
0.947368421052631
0.947368421052631
0.947368421052631
0.14350946197048198
0.14350946197048198
0.947368421052631
0.947368421052631
0.947368421052631
0.11846977555181845
0.11846977555181845
0.947368421052631
0.947368421052631
0.947368421052631
0.0
0.0
0.947368421052631
0.947368421052631
0.947368421052631
0.10526315789473682
0.10526315789473682
0.947368421052631
0.947368421052631
0.947368421052631
0.057353933467640436
0.057353933467640436
0.947368421052631
0.947368421052631
0.947368421052631
0.047836487323493986
0.047836487323493986
0.947368421052631
0.947368421052631
0.947368421052631
0.05407380704358751
0.05407380704358751
0.947368421052631
0.947368421052631
0.947368421052631
0.07647191129018724
0.07647191129018724
0.947368421052631
0.947368421052631
0.947368421052631
0.04891159880445184
0.04891159880445184
0.947368421052631
0.947368421052631
0.947368421052631
0.09365858115816939
0.09365858115816939
0.947368421052631
0.947368421052631
0.947368421052631
0.11470786693528087
0.11470786693528087
0.947368421052631
0.947368421052631
0.8947368421052626
0.11128297681493143
0.11128297681493143
0.947368421052631
0.947368421052631
0.947368421052631
0.09567297464698797
0.09567297464698797
0.947368421052631
0.947368421052631
0.947368421052631
0.059234887775909226
0.059234887775909226
0.947368421052631
0.947368421052631
0.947368421052631
0.13245323570650439
0.13245323570650439
0.947368421052631
0.947368421052631
0.947368421052631
0.16476290360524765
0.16476290360524765
0.947368421052631
0.947368421052631
0.947368421052631
0.03673591791853225
0.03494282789073061
0.9511897312113418
0.947368421052631
0.947368421052631
0.1573778950729267
0.1573778950729267
0.947368421052631
0.947368421052631
0.947368421052631
0.16692446522239715
0.16692446522239715
0.947368421052631
0.947368421052631
0.947368421052631
0.11846977555181845
0.11846977555181845
0.947368421052631
0.947368421052631
0.947368421052631
0.0899842541331695
0.0899842541331695
0.947368421052631
0.947368421052631
0.947368421052631
0.047836487323493986
0.047836487323493986
0.947368421052631
0.947368421052631
0.947368421052631
0.0899842541331695
0.0899842541331695
0.947368421052631
0.947368421052631
0.947368421052631
0.10526315789473682
0.10526315789473682
0.13245323570650439
0.916666666666667
0.916666666666667
0.0
0.0
0.916666666666667
0.916666666666667
0.916666666666667
0.0912870929175277
0.0
0.916666666666667
0.916666666666667
0.916666666666667
0.17407765595569785
0.17407765595569785
0.916666666666667
0.8807048459279794
0.9230769230769235
0.15450786078738143
0.15450786078738143
0.9230769230769235
0.9230769230769235
0.9230769230769235
0.10127393670836667
0.10127393670836667
0.9230769230769235
0.9230769230769235
0.9230769230769235
0.23440361546924773
0.23440361546924773
0.9230769230769235
0.9230769230769235
0.9230769230769235
0.10482848367219183
0.10482848367219183
0.9230769230769235
0.9230769230769235
0.9230769230769235
0.07692307692307693
0.07692307692307693
0.9230769230769235
0.9230769230769235
0.9230769230769235
0.0
0.0
0.9230769230769235
0.9230769230769235
0.9230769230769235
0.1376041832307563
0.1376041832307563
0.9230769230769235
0.9230769230769235
0.9230769230769235
0.21483446221182986
0.21483446221182986
0.9230769230769235
0.9230769230769235
0.9230769230769235
0.2719641466102106
0.2719641466102106
0.9230769230769235
0.9230769230769235
0.9230769230769235
0.06726727939963124
0.06726727939963124
0.9230769230769235
0.9230769230769235
0.9230769230769235
0.17739371879672478
0.17739371879672478
0.9230769230769235
0.9230769230769235
0.9230769230769235
0.11322770341445959
0.11322770341445959
0.9230769230769235
0.9230769230769235
0.9230769230769235
0.20801257358446093
0.20801257358446093
0.9230769230769235
0.9230769230769235
0.9230769230769235
0.0
0.0
0.9230769230769235
0.9230769230769235
0.9230769230769235
0.28644594961577313
0.28644594961577313
0.9230769230769235
0.9230769230769235
0.9230769230769235
0.31448545101657543
0.31448545101657543
0.9230769230769235
0.9230769230769235
0.9230769230769235
0.10878565864408425
0.10878565864408425
0.9230769230769235
0.9230769230769235
0.9230769230769235
0.18752289237539815
0.18752289237539815
0.9230769230769235
0.9230769230769235
0.9230769230769235
0.06362847629757777
0.06362847629757777
0.9230769230769235
0.9230769230769235
0.9230769230769235
0.0
0.0
0.9230769230769235
0.9230769230769235
0.9230769230769235
0.24806946917841693
0.24806946917841693
0.9230769230769235
0.9230769230769235
0.9230769230769235
0.21483446221182986
0.21483446221182986
0.9230769230769235
0.9230769230769235
0.9230769230769235
0.11826247919781652
0.11826247919781652
0.9230769230769235
0.9230769230769235
0.9230769230769235
0.21483446221182986
0.21483446221182986
0.9230769230769235
0.9230769230769235
0.9230769230769235
0.05913123959890826
0.05913123959890826
0.9230769230769235
0.8461538461538465
0.9230769230769235
0.1386750490563073
0.1386750490563073
0.9230769230769235
0.9230769230769235
0.9230769230769235
0.20801257358446093
0.20801257358446093
0.9230769230769235
0.9230769230769235
0.9230769230769235
0.09376144618769908
0.09376144618769908
0.9230769230769235
0.9230769230769235
0.9230769230769235
0.12725695259515554
0.12725695259515554
0.9230769230769235
0.9230769230769235
0.9230769230769235
0.12403473458920845
0.12403473458920845
0.9230769230769235
0.9230769230769235
0.9230769230769235
0.19611613513818407
0.19611613513818407
0.9230769230769235
0.9230769230769235
0.9230769230769235
0.05913123959890826
0.05913123959890826
0.9230769230769235
0.9230769230769235
0.9230769230769235
0.0
0.0
0.9230769230769235
0.9230769230769235
0.9230769230769235
0.05913123959890826
0.05913123959890826
0.9230769230769235
0.9230769230769235
0.9230769230769235
0.0
0.0
0.9230769230769235
0.9230769230769235
0.9230769230769235
0.11826247919781652
0.11826247919781652
0.9230769230769235
0.9230769230769235
0.9230769230769235
0.09805806756909201
0.09805806756909201
0.9230769230769235
0.9230769230769235
0.9230769230769235
0.2567762955065478
0.06172133998483677
0.9797958971132712
0.9363821838346233
0.9363821838346233
0.0
0.0
0.9583333333333333
0.9797958971132712
0.9797958971132712
0.08574929257125442
0.08574929257125442
0.9583333333333331
0.9583333333333331
0.9583333333333331
0.0
0.0
0.9583333333333331
0.9797958971132712
0.9797958971132712
0.044543540318737404
0.04652421051992354
0.957427107756338
0.9583333333333331
0.9583333333333331
0.12171612389003693
0.12171612389003693
0.9583333333333331
0.9583333333333331
0.9583333333333331
0.0
0.0
0.9780192938436517
0.9565217391304347
0.9565217391304347
0.0
0.0
0.9565217391304347
0.9565217391304347
0.9565217391304347
0.11566298639324805
0.11566298639324805
0.9591663046625442
0.9591663046625442
0.9565217391304347
0.0
0.0
0.9565217391304347
0.9565217391304347
0.9565217391304347
0.09539445011233401
0.09539445011233401
0.9565217391304347
0.9565217391304347
0.9565217391304347
0.08143879346968548
0.08143879346968548
0.9565217391304347
0.9565217391304347
0.9565217391304347
0.0
0.0
0.9565217391304347
0.9565217391304347
0.9565217391304347
0.04662524041201569
0.04662524041201569
0.9565217391304347
0.9565217391304347
0.9565217391304347
0.0
0.0
0.9565217391304347
0.9565217391304347
0.9565217391304347
0.05783149319662403
0.05783149319662403
0.9565217391304347
0.9565217391304347
0.9565217391304347
0.0
0.0
0.9565217391304347
0.9565217391304347
0.9565217391304347
0.05212860351426869
0.05212860351426869
0.9565217391304347
0.9565217391304347
0.9565217391304347
0.0
0.0
0.9565217391304347
0.9565217391304347
0.9130434782608695
0.03806934938134405
0.03806934938134405
0.9565217391304347
0.9565217391304347
0.9565217391304347
0.0
0.0
0.9565217391304347
0.9565217391304347
0.9565217391304347
0.03217447260438935
0.03217447260438935
0.9565217391304347
0.9565217391304347
0.9565217391304347
0.05057217374241736
0.05057217374241736
0.9565217391304347
0.9565217391304347
0.9565217391304347
0.10283867552865915
0.10283867552865915
0.9565217391304347
0.9565217391304347
0.9565217391304347
0.0
0.0
0.9565217391304347
0.9565217391304347
0.9565217391304347
0.0
0.0
0.9565217391304347
0.9565217391304347
0.9591663046625443
0.09701425001453319
0.10114434748483472
0.9565217391304347
0.9565217391304347
0.9565217391304347
0.0
0.0
0.9565217391304347
0.9565217391304347
0.9565217391304347
0.037450294313656915
0.037450294313656915
0.9565217391304347
0.9565217391304347
0.9565217391304347
0.04550157551932901
0.04550157551932901
0.9565217391304347
0.9565217391304347
0.9565217391304347
0.0
0.0
0.9565217391304347
0.9565217391304347
0.9565217391304347
0.04149591933632679
0.04149591933632679
0.9130434782608695
0.9565217391304347
0.9565217391304347
0.020545535708970802
0.020545535708970802
0.9565217391304347
0.9565217391304347
0.9565217391304347
0.0
0.0
0.9565217391304347
0.9565217391304347
0.9565217391304347
0.02948839123097943
0.02948839123097943
0.9565217391304347
0.9565217391304347
0.9565217391304347
0.05057217374241736
0.05057217374241736
0.9565217391304347
0.9565217391304347
0.9565217391304347
0.0
0.0
0.9565217391304347
0.9565217391304347
0.9565217391304347
0.07881104062391006
0.07881104062391006
0.9565217391304347
0.9565217391304347
0.9565217391304347
0.0
0.0
0.9565217391304347
0.9565217391304347
0.9565217391304347
0.019972058663135294
0.019972058663135294
0.9565217391304347
0.9565217391304347
0.9565217391304347
0.044455422447438706
0.044455422447438706
0.9565217391304347
0.9565217391304347
0.9565217391304347
0.08512565307587487
0.08512565307587487
0.9565217391304347
0.9565217391304347
0.9565217391304347
0.0
