0.9718253158075505
0.9718253158075505
0.0
0.0
0.05423261445466404
0.10846522890932808
0.05564148840746572
0.05564148840746572
0.0
0.0
0.22271770159368698
0.2291746242570528
0.20180183819889375
0.20180183819889375
0.17149858514250885
0.17149858514250885
0.048507125007266595
0.048507125007266595
0.08084520834544431
0.08084520834544431
0.0700140042014005
0.0700140042014005
0.22191801643659273
0.22191801643659273
0.0
0.0
0.09829463743659811
0.10114434748483472
0.06726727939963124
0.06726727939963124
0.13584712216226488
0.13584712216226488
0.15534712747612348
0.15534712747612348
0.0
0.0
0.1143323900950059
0.11111111111111113
0.08606629658238704
0.08606629658238704
0.1887128390240993
0.1887128390240993
0.14744195615489716
0.14744195615489716
0.074535599249993
0.074535599249993
0.0
0.0
0.2541642838876745
0.2541642838876745
0.2459549291242073
0.2459549291242073
0.13130643285972257
0.13130643285972257
0.0
0.0
0.21081851067789195
0.21081851067789195
0.07856742013183862
0.07856742013183862
0.16222142113076254
0.16222142113076254
0.10286889997472795
0.10286889997472795
0.14744195615489716
0.14744195615489716
0.2571722499368199
0.2571722499368199
0.20412414523193156
0.20412414523193156
0.24253562503633297
0.24253562503633297
0.21516574145596762
0.21516574145596762
0.21821789023599242
0.21821789023599242
0.1666666666666667
0.1666666666666667
0.1781741612749496
0.1781741612749496
0.22880215766121473
0.22880215766121473
0.0
0.0
0.2357022603955159
0.2357022603955159
0.09829463743659811
0.09829463743659811
0.11785113019775793
0.11785113019775793
0.22645540682891915
0.22645540682891915
0.15748519708717804
0.15748519708717804
0.2021130208636108
0.2021130208636108
0.2516098041413563
0.2516098041413563
0.10910894511799621
0.10910894511799621
0.0
0.0
0.0
0.0
0.027036903521793755
0.027036903521793755
0.17376201171422898
0.17376201171422898
0.08333333333333333
0.08333333333333333
0.055555555555555566
0.055555555555555566
0.14744195615489716
0.14744195615489716
0.07106690545187015
0.07106690545187015
0.0
0.0
0.0
0.0
0.25819888974716115
0.25819888974716115
0.17149858514250885
0.17149858514250885
0.07856742013183862
0.07856742013183862
0.049147318718299055
0.049147318718299055
0.12598815766974242
0.12598815766974242
0.09428090415820635
0.09428090415820635
0.19611613513818407
0.19611613513818407
0.0
0.0
0.0
0.16012815380508716
0.12909944487358058
0.12909944487358058
0.18983159915049982
0.0
0.0
0.0
0.0
0.0
0.0
0.0
0.0
0.0
0.17407765595569785
0.17407765595569785
0.0
0.0
0.11470786693528087
0.11470786693528087
0.31622776601683794
0.31622776601683794
0.18325416653445784
0.18325416653445784
0.0
0.0
0.0
0.0
0.0
0.0
0.0
0.0
0.11470786693528087
0.11470786693528087
0.0944911182523068
0.0944911182523068
0.3127716210856122
0.3127716210856122
0.0
0.0
0.0
0.0
0.0
0.0
0.0
0.0
0.0
0.0
0.0
0.0
0.16666666666666666
0.16666666666666666
0.10660035817780521
0.10660035817780521
0.13608276348795434
0.13608276348795434
0.125
0.125
0.0
0.0
0.10425720702853739
0.10425720702853739
0.0
0.0
0.0
0.0
0.0
0.0
0.0
0.0
0.08574929257125441
0.08574929257125441
0.12126781251816648
0.12126781251816648
0.12909944487358055
0.12909944487358055
0.09805806756909202
0.09805806756909202
0.0
0.0
0.19611613513818404
0.19611613513818404
0.0
0.0
0.0
0.0
0.0
0.0
0.15075567228888181
0.15075567228888181
0.0
0.0
0.09128709291752768
0.09128709291752768
0.253546276418555
0.253546276418555
0.0
0.0
0.0
0.0
0.0
0.0
0.12403473458920847
0.12403473458920847
0.0
0.0
0.09805806756909202
0.09805806756909202
0.0
0.0
0.0
0.0
0.20412414523193154
0.20412414523193154
0.25
0.25
0.0
0.0
0.12909944487358055
0.12909944487358055
0.1889822365046136
0.1889822365046136
0.19611613513818404
0.19611613513818404
0.1690308509457033
0.1690308509457033
0.11470786693528087
0.11470786693528087
0.0
0.0
0.11180339887498948
0.11180339887498948
0.12909944487358055
0.12909944487358055
0.21320071635561041
0.21320071635561041
0.0
0.0
0.10660035817780521
0.10660035817780521
0.25
0.25
0.125
0.125
0.1690308509457033
0.1690308509457033
0.11470786693528087
0.11470786693528087
0.11180339887498948
0.11180339887498948
0.23570226039551587
0.23570226039551587
0.0
0.0
0.0
0.0
0.10660035817780521
0.10660035817780521
0.0
0.0
0.0
0.0
0.0
0.0
0.0
0.0
0.0
0.0
0.21004201260420147
0.21004201260420147
0.16666666666666666
0.16666666666666666
0.2182178902359924
0.2182178902359924
0.14907119849998599
0.14907119849998599
0.25
0.25
0.0
0.0
0.1386750490563073
0.1386750490563073
0.0
0.0
0.0
0.0
0.06509445549041194
0.06509445549041194
0.1386750490563073
0.1386750490563073
0.0
0.0
0.14433756729740646
0.14433756729740646
0.2773500981126146
0.2773500981126146
0.2581988897471611
0.2581988897471611
0.0
0.0
0.10425720702853739
0.10425720702853739
0.0
0.0
0.22941573387056174
0.22941573387056174
0.1543033499620919
0.1543033499620919
0.0
0.0
0.1643989873053573
0.1643989873053573
0.11180339887498948
0.11180339887498948
0.1889822365046136
0.1889822365046136
0.0
0.0
0.09622504486493763
0.09622504486493763
0.08980265101338746
0.08980265101338746
0.2182178902359924
0.2182178902359924
0.25
0.25
0.14925557853149837
0.14925557853149837
0.04926646390821466
0.04926646390821466
0.0
0.0
0.0
0.0
0.24253562503633297
0.24253562503633297
0.0
0.0
0.0944911182523068
0.0944911182523068
0.0
0.0
0.1436739427831727
0.1436739427831727
0.10660035817780521
0.10660035817780521
0.10206207261596577
0.10206207261596577
0.07905694150420949
0.07905694150420949
0.0
0.0
0.1386750490563073
0.1386750490563073
0.0
0.0
0.0
0.0
0.0
0.0
0.1336306209562122
0.1336306209562122
0.11180339887498948
0.11180339887498948
0.1643989873053573
0.1643989873053573
0.0
0.0
0.20851441405707477
0.20851441405707477
0.11470786693528087
0.11470786693528087
0.24253562503633297
0.24253562503633297
0.15075567228888181
0.15075567228888181
0.0
0.0
0.11470786693528087
0.11470786693528087
0.15075567228888181
0.15075567228888181
0.0
0.0
0.0
0.0
0.0
0.0
0.282842712474619
0.282842712474619
0.0
0.0
0.0
0.0
0.0
0.0
0.07372097807744857
0.07372097807744857
0.0
0.0
0.12126781251816648
0.12126781251816648
0.10425720702853739
0.10425720702853739
0.0
0.0
0.23570226039551587
0.23570226039551587
0.0
0.0
0.0
0.07749842582921286
0.0
0.0
0.06537204504606135
0.06537204504606135
0.06804138174397718
0.06804138174397718
0.041666666666666664
0.041666666666666664
0.09622504486493764
0.09901475429766744
0.0
0.0
0.13867504905630731
0.09245003270420488
0.055555555555555566
0.055555555555555566
0.0
0.0
0.10814761408717502
0.10814761408717502
0.07856742013183862
0.07856742013183862
0.12909944487358058
0.12909944487358058
0.16666666666666666
0.16666666666666666
0.0
0.0
0.1307440900921227
0.1307440900921227
0.10540925533894599
0.10540925533894599
0.1162476387438193
0.11314714296070713
0.16062314155080887
0.16062314155080887
0.11470786693528087
0.11470786693528087
0.16692446522239715
0.16692446522239715
0.0
0.0
0.25560859370538297
0.25560859370538297
0.07165743639000186
0.07165743639000186
0.1573778950729267
0.1573778950729267
0.19968076595771792
0.19968076595771792
0.10375716957991118
0.10375716957991118
0.06362847629757777
0.06362847629757777
0.22058872208213906
0.22058872208213906
0.21052631578947364
0.21052631578947364
0.17770466332772766
0.17770466332772766
0.0
0.0
0.10814761408717502
0.10814761408717502
0.0512989176042577
0.0512989176042577
0.12262786789699316
0.12262786789699316
0.19088542889273333
0.19088542889273333
0.07755667343294811
0.07755667343294811
0.2503130871608794
0.2503130871608794
0.1873171623163388
0.1873171623163388
0.22256595362986287
0.22256595362986287
0.06765100914917382
0.06765100914917382
0.0899842541331695
0.0899842541331695
0.15789473684210523
0.15789473684210523
0.08240856434303291
0.08240856434303291
0.06362847629757777
0.06362847629757777
0.14509525002200233
0.14509525002200233
0.0936585811581694
0.0936585811581694
0.12361284651454937
0.12361284651454937
0.1274531854836454
0.1274531854836454
0.04588314677411235
0.04588314677411235
0.16222142113076254
0.16222142113076254
0.17342199390482396
0.17342199390482396
0.20602141085758227
0.20602141085758227
0.07647191129018724
0.07647191129018724
0.0
0.0
0.0
0.0
0.15609763526361564
0.15609763526361564
0.13764944032233706
0.13764944032233706
0.05006261743217588
0.05006261743217588
0.0
0.0
0.13497638119975425
0.13497638119975425
0.10012523486435176
0.10012523486435176
0.1025978352085154
0.1025978352085154
0.1986798535597566
0.1986798535597566
0.15018785229652765
0.15018785229652765
0.057353933467640436
0.057353933467640436
0.15018785229652765
0.15018785229652765
0.09567297464698797
0.09567297464698797
0.04588314677411235
0.04588314677411235
0.08830215713766958
0.08830215713766958
0.08111071056538126
0.08111071056538126
0.15018785229652765
0.15018785229652765
0.0
0.0
0.20295302744752147
0.20295302744752147
0.0
0.0
0.10882143751650174
0.10882143751650174
0.0
0.0
0.13245323570650436
0.13245323570650436
0.14350946197048195
0.14350946197048195
0.19274776986097064
0.19274776986097064
0.1025978352085154
0.1025978352085154
0.09567297464698797
0.09567297464698797
0.05564148840746572
0.05564148840746572
0.1938916835823703
0.1938916835823703
0.0
0.0
0.07987230638308718
0.07987230638308718
0.0
0.0
0.08671099695241198
0.08671099695241198
0.07543142864047142
0.07543142864047142
0.08671099695241198
0.08671099695241198
0.0
0.0
0.13006649542861798
0.13006649542861798
0.10890655402346601
0.10890655402346601
0.0468292905790847
0.0468292905790847
0.0936585811581694
0.0936585811581694
0.04891159880445184
0.04891159880445184
0.1529438225803745
0.1529438225803745
0.15789473684210523
0.15789473684210523
0.27144835701531844
0.27144835701531844
0.0
0.0
0.0
0.0
0.15086285728094284
0.15086285728094284
0.06917144638660747
0.06917144638660747
0.06131393394849658
0.06131393394849658
0.0
0.0
0.08671099695241198
0.08671099695241198
0.09782319760890368
0.09782319760890368
0.09567297464698797
0.09567297464698797
0.2051956704170308
0.2051956704170308
0.0512989176042577
0.0512989176042577
0.13834289277321493
0.13834289277321493
0.1938916835823703
0.1938916835823703
0.1037571695799112
0.1037571695799112
0.0936585811581694
0.0936585811581694
0.20232565955562798
0.20232565955562798
0.0
0.0
0.0
0.0
0.08671099695241198
0.08671099695241198
0.14673479641335552
0.14673479641335552
0.07647191129018724
0.07647191129018724
0.0
0.0
0.2421000623531261
0.2421000623531261
0.0936585811581694
0.0936585811581694
0.10526315789473682
0.10526315789473682
0.18857857160117855
0.18857857160117855
0.04499212706658475
0.04499212706658475
0.0
0.0
0.0936585811581694
0.0936585811581694
0.13497638119975425
0.13497638119975425
0.1720618004029213
0.1720618004029213
0.09567297464698797
0.09567297464698797
0.06302534916632545
0.06302534916632545
0.11314714296070713
0.11314714296070713
0.08812102431690699
0.08812102431690699
0.0
0.0
0.12725695259515554
0.12725695259515554
0.20602141085758227
0.20602141085758227
0.14673479641335552
0.14673479641335552
0.14673479641335552
0.14673479641335552
0.2396169191492615
0.2396169191492615
0.10012523486435176
0.10012523486435176
0.10526315789473682
0.10526315789473682
0.0
0.0
0.20395079136182273
0.20395079136182273
0.179968508266339
0.179968508266339
0.11846977555181845
0.11846977555181845
0.09116056881941459
0.09116056881941459
0.07543142864047142
0.07543142864047142
0.07647191129018724
0.07647191129018724
0.04499212706658475
0.04499212706658475
0.06362847629757777
0.06362847629757777
0.14350946197048195
0.14350946197048195
0.059234887775909226
0.059234887775909226
0.0
0.0
0.05006261743217588
0.05006261743217588
0.1025978352085154
0.1025978352085154
0.19564639521780736
0.19564639521780736
0.08111071056538126
0.08111071056538126
0.10012523486435176
0.10012523486435176
0.17342199390482396
0.17342199390482396
0.1025978352085154
0.1025978352085154
0.21654087871141106
0.21654087871141106
0.08111071056538126
0.08111071056538126
0.12262786789699316
0.12262786789699316
0.05263157894736841
0.05263157894736841
0.12262786789699316
0.12262786789699316
0.07868894753646336
0.07868894753646336
0.08671099695241198
0.08671099695241198
0.06362847629757777
0.06362847629757777
0.09544271444636666
0.09544271444636666
0.0
0.0
0.21764287503300347
0.21764287503300347
0.06362847629757777
0.06362847629757777
0.1967223688411584
0.1967223688411584
0.11128297681493143
0.11128297681493143
0.0
0.0
0.1025978352085154
0.1025978352085154
0.06917144638660747
0.06917144638660747
0.0
0.0
0.1573778950729267
0.1573778950729267
0.059234887775909226
0.059234887775909226
0.12262786789699316
0.12262786789699316
0.14159846508095772
0.14159846508095772
0.0917662935482247
0.0917662935482247
0.11846977555181845
0.11846977555181845
0.05263157894736841
0.05263157894736841
0.1860807318911967
0.1860807318911967
0.0
0.0
0.11846977555181845
0.1126872339638022
0.11065666703449763
0.11633501014942219
0.2060214108575823
0.2060214108575823
0.22075539284417395
0.22075539284417395
0.0
0.0
0.0936585811581694
0.0936585811581694
0.14808721943977307
0.14808721943977307
0.0
0.0
0.0512989176042577
0.0512989176042577
0.04499212706658475
0.04499212706658475
0.07755667343294811
0.07755667343294811
0.13245323570650439
0.13245323570650439
0.14886458551295736
0.14886458551295736
0.08111071056538126
0.08111071056538126
0.10526315789473682
0.10526315789473682
0.17119059581558146
0.17119059581558146
0.0936585811581694
0.0936585811581694
0.2051956704170308
0.2051956704170308
0.0
0.0
0.11980845957463077
0.11980845957463077
0.1284985132406471
0.1284985132406471
0.15294382258037448
0.15294382258037448
0.0
0.0
0.12565617248750863
0.12565617248750863
0.2075143391598224
0.2075143391598224
0.11633501014942217
0.11633501014942217
0.0
0.0
0.0468292905790847
0.0468292905790847
0.19332886183313758
0.19332886183313758
0.06622661785325219
0.08333333333333336
0.06454972243679029
0.0
0.08703882797784893
0.08703882797784893
0.12598815766974242
0.12598815766974242
0.1825741858350554
0.0912870929175277
0.19245008972987526
0.2886751345948129
0.14907119849998599
0.14907119849998599
0.2041241452319315
0.2041241452319315
0.16666666666666669
0.16666666666666669
0.0
0.0
0.2182178902359924
0.2182178902359924
0.32274861218395146
0.32274861218395146
0.12909944487358058
0.19364916731037088
0.10206207261596575
0.09805806756909201
0.24019223070763074
0.24019223070763074
0.09805806756909201
0.09805806756909201
0.05783149319662403
0.05783149319662403
0.06362847629757777
0.06362847629757777
0.28632814333909995
0.28632814333909995
0.20801257358446093
0.20801257358446093
0.07161148740394328
0.07161148740394328
0.16317848796612636
0.16317848796612636
0.0
0.0
0.2175713172881685
0.2175713172881685
0.177646236673731
0.177646236673731
0.16724840200141816
0.16724840200141816
0.19026059766179762
0.19026059766179762
0.0
0.0
0.14944064441601537
0.14944064441601537
0.19925419255468718
0.19925419255468718
0.0
0.0
0.0
0.0
0.23132597278649614
0.23132597278649614
0.08770580193070293
0.08770580193070293
0.0
0.0
0.24209101306752098
0.24209101306752098
0.2719641466102106
0.2719641466102106
0.16984155512168939
0.16984155512168939
0.11322770341445959
0.11322770341445959
0.07161148740394328
0.07161148740394328
0.15384615384615385
0.15384615384615385
0.09245003270420485
0.09245003270420485
