0.9411764705882354
0.9718253158075505
0.9718253158075505
0.9411764705882354
0.0
0.0
0.9718253158075505
0.10540925533894599
0.10846522890932808
0.9411764705882354
0.05564148840746572
0.05564148840746572
0.9411764705882354
0.0
0.0
0.9411764705882354
0.2291746242570528
0.2291746242570528
0.9718253158075505
0.19611613513818407
0.20180183819889375
0.9411764705882354
0.17149858514250885
0.17149858514250885
0.9411764705882354
0.048507125007266595
0.048507125007266595
0.9146591207600475
0.07856742013183862
0.07856742013183862
0.9444444444444448
0.06804138174397718
0.06804138174397718
0.9444444444444448
0.21566554640687685
0.21566554640687685
0.9444444444444448
0.0
0.0
0.9444444444444448
0.09829463743659811
0.09829463743659811
0.9444444444444448
0.06537204504606135
0.06537204504606135
0.9444444444444448
0.13201967239688991
0.13201967239688991
0.9444444444444448
0.15097027121927944
0.15097027121927944
0.9444444444444448
0.0
0.0
0.9444444444444448
0.11111111111111113
0.11111111111111113
0.9444444444444448
0.08606629658238704
0.08606629658238704
0.9444444444444448
0.1887128390240993
0.1887128390240993
0.9444444444444448
0.14744195615489716
0.14744195615489716
0.9444444444444448
0.074535599249993
0.074535599249993
0.9444444444444448
0.0
0.0
0.9444444444444448
0.2541642838876745
0.2541642838876745
0.9444444444444448
0.2459549291242073
0.2459549291242073
0.9444444444444448
0.13130643285972257
0.13130643285972257
0.9444444444444448
0.0
0.0
0.9444444444444448
0.21081851067789195
0.21081851067789195
0.9444444444444448
0.07856742013183862
0.07856742013183862
0.9444444444444448
0.16222142113076254
0.16222142113076254
0.9444444444444448
0.10286889997472795
0.10286889997472795
0.9444444444444448
0.14744195615489716
0.14744195615489716
0.9444444444444448
0.2571722499368199
0.2571722499368199
0.0
0.1666666666666667
0.1666666666666667
0.6666666666666669
0.0
0.09901475429766743
0.8660254037844388
0.09128709291752768
0.09128709291752768
0.75
0.0
0.0
0.75
0.0
0.0
0.75
0.0
0.0
0.75
0.0
0.0
0.75
0.0
0.0
0.75
0.0
0.0
0.75
0.10425720702853739
0.10425720702853739
0.75
0.0
0.0
0.75
0.0
0.0
0.75
0.0668153104781061
0.0668153104781061
0.75
0.08574929257125441
0.08574929257125441
0.75
0.07624928516630233
0.07624928516630233
0.75
0.1543033499620919
0.1543033499620919
0.75
0.0
0.0
0.75
0.16666666666666666
0.16666666666666666
0.75
0.1720618004029213
0.1720618004029213
0.75
0.14744195615489714
0.14744195615489714
0.75
0.0
0.0
0.75
0.0
0.0
0.75
0.10425720702853739
0.10425720702853739
0.75
0.0
0.0
0.75
0.0
0.0
0.75
0.125
0.125
0.75
0.09128709291752768
0.09128709291752768
0.5
0.12126781251816648
0.12126781251816648
0.75
0.16666666666666666
0.16666666666666666
0.75
0.10425720702853739
0.10425720702853739
0.75
0.0
0.0
0.75
0.2
0.2
0.75
0.0
0.0
0.75
0.0
0.0
0.75
0.1386750490563073
0.1386750490563073
0.75
0.11180339887498948
0.11180339887498948
0.75
0.1643989873053573
0.1643989873053573
0.75
0.0
0.0
0.75
0.0
0.0
0.75
0.0
0.0
0.75
0.0
0.0
0.75
0.17407765595569785
0.17407765595569785
0.75
0.0
0.0
0.75
0.11470786693528087
0.11470786693528087
0.75
0.31622776601683794
0.31622776601683794
0.75
0.18325416653445784
0.18325416653445784
0.75
0.0
0.0
0.75
0.0
0.0
0.75
0.0
0.0
0.75
0.0
0.0
0.75
0.11470786693528087
0.11470786693528087
0.75
0.0944911182523068
0.0944911182523068
0.5
0.3127716210856122
0.3127716210856122
0.75
0.0
0.0
0.75
0.0
0.0
0.75
0.0
0.0
0.75
0.0
0.0
0.75
0.0
0.0
0.75
0.0
0.0
0.75
0.16666666666666666
0.16666666666666666
0.75
0.10660035817780521
0.10660035817780521
0.75
0.13608276348795434
0.13608276348795434
0.75
0.125
0.125
0.75
0.0
0.0
0.75
0.10425720702853739
0.10425720702853739
0.75
0.0
0.0
0.75
0.0
0.0
0.75
0.0
0.0
0.75
0.0
0.0
0.75
0.08574929257125441
0.08574929257125441
0.75
0.12126781251816648
0.12126781251816648
0.75
0.12909944487358055
0.12909944487358055
0.75
0.09805806756909202
0.09805806756909202
0.75
0.0
0.0
0.75
0.19611613513818404
0.19611613513818404
0.75
0.0
0.0
0.75
0.0
0.0
0.11785113019775793
0.149071198499986
0.074535599249993
0.9444444444444448
0.1421338109037403
0.1421338109037403
0.9444444444444448
0.0
0.0
0.9146591207600475
0.08856148855400953
0.08606629658238704
0.9444444444444448
0.07968190728895957
0.19920476822239896
0.9444444444444448
0.0890870806374748
0.0890870806374748
0.9444444444444448
0.19611613513818407
0.19611613513818407
0.9444444444444448
0.0
0.0
0.9444444444444448
0.11694106924093726
0.11694106924093726
0.9733285267845755
0.11846977555181845
0.11846977555181845
0.947368421052631
0.179968508266339
0.179968508266339
0.947368421052631
0.05564148840746572
0.05564148840746572
0.947368421052631
0.09782319760890368
0.09782319760890368
0.947368421052631
0.0936585811581694
0.0936585811581694
0.947368421052631
0.2867696673382022
0.2867696673382022
0.947368421052631
0.0
0.0
0.947368421052631
0.11846977555181845
0.11846977555181845
0.947368421052631
0.21677749238102997
0.21677749238102997
0.947368421052631
0.13497638119975425
0.13497638119975425
0.947368421052631
0.15511334686589623
0.15511334686589623
0.947368421052631
0.10526315789473682
0.10526315789473682
0.947368421052631
0.0
0.0
0.947368421052631
0.2051956704170308
0.2051956704170308
0.947368421052631
0.11846977555181845
0.11846977555181845
0.947368421052631
0.14673479641335552
0.14673479641335552
0.947368421052631
0.059234887775909226
0.059234887775909226
0.947368421052631
0.04891159880445184
0.04891159880445184
0.947368421052631
0.11470786693528087
0.11470786693528087
0.947368421052631
0.11470786693528087
0.11470786693528087
0.947368421052631
0.11633501014942217
0.11633501014942217
0.947368421052631
0.10526315789473682
0.10526315789473682
0.947368421052631
0.1025978352085154
0.1025978352085154
0.947368421052631
0.16222142113076254
0.16222142113076254
0.947368421052631
0.0
0.0
0.8947368421052626
0.0
0.0
0.947368421052631
0.04891159880445184
0.04891159880445184
0.947368421052631
0.0512989176042577
0.0512989176042577
0.947368421052631
0.0
0.0
0.947368421052631
0.08111071056538126
0.08111071056538126
0.947368421052631
0.17699808135119716
0.17699808135119716
0.947368421052631
0.06622661785325219
0.06622661785325219
0.947368421052631
0.1284985132406471
0.1284985132406471
0.947368421052631
0.07647191129018724
0.07647191129018724
0.947368421052631
0.15018785229652765
0.15018785229652765
0.947368421052631
0.06839855680567694
0.06839855680567694
0.947368421052631
0.11470786693528087
0.11470786693528087
0.947368421052631
0.0
0.0
0.947368421052631
0.06362847629757777
0.06362847629757777
0.947368421052631
0.0
0.0
0.947368421052631
0.10495671428119792
0.10495671428119792
0.947368421052631
0.08960215366342483
0.08960215366342483
0.947368421052631
0.12725695259515554
0.12725695259515554
0.947368421052631
0.1025978352085154
0.1025978352085154
0.947368421052631
0.06622661785325219
0.06622661785325219
0.947368421052631
0.2545139051903111
0.2545139051903111
0.947368421052631
0.11846977555181845
0.11846977555181845
0.947368421052631
0.057353933467640436
0.057353933467640436
0.947368421052631
0.047836487323493986
0.047836487323493986
0.947368421052631
0.12565617248750863
0.12565617248750863
0.8947368421052626
0.15789473684210523
0.15789473684210523
0.947368421052631
0.14159846508095772
0.14159846508095772
0.947368421052631
0.05564148840746572
0.05564148840746572
0.947368421052631
0.15086285728094284
0.15086285728094284
0.947368421052631
0.1025978352085154
0.1025978352085154
0.947368421052631
0.08671099695241198
0.08671099695241198
0.947368421052631
0.11128297681493143
0.11128297681493143
0.947368421052631
0.08830215713766958
0.08830215713766958
0.947368421052631
0.08240856434303291
0.08240856434303291
0.947368421052631
0.20025046972870353
0.20025046972870353
0.947368421052631
0.1720618004029213
0.1720618004029213
0.947368421052631
0.15979403105436848
0.15979403105436848
0.947368421052631
0.18084003156336975
0.18084003156336975
0.947368421052631
0.057353933467640436
0.057353933467640436
0.947368421052631
0.0324442842261525
0.0324442842261525
0.947368421052631
0.16692446522239715
0.16692446522239715
0.947368421052631
0.0
0.0
0.947368421052631
0.13006649542861798
0.13006649542861798
0.947368421052631
0.0512989176042577
0.0512989176042577
0.947368421052631
0.13184425208671466
0.13184425208671466
0.947368421052631
0.04891159880445184
0.04891159880445184
0.947368421052631
0.0936585811581694
0.0936585811581694
0.947368421052631
0.1813690625275029
0.1813690625275029
0.947368421052631
0.0
0.0
0.947368421052631
0.12725695259515554
0.12725695259515554
0.8947368421052626
0.0936585811581694
0.0936585811581694
0.947368421052631
0.07647191129018724
0.07647191129018724
0.947368421052631
0.04891159880445184
0.04891159880445184
0.947368421052631
0.12262786789699316
0.12262786789699316
0.947368421052631
0.1025978352085154
0.1025978352085154
0.947368421052631
0.11314714296070713
0.11314714296070713
0.947368421052631
0.07868894753646336
0.07868894753646336
0.947368421052631
0.14350946197048195
0.14350946197048195
0.947368421052631
0.10526315789473682
0.10526315789473682
0.947368421052631
0.16692446522239715
0.16692446522239715
0.947368421052631
0.13834289277321493
0.1315903389919538
0.9511897312113418
0.07647191129018724
0.07647191129018724
0.947368421052631
0.15789473684210523
0.15789473684210523
0.947368421052631
0.06917144638660747
0.06917144638660747
0.947368421052631
0.05407380704358751
0.05407380704358751
0.947368421052631
0.05006261743217588
0.05006261743217588
0.947368421052631
0.0
0.0
0.947368421052631
0.22710998958306752
0.22710998958306752
0.947368421052631
0.18353258709644937
0.18353258709644937
0.947368421052631
0.0
0.0
0.947368421052631
0.1025978352085154
0.1025978352085154
0.947368421052631
0.16912752287293456
0.16912752287293456
0.947368421052631
0.12262786789699316
0.12262786789699316
0.947368421052631
0.05564148840746572
0.05564148840746572
0.947368421052631
0.047836487323493986
0.047836487323493986
0.13245323570650439
0.1863389981249825
0.07453559924999299
0.916666666666667
0.13608276348795437
0.13608276348795437
0.916666666666667
0.16012815380508716
0.16012815380508716
0.916666666666667
0.14237369936287486
0.14237369936287486
0.916666666666667
0.0
0.0
0.916666666666667
0.08006407690254358
0.08006407690254358
0.916666666666667
0.08333333333333336
0.08006407690254358
0.9230769230769235
0.09805806756909201
0.09805806756909201
0.9230769230769235
0.11322770341445959
0.11322770341445959
0.9230769230769235
0.0
0.0
0.9230769230769235
0.16317848796612638
0.16317848796612638
0.9230769230769235
0.06537204504606135
0.06537204504606135
0.9230769230769235
0.0
0.0
0.9230769230769235
0.12725695259515554
0.12725695259515554
0.9230769230769235
0.09245003270420485
0.09245003270420485
0.9230769230769235
0.15191090506254998
0.15191090506254998
0.9230769230769235
0.19611613513818402
0.19611613513818402
0.9230769230769235
0.0
0.0
0.9230769230769235
0.15384615384615385
0.15384615384615385
0.9230769230769235
0.12403473458920845
0.12403473458920845
0.9230769230769235
0.22798037629377663
0.22798037629377663
0.9230769230769235
0.2330206912141852
0.2330206912141852
0.9230769230769235
0.1386750490563073
0.1386750490563073
0.9230769230769235
0.20180183819889375
0.20180183819889375
0.9230769230769235
0.0
0.0
0.9230769230769235
0.15450786078738143
0.15450786078738143
0.9230769230769235
0.129944424547263
0.129944424547263
0.9230769230769235
0.19026059766179762
0.19026059766179762
0.9230769230769235
0.3379631847096874
0.3379631847096874
0.9230769230769235
0.12543630150106364
0.12543630150106364
0.9230769230769235
0.11538461538461539
0.11538461538461539
0.9230769230769235
0.30477572710378376
0.30477572710378376
0.9230769230769235
0.19088542889273333
0.19088542889273333
0.9230769230769235
0.21483446221182986
0.21483446221182986
0.9230769230769235
0.0
0.0
0.9230769230769235
0.19611613513818407
0.19611613513818407
0.9230769230769235
0.06201736729460423
0.06201736729460423
0.9230769230769235
0.14824986333222026
0.14824986333222026
0.9230769230769235
0.23076923076923078
0.23076923076923078
0.9230769230769235
0.09376144618769908
0.09376144618769908
0.9230769230769235
0.24209101306752098
0.24209101306752098
0.9230769230769235
0.16984155512168939
0.16984155512168939
0.9230769230769235
0.1345345587992625
0.1345345587992625
0.9230769230769235
0.16357216402190614
0.16357216402190614
0.9230769230769235
0.16317848796612638
0.16317848796612638
0.9230769230769235
0.19088542889273333
0.19088542889273333
0.9230769230769235
0.14944064441601537
0.14944064441601537
0.9230769230769235
0.23076923076923078
0.23076923076923078
0.9230769230769235
0.2631174057921088
0.2631174057921088
0.9230769230769235
0.11322770341445959
0.11322770341445959
0.9230769230769235
0.24906774069335896
0.24906774069335896
0.9230769230769235
0.1849000654084097
0.1849000654084097
0.9230769230769235
0.05547001962252292
0.05547001962252292
0.9230769230769235
0.19611613513818407
0.19611613513818407
0.9230769230769235
0.052414241836095915
0.052414241836095915
0.9230769230769235
0.29888128883203074
0.29888128883203074
0.9230769230769235
0.09245003270420485
0.09245003270420485
0.9230769230769235
0.05547001962252292
0.05547001962252292
0.9230769230769235
0.0
0.0
0.9230769230769235
0.15097027121927944
0.11322770341445958
0.9230769230769235
0.2218800784900917
0.2218800784900917
0.9230769230769235
0.12104550653376049
0.12104550653376049
0.9230769230769235
0.0
0.0
0.9230769230769235
0.2719641466102106
0.2719641466102106
0.9230769230769235
0.12104550653376049
0.12104550653376049
0.9230769230769235
0.12403473458920845
0.12403473458920845
0.9230769230769235
0.24019223070763074
0.24019223070763074
0.9230769230769235
0.12104550653376049
0.12104550653376049
0.9230769230769235
0.0
0.0
0.9230769230769235
0.12104550653376049
0.12104550653376049
0.9230769230769235
0.17349447958987207
0.17349447958987207
0.9230769230769235
0.05547001962252292
0.05547001962252292
0.9230769230769235
0.16012815380508716
0.16012815380508716
0.9230769230769235
0.09805806756909201
0.09805806756909201
0.9230769230769235
0.24209101306752098
0.24209101306752098
0.9230769230769235
0.1386750490563073
0.1386750490563073
0.9230769230769235
0.24535824603285922
0.24535824603285922
0.9230769230769235
0.12403473458920845
0.12403473458920845
0.9230769230769235
0.17541160386140586
0.17541160386140586
0.9230769230769235
0.06726727939963124
0.06726727939963124
0.9230769230769235
0.10675210253672476
0.10675210253672476
0.9230769230769235
0.11566298639324805
0.04170288281141496
0.9797958971132712
0.05716619504750295
0.029197858123689188
0.9363821838346233
0.0
0.0
0.9583333333333333
0.0
0.0
0.9797958971132712
0.0
0.0
0.9583333333333331
0.03450327796711771
0.03450327796711771
0.9583333333333331
0.042562826537937436
0.042562826537937436
0.9583333333333331
0.0
0.03481553119113957
0.9797958971132712
0.061545745489666376
0.06428243465332249
0.957427107756338
0.11572751247156894
0.11572751247156894
0.9583333333333331
0.10067340828210367
0.10067340828210367
0.9583333333333331
0.03857583749052298
0.03857583749052298
0.9583333333333331
0.0
0.0
0.9780192938436517
0.11821656093586509
0.11821656093586509
0.9565217391304347
0.09898443282878995
0.09898443282878995
0.9565217391304347
0.042562826537937436
0.042562826537937436
0.9565217391304347
0.0
0.0
0.9591663046625442
0.04264014327112209
0.044455422447438706
0.9565217391304347
0.034752402342845795
0.034752402342845795
0.9565217391304347
0.047836487323493986
0.047836487323493986
0.9565217391304347
