0.6835142891989946
0.5958473611597004
0.5359845898126231
0.5767807119729726
0.5369377020467765
0.6092174271725395
0.5776272884131495
0.3735571493751726
0.3447372741185601
0.49707852910740624
0.6573381916615807
0.3369066213071186
0.5173511028310349
0.5723433604891837
0.45940585131950734
0.6321365293625718
0.6315913154284275
0.8266694241091823
0.6992933519871216
0.5851165501316627
0.6190456211941596
0.6887192229795656
0.6569572201888064
0.5648852637294087
0.2489497427573031
0.3975618671955107
0.4259864737902691
0.48188520582533606
0.6352327694524995
0.6437976627532122
0.5114296129788394
0.5161250030963297
0.3602322503452645
0.23205056946370256
0.14311276183611588
0.3947110175751587
0.5552922885512154
0.5692653086029431
0.45016749534048234
0.6281852233966831
0.6814095341004318
0.6985400225187545
0.5309465527810698
0.6544939778533069
0.7287713297570344
0.5842619600599052
0.5525222013900077
0.5169242928593392
0.6269327251027325
0.5511429543207899
0.5513011258016105
0.41036921882246574
0.6470273603967059
0.6913908605037109
0.714675311542541
0.527557416360546
0.4522509390080063
0.7038668357615309
0.7369945158814036
0.5793583084658067
0.5408807327650097
0.5985263644978935
0.5847758889729746
0.604393850055193
0.727695933841756
0.7383326771009935
0.48101370627828594
0.5290481954701259
0.4681545694825203
0.6879410592426559
0.6230129823793944
0.6116787221195951
0.5516622820567825
0.7267425212274308
0.5200391009050574
0.520571429702593
0.5016962000730278
0.535456004200845
0.6473623151799238
0.6815248277034459
0.7726386990305163
0.6115999046254419
0.3980451334012073
0.3919190468250519
0.5840494380927539
0.6572377918173345
0.535113183497835
0.37810398684081137
0.6456726375528333
0.728305259380051
0.45495676328109774
0.5363297155009432
0.5359079321137523
0.5502582770515794
0.5570264398928589
0.6342717911742388
0.6067076012374799
0.4373081918329022
0.3269887901777921
0.27446804064958386
0.4380018951935195
0.44736376103863906
0.42164400722626544
0.776466650809569
0.6547068565239612
0.5564545811814926
0.44475853633182805
0.4807985510165095
0.6035889296891557
0.5554709510357857
0.446572687625138
0.5946518880105441
0.5214176269377717
0.5445025082606944
0.40677757807823667
0.44870821395496974
0.6156349287707442
0.6004536712997958
0.4851093190783384
0.5661708040851421
0.7064841784809964
0.8572397185211487
0.792610831553961
0.7749153317908645
0.5644395840731788
0.4486835823883354
0.42348510828087105
0.44453129139578174
0.44978046914963243
0.45757678069221525
0.5778826444697379
0.6648217514499238
0.7258604431415084
0.6804165227013691
0.4738462798029916
0.46838792450976624
0.5379065882753725
0.7254507987042783
0.5537504760936348
0.48261149245437324
0.5763653710081739
0.563318249878107
0.4875314502417793
0.6685735075358933
0.6095036801226419
0.5162636089041014
0.5209732277326172
0.5884680275660658
0.6103901067468941
0.6149354167630051
0.48181911070404104
0.43692607120016147
0.6294256644487838
0.5938382088838137
0.7106341446779068
0.5917800000043657
0.6089085075362948
0.667707864564498
0.5147006483638629
0.6378128217833503
0.6875015112745635
0.8747414348628567
0.7514336746603125
0.6109168141586254
0.743331120502631
0.6377564915092979
0.6354508995175921
0.31122081979093524
0.6385916438101508
0.7514960995689938
0.6107359406980593
0.5235643722894431
0.5846988100407766
0.5849604914831861
0.5484858775059079
0.5616593828359926
0.5336143275605707
0.6491174511590326
0.6348488316719073
0.5310327971433981
0.47965272230976647
0.6720200444580676
0.6330997199887926
0.5529161351891254
0.6432180638347752
0.6117552179576793
0.6631123425174764
0.6083926394708222
0.6194851340372486
0.6086630662267475
0.6505055631991475
0.5701375236940152
0.3923200917170299
0.5144423964478374
0.5984026026586593
0.68211322873042
0.4176673174979228
0.8002713692873015
0.7647481624104295
0.7466294418644758
0.5420798258755755
0.5041020720646715
0.47951692814225444
0.4889180074102405
0.6648244597535489
0.7691343557930704
0.751131862907482
0.6164004769109206
0.5317114250546155
0.662312412562191
0.5387876976439819
0.43693948894843515
0.5560767724825971
0.5559693740587383
0.6400117955074606
0.577652936695026
0.652072042726635
0.5538398850320536
0.4906406619077184
0.7608039802425304
0.7917926414220984
0.6106631083226038
0.577047750999463
0.7254931130685638
1.0
0.9603011249824149
0.45087069200120194
0.43381255475412767
0.3172330835145846
0.4862577545411941
0.604958546085937
0.5726856589230205
0.47047377075343816
0.5559319182865772
0.5764872098128885
0.456166674625826
0.3842109706356149
0.5527902307565583
0.5702672159712395
0.44109475376286156
0.54766711025126
0.7443025130384524
0.5577375824457438
0.42829031198038464
0.331073979083908
0.784663313913418
0.6472343040047547
0.42227416185389766
0.5503318138419181
0.5987480446259831
0.6578402398446848
0.5900294275603531
0.18216176570807888
0.2465161551509424
0.696795065829615
0.8078770856763816
0.6168566661429649
0.5544771169778326
0.5738501506756994
0.6896317541012207
0.7204812771182206
0.734282134723285
0.7663918061223027
0.59434976612778
0.49718388492776766
0.47118529667833914
0.36849688773131806
0.33162029053066466
0.6227058235974545
0.6161047356879745
0.5984817806951506
0.49462034882214156
0.46491074434488855
0.7973414996520009
0.7175602612041798
0.292632229108438
0.36689028351053254
0.651815747614633
0.6459364834784822
0.5304225831555509
0.5690315003499977
0.770749024388223
0.6282547890802446
0.3631986769266589
0.4857986091469271
0.7541650316866957
0.5180067016841563
0.49151000219693175
0.862452217705519
0.7977001591570867
0.4672113310114633
0.34945006978767706
0.5428140776968455
0.7805297979377879
0.6680510456171928
0.6741968947811408
0.7751777191816986
0.6992566691932284
0.5615592106593668
0.5269705441786261
0.4997552159905574
0.5411669639789148
0.6220031484040602
0.6099580993909456
0.4539539319743273
0.22881455878773907
0.5199638112860558
0.7544530769840005
0.8085344759624682
0.6376983946578711
0.32451141745507084
0.44657269101506036
0.6321286790407133
0.6322464886087588
0.5749983991716192
0.4316979743203687
0.6311261911988907
0.7448924586009321
0.6055455857579125
0.5310161751353784
0.5244078211151396
0.38061123356723237
0.7021875672787008
0.7393790088970468
0.620259481912494
0.5452267987885409
0.565503479927358
0.5633932748156167
0.3944969330339217
0.5701072112996611
0.5378097906566836
0.5748365876902563
0.5855724956511292
0.7050819778253091
0.6322163903695526
0.546271289470756
0.4729441770152606
0.3151066535961996
0.508112701173364
0.7392899597715928
0.35628242886886186
0.5474563269194007
0.7141324866409857
0.5829282928345356
0.6166987629224413
0.5984681085511439
0.0
0.5029899907633797
0.7434490296344358
0.5656616424202036
0.46783781421984577
0.573004940709367
0.5467636620806811
0.5256031976322633
0.7264854512099038
0.5811176139677008
0.4791678354735666
0.46618379934651977
0.5306223385792032
0.6490657391784534
0.64805522261718
0.4374529178514143
0.32263814218797804
0.5155414100829906
0.6116477505521746
0.5232577225209167
0.49711967854188727
0.6824084412769326
0.9497591706736396
0.7451429128799479
0.38218336068240144
0.41615962133997286
0.5739504133005287
0.5594769993836962
0.3559946413792815
0.5335686225724648
0.541228827523284
0.3520995267715236
0.7777713353697648
0.7487509256333106
0.7000567046248387
0.5704308307134721
0.4491458688373057
0.534299728378928
0.5012712969828158
0.5866820864913938
0.5447283145252052
0.60342421907579
0.6557564857471437
0.595069699881912
0.7899253169067552
0.6130889400632664
0.4743560378418423
0.39927532941849625
0.4207013565946509
0.28845691525265665
0.45725892401255125
0.4089747910511352
0.5446512025123778
0.7493379115442201
0.66592520418309
0.5601823371716588
0.515202494722664
0.5873295297262467
0.4349688190560455
0.7076934484542622
0.5990471122430621
0.5727140581749607
0.5886155540623357
0.5129634228866419
0.542043605648378
0.5881032986448035
0.46992482933229335
0.532742009711441
0.6353718666679726
0.42786349704689147
0.5474144226757095
0.6435874099437978
0.6712432978318513
0.586201986023926
0.7020970595478648
0.49381144466354127
0.6712367347227923
0.44279115054615115
0.3863252494415367
0.5539699373211585
0.5573122607880551
0.44304292893358954
0.6596809082299387
0.6727041239056739
0.4115637277173691
0.38626547552895
0.5623808388859303
0.9224161201191055
0.9919363568477947
0.7981357648450204
0.5302815191254151
0.6116097615341186
0.8520763441306209
0.9401899580905407
0.6888913484892115
0.6177103263340422
0.6773710754978798
0.6455023540811459
0.48645198657886785
0.5206183440888404
0.7041050837219477
0.44611979345145475
0.3151556565669808
0.7563985817993222
0.6925456952562957
0.6383563141831684
0.6191519973126371
0.6010948304914053
0.6935273495208216
0.575889524804862
0.46528741901580234
0.45563743314802085
0.6333909481083428
0.8275846736245667
0.6514510185185621
0.5499919351879508
0.5291362486511376
0.16606478590975593
0.47206772531378904
0.6581321489575345
0.38680093951102645
0.46972885926925373
0.6093899303824502
0.6052926228645463
0.6237005376919669
0.4199094288932121
0.506251925616693
0.5664433109685657
0.6383052608809298
0.8237305193503854
0.733413015787025
0.6970329886813837
0.41629374784666734
0.44551585527433635
0.7182982806674826
0.6597685245469431
0.5896077606698022
0.4569999029390033
0.6243848618635489
0.7085639103126187
0.6990412967087891
0.6301184095771107
0.39690458509367743
0.3930701177723329
0.41861163964476844
0.41632961991470135
0.35522308646750383
0.45186654299076934
0.5718521746311208
0.3292086575078695
0.4513949713038779
0.7189710660914279
0.4711444532976059
0.4736492046367691
0.6818468311202475
0.6189660179291833
0.341888241229622
0.33117813868969254
0.21293631786513595
0.7069275609923114
0.7988531931813527
0.6536421924267765
0.6887675899777554
0.6090865334864615
0.5713791107005888
0.5153234740651637
0.4572592676267034
0.4891630077907914
0.5639854755169141
0.7377324720894235
0.7460307962915064
0.6302576466833937
0.7811588934363336
0.8992313758094616
0.7764069479591055
0.6700954065789998
0.7109540071190765
0.5681297496765317
0.20665179629646357
0.4904430379407146
0.5357153913731357
0.48483037014930863
0.9466387944093748
0.8626022031276719
0.4156880678284437
0.21404438972555181
0.33097221900484547
0.29242887141880225
0.6232225477844449
0.7105127695117663
0.679708254633765
0.513165607601277
0.49169769202218905
0.6691969277152335
0.6662721176678578
0.7390376212625158
0.4660655240078522
0.08372347176879591
0.4888040645101865
0.5102554189462818
0.6590102484714424
0.6309193972037583
0.873888430029279
0.9700884170565939
0.8512595636488942
0.75424006506375
0.5936858001053396
0.575333194775741
0.7422731745975697
0.8836898216861113
0.794026380707264
0.6874697737594071
0.6082834469097635
0.463093192562889
0.5315563757795468
0.6218518337578236
0.6597662525627886
0.594431549318371
0.44804665198390187
0.7512136626197657
0.6304719547893193
0.6809201377708873
0.575987579460775
0.5747547011935634
0.5606736718345778
0.4628446631088814
0.5155951166155657
0.5659138446659401
0.41486017065952197
0.34324252285998347
0.40927703233108215
0.6767883334477998
0.7424364407488968
0.5101879595845912
0.4217314275811285
0.6015873250572731
0.7612725727850301
0.8821910337403847
0.9156286771215928
0.7063907740879152
0.6862716590358107
0.5906727989940096
0.2982357097061791
0.5008828087570552
0.5593168576116475
0.5624762649336636
0.4386428375992171
0.5707531985228232
0.6047935362946063
0.6515302119919295
0.6765558803656937
0.5904089361419025
0.47813758167619735
0.6724318014349608
0.6613214006602324
0.570666765599434
0.3507284390130252
0.5674773463034313
0.4099016560806818
0.44205006626644244
0.6778033777711572
0.5868923230711122
0.4862328430887228
0.16131275011698343
0.7200208491906899
0.8205155550967236
0.3573764775626343
0.40391355888179375
0.5876732790858338
0.7044127668467288
0.7498231393863263
0.6605624388834951
0.6831683884286466
0.7390365378879934
0.5432081535913643
0.4429012344875684
0.5583748626422929
0.7386501881443274
0.619682761835799
0.538101392652857
0.41742431079347075
0.5478458329220138
0.43844363455410895
0.46544445098758536
0.4511275105537303
0.621851257070408
0.6450344900924557
0.673974846744662
0.5810792250735445
0.5481097408218291
0.4697316635607211
0.6267141641284246
0.7393800998386825
0.7894256415229569
0.6291433367917026
0.4007582284489299
0.3698617018226665
0.6739760486998647
0.8124138153859438
0.7417089184090797
0.5283267965916858
0.4712864385188073
0.49544275783718766
0.5414088218047185
0.4835450810768188
0.4364172768827769
0.4155521834041242
0.4419736375928418
0.5574640859679212
0.6901978681265518
0.5712497377444502
0.45227363702592593
0.45513505763132656
0.4994630635422958
0.6050052842602797
0.7505501082277712
0.6538151902142282
0.45129481161397705
0.6523414393746715
0.5912820751956276
0.41675455739086664
0.6408732322582229
0.6941579001447574
0.6187665647589872
0.6386992811651994
0.6345752646921196
0.4742479874435271
0.5822383542393533
0.5561204698875768
0.6349127048174785
0.9192058729029127
0.9115850066957537
0.30536468316093635
0.49909192014541826
0.5202925359085766
0.5635657689539916
0.47103139284240153
0.4772218152417443
0.6355045451323963
0.7370959727644746
0.616724186532465
0.5469836337548853
0.3960981433066799
0.3628747923945138
0.6804410117097405
0.6947427320522706
0.7843459711600321
0.6845692170138522
0.464654473021259
0.344642033367292
0.5667486953883306
0.6990135468026611
0.715150521512114
0.7562601441827124
0.6058680762426234
0.5765229008252515
0.5911648911313625
0.5401903095943276
0.5578068765489149
0.5738813951450225
0.4358448233743398
0.6375365635659024
0.6291815579882568
0.7557001891373308
0.8696182370986689
0.8365686330715321
0.8122939152768167
0.691708687760329
0.7397992307233038
0.557040411917809
0.5931394119611699
0.44878610463867624
0.4501923740268258
0.7783394563039313
0.651040508032674
0.35250545522753646
0.580629910937595
0.5969200752661179
0.522313693724386
0.4601923579639746
0.6918331430624682
0.6857448739709139
0.6258008645719942
0.5893604566142818
0.6209147946772939
0.4132182300702771
0.6585141162290664
0.7435055105640238
0.36451497259269017
0.6007796756495272
0.6367567207208518
0.594108912977226
0.6607490035114751
0.513150238461299
0.4694189500500754
0.5669434491169825
0.6008447710052374
0.6314860934211024
0.455183290857297
0.3558246199526742
0.5247837356638941
0.793431469589585
0.6555496922982482
0.3780469038095264
0.34323071970677066
0.4968479647739314
0.42526056771325277
0.5218026880568676
0.26801527938146635
0.40213385551968034
0.6951406525253689
0.7537130867747298
0.6663388706452804
0.7091177279398858
0.6412373087480715
0.2668063666817754
0.45861169489739717
0.5047408494988842
0.5410269359111852
0.5466912130395212
0.5700696056051446
0.41391218988197603
0.2029143455910351
0.4466722964615086
0.618959651325723
0.6881222713953326
0.6781133995342212
0.3790092353477447
0.7237760465301594
0.662914144694724
0.5974135639028246
0.6630875111972409
0.609518235573597
0.5403395041652554
0.7077931808557534
0.5989437974328943
0.5538396638560439
0.604006104845897
0.6919993633683568
0.6126515063822543
0.5712771479019519
0.6481039213718813
0.5027937737221679
0.2447867750962868
0.5054500273414795
0.701282814649948
0.49641329769554265
0.48555317459039504
0.6604965043589787
0.7271846930255155
0.5616722002863351
0.4371304714199158
0.672419053184691
0.7516495630353914
0.6785748455104104
0.12865107616216104
0.5586037490476149
0.5704400826994439
0.6117358184084253
0.6389244350152293
0.40308597878341823
0.5547378283008814
0.41906344782663635
0.5462990663261609
0.6093794500969232
0.6277496419433068
0.5459558418222048
0.39020430917744126
0.7270226262665788
0.6456119756266079
0.6718632934661433
0.5313467701912119
0.6011324735503598
0.6175102106634045
0.4760179040137451
0.4717979614367364
0.7261784687692957
0.741418476897583
0.5771849878804891
0.5035499567630364
0.366342079850351
0.4412121868111902
0.5185554837016864
0.4104919988793187
0.5070830859995629
0.548260561263471
0.8074006575895146
0.8069688240368686
0.5262504864393175
0.4634014401604716
0.30051647642974677
0.45413307729353924
0.44993449048991163
0.6195369086690187
0.68797056224138
0.6028139474300079
0.6368706150505588
0.600064621674551
0.4378381858623114
0.5978616024000171
0.7693648059981202
0.6376136319722067
0.5418527391695861
0.5990476119731813
0.7749235019595752
0.6124757260808668
0.4182469056006799
0.4855946640245728
0.6224816485899617
0.43313715928596996
0.41713462451231204
0.9428204697017669
0.9286927604325238
0.5970134167399808
0.6920462697524925
0.4365492510255561
0.7042594748990182
0.9308631552542405
0.6617638680608415
0.4601311780263565
0.5932319850346331
0.5190042793932562
0.5803049126057982
0.660631861542533
0.630890118545783
0.6107621100969634
0.6358111348572111
0.5741073867516465
0.34472104675005566
0.5381100670697846
0.8279338969273734
0.605910491205564
0.38756914651853636
0.39141782191709423
0.5991407284574016
0.639532710426693
0.6003893935824159
0.4793482260521331
0.28992740929469996
0.23232372338304647
0.651850104924228
0.7251663044373327
0.5727723738943108
0.5522035391525016
0.3755242692439841
0.5882519718246092
0.5541122129951537
0.40688188184269086
0.4471599209636767
0.4438016201168403
0.6766710155257782
0.6731291813050969
0.5358305857258674
0.40539242193746255
0.6147699635588024
0.5467935450651014
0.6437991708775764
0.6434017536711735
0.7146838760150742
0.6165402177803208
0.5858102778931569
0.7583244736030182
0.7647666740952919
0.403276107109318
0.5013149874600441
0.6803899523924221
0.5554180422721929
0.6612431923048641
0.4100143716074777
0.530372059138934
0.6028011679841828
0.7014457193371658
0.4002587699107561
0.4110863587991948
0.5024425745206988
0.5675944241200418
0.7242762150909701
0.5959360616159972
0.6918218478429936
0.6751028771242603
0.40078987470829225
0.4447427537603967
0.6663913481575546
0.6379303337631965
0.7115096900684271
0.5525819471267962
0.7224606687078018
0.3770379139445044
0.3471121543691489
0.3201547587239668
0.5791526870740223
0.5868645548588892
0.5954900067373535
0.5462496132787079
0.7276425257768372
0.682831772165845
0.5918332059423692
0.6060423016441471
0.7084364011846697
0.6048817302314674
0.461014146645562
0.29421151954721647
0.6150188853082034
0.6626107833067586
0.5163516768803144
0.690348268845154
0.7216051618154506
0.6333508544897068
0.7981697442336156
0.76355698611291
0.8019999353583112
0.6729499526794505
0.568560093050664
