0.914233276379412
0.9645911651020291
0.9247308520344784
0.909073343460341
0.8567696318336006
0.7612530357272053
0.8372765342527902
0.8699798221453021
0.9287470265617224
0.8567143022464182
0.7984235244380689
0.831305077560556
0.7865510696200931
0.8829156061578569
0.8928813999072013
0.8605557170598209
0.8140292329108386
0.7438938762362685
0.8035614092988674
0.8287522678055982
0.81197742778421
0.8125835487433078
0.8551439987042522
0.8563120665963105
0.8590406781684119
0.9358683986287307
0.906300720997057
0.8746783648508875
0.9008269178479846
0.807216500563394
0.7886208385223669
0.8761449323557604
0.8863836231954706
0.7797283506779564
0.802652430486644
0.8041907464955557
0.8120032472136499
0.9720001630777771
0.976360085714553
0.8493382567866361
0.8306673535045931
0.7953693057142305
0.8003222727272729
0.8389193581145552
0.8556444516626494
0.8290388635708775
0.8524360175031491
0.8701457237123037
0.7935583397509519
0.8933174738459452
0.9656397599858195
0.849294616396154
0.8376236040660929
0.8830470768949998
0.8102492364949598
0.7768484640009571
0.8326585231876527
0.9068343859797734
0.9792755752672365
0.8778099887651358
0.849920476834178
0.9173759400860074
0.839800275005199
0.8179882691907109
0.7879965416009707
0.8965710186366462
1.0
0.9348549042767386
0.8907234187560745
0.8539962623406635
0.8529326141332748
0.7914720428260595
0.8398374254592725
0.8525801707997038
0.8857419767781938
0.8547546217817056
0.8102875417367759
0.8657868715331517
0.8450874450348456
0.8934401089080294
0.8716581786950044
0.8346141526591117
0.8128392211948755
0.7161037049227545
0.8568879470798068
0.8314669812693609
0.871453245787394
0.9471865752689411
0.9230156398238861
0.8582475728119331
0.8991193288484894
0.89702517141006
0.9063488883861144
0.9006236157835276
0.8414845040826783
0.8984857222790419
0.8614770243890894
0.785613096032007
0.765287511758267
0.807665590916069
0.8382614830509162
0.7614110575439402
0.7496444048577866
0.8041413146413757
0.9015973939703572
0.9291203572335365
0.8342720815389617
0.8470075521240985
0.8637613733528512
0.851449396966724
0.8384014533272317
0.8852875027232867
0.9246207821747002
0.8869230211641197
0.8326866451346041
0.8759829703061798
0.8838788718032163
0.8682586260285391
0.8409045301752334
0.8097028432416852
0.8086743990531383
0.895259989337227
0.8901963630491254
0.893452789896237
0.9102456139991598
0.9067114458434029
0.8350709198865935
0.7076989954568065
0.8808716530662194
0.8484490517658447
0.8200272729540745
0.8518698748471671
0.9134866134219548
0.8598973428175976
0.8826132857897295
0.951823513387077
0.9478121297087457
0.8340726601666452
0.7342501419155335
0.8031662695749731
0.875562579073394
0.8778099799447078
0.7826002615422791
0.9293136874924104
0.8625391731389188
0.8295813688788873
0.8635335349428163
0.8397216553490833
0.7948234380115489
0.7770729383986578
0.8219012753674048
0.7638361216203209
0.7993188427221954
0.8363860586431758
0.8049482854616209
0.8504944428996981
0.800766660245895
0.848143192816335
0.8531352854534312
0.8740322562970065
0.7915421108803087
0.8892684898421621
0.8740075420448958
0.8365927673373907
0.8133697417648493
0.880763321975138
0.9144916127773047
0.8638919532126789
0.7289146337533962
0.9543824456797227
0.9103152275747783
0.8598692704368673
0.8750749860777486
0.8963013269114846
0.8900529293267817
0.8820471323626872
0.9090310163002615
0.9080876396516796
0.8962766340879672
0.8306738979889335
0.8801187151889498
0.8154324105309116
0.8894182063618593
0.8781235791989158
0.847735768689385
0.8528751621072046
0.8193786954688981
0.8140850888813511
0.8380974531761044
0.8754858552518301
0.9336358913003494
0.9159967871273894
0.8901890135551124
0.06534798460381794
0.0
0.06149255649106402
0.06149255649106402
0.0
0.0616441495347824
0.06536299069959303
0.06733215112686182
0.06559692139674808
0.05766320513917709
0.06776474202861887
0.059999112610455256
0.04912970574534719
0.06574534791698099
0.07899392171086964
0.07480617608303489
0.057848114548858645
0.07546635463579311
0.12341427139805067
0.04851792603242793
0.03789075477217168
0.041321433967113574
0.06129251748837061
0.057765185373282346
0.06097228716570694
0.039730968578383284
0.046087839855877985
0.05804034496363738
0.07254971861408291
0.06846189218619371
0.05737814665491495
0.06771338043882663
0.075556813472806
0.060095988303271224
0.05087860632108812
0.0565559119288466
0.0697260065351195
0.06404755693522739
0.06695100009901844
0.06808383042699034
0.05384685777224932
0.0648519314476312
0.061934179512504225
0.057490669995378954
0.06291186164975902
0.057515200291756406
0.06311352622127477
0.06320440683588273
0.07587052923319863
0.061776239891776434
0.062167693813322655
0.06523251265788897
0.06164062688600446
0.055622023088623664
0.08398575490016037
0.09088763684848714
0.06601918114923244
0.06476133569158365
0.05815139710544264
0.07322986644820233
0.06251632505903704
0.06450384993016685
0.06575175857444505
0.06898509971368741
0.06657545732499048
0.06664411826138933
0.06587400902135541
0.05893214309504082
0.9545388560683873
0.4288693043561704
0.2939645522131761
0.3246248606252879
0.30672583522116587
0.20398090976323907
0.2223535719443998
0.295602454863834
0.2118002672432494
0.3278892342937183
0.1921768163798886
0.16454931262522512
0.2229151161406173
0.17308834885962773
0.22889400620853345
0.22127012758924208
0.2570646814760887
0.32188010782501403
0.25100150375938174
0.27664243820583356
0.21524485779632002
0.3088207830810637
0.34765177850348494
0.23446828645102505
0.28217955255502836
0.24885148364518775
0.2777743357754461
0.3275149092151449
0.32567275614130364
0.30109568397767045
0.3475354833427182
0.314231410029617
0.2788352281891668
0.3077555408514546
0.28181491129130193
0.2725399871939379
0.3310232840632606
0.28793067090960983
0.3045273154991236
0.30683974307894163
0.3156137675512849
0.3156982765804874
0.32616214549876
0.3122521856834809
0.350226476287143
0.3681378570939652
0.3177465417238709
0.297099571940142
0.29684858104828
0.30577315457318766
0.27611154031453916
0.2664070077845118
0.31407958297083394
0.28039886546342047
0.48208954191500547
0.11548264508430253
0.2656814164455943
0.2875459561579406
0.22728630611833764
0.24321387461455476
0.31901853069666614
0.28960099654769705
0.21319762535156175
0.23064259414726862
0.264969545545605
0.2583368711963107
0.2514853097078668
0.24117706643373865
0.30190735962114856
0.30669099881641565
0.2943837407158095
0.2315704417651734
0.2580232164862258
0.26014903682530777
0.1918706112604114
0.2433818532649884
0.30857130994367993
0.270559945027388
0.33459220477398527
0.3425698677623903
0.30283508217786964
0.15196328572803816
0.34745738176028745
0.34161042284726145
0.2889091333005837
0.24460060186475915
0.2863294329024427
0.28120451199493
0.20985955781096222
0.28301917580905545
0.29164929196470935
0.31629738818232456
0.34554448747030864
0.35129449609808483
0.26868804170190697
0.24698317627336813
0.2572669653981362
0.2810672942081692
0.25869522896035485
0.2311115063214286
0.23557601519511256
0.23869677447975426
0.32628351717867077
0.34807928157920054
0.5613758633801942
0.181655455143282
0.23276531752353255
0.23123541952790128
0.22933854229371736
0.3228853682772297
0.27442518634985674
0.2621936905141813
0.2734003784852899
0.24688433218877956
0.2016909503063183
0.22001494011117995
0.276078154313807
0.3435647076101049
0.34154070828876637
0.29388621630934025
0.28115096989373944
0.2569089210301195
0.2533765273712713
0.28135905596705174
0.3243031503425245
0.3226377319977462
0.39855198235667694
0.4199666401012709
0.30315955032685393
0.2855728555181259
0.3148045412430404
0.29487303298756395
0.2822760104978463
0.2695555370477455
0.25378855684776963
0.3555884698582524
0.333541067356333
0.1784469038013779
0.29207946081116765
0.33248049645880545
0.37187109700730975
0.3568027208464645
0.26017026244364544
0.3015046678320567
0.3009939059971445
0.3387694061129169
0.2859861147119891
0.38697466681620135
0.3964362344853211
0.3513971438562879
0.343177149203962
0.24067513854162972
0.306426841365488
0.3109657660250973
0.9105127526663658
0.08429332932804276
0.09569364490111684
0.08357345045854273
0.07809586011328949
0.08131315382471987
0.0
0.07997546361615977
0.07997546361615977
0.09544458732661104
0.09544458732661104
0.09082918794460522
0.08418024284155999
0.0725351133549797
0.08932257295531425
0.08932257295531425
0.08470332768013852
0.08933889887472275
0.08853539034244863
0.07423729908543075
0.08451193429950127
0.07406760480986306
0.06114943033593841
0.06616198371198127
0.07687145258357904
0.05380670856434189
0.09128179797915639
0.08029801965998815
0.07538275376310474
0.09063801142396505
0.09010962730924096
0.0319924874333
0.09399906682440397
0.104304622204822
0.10381593744931857
0.09076092486569373
0.09750033152030099
0.09741404475374989
0.08868439345589524
0.08207614228784486
0.09044111329214687
0.09759488140574213
0.09521248210564305
0.07583672988474335
0.08119094115202224
0.057332050065298595
0.09951899384086192
0.10823573792672397
0.10026765993286066
0.10124912140124862
0.08396907062687171
0.08738839543982059
0.07793233370841422
0.07967793779221195
0.0682336264174366
0.09706471111814265
0.08699382174204434
0.08130875870272393
0.09509257124151199
0.06943341781607525
0.09002369990871285
0.09767734145505062
0.10351057830021969
0.10663247004390305
0.10520316751946548
0.07147308589321301
0.07839756759142799
0.07944997877351569
0.1505201530285577
0.06485450343912719
0.07538304009068024
0.08022517006711452
0.09047275690437193
0.05485449058828506
0.07503786376549636
0.07042651007262965
0.09932876933905123
0.09098514173568016
0.06974461116813951
0.07620766457492198
0.08686421509262147
0.07141713538501325
0.08402770887841965
0.08681744501802593
0.08424245598149206
0.07659016912865627
0.09724497587467786
0.10679702737202636
0.08997580045290883
0.08234936584944835
0.10073385336994853
0.09869733434809624
0.0832639375285996
0.09350600484081593
0.09712695279911404
0.08806673299648245
0.09876112174166278
0.09419210389191182
0.05091833867655092
0.06855669518897618
0.08940824365723998
0.08349336626561117
0.07564389853490316
0.08411872388273818
0.06522877382479887
0.0916020456069296
0.09307025266694356
0.10490504785935051
0.10529197222627538
0.10190288006432509
0.0830862689965966
0.07355351773607972
0.07865936066833197
0.09734455441378147
0.10102819183826277
0.08531366635198158
0.08040687070902906
0.06977941425181741
0.13594309684814376
0.050607395554598464
0.07387544826899357
0.07682389566207698
0.07339886111048775
0.07703163290319552
0.0829380911552833
0.09260800923710785
0.07546288162237381
0.06958099968120096
0.08731292333585106
0.09282266027402783
0.09018574044196932
0.08412880548729654
0.08774819372102781
0.08629986519389167
0.07492683039395776
0.06809945912517194
0.08339183290221484
0.08747022487790959
0.08496658034094502
0.09030565699824741
0.04446096714037803
0.08652795671834287
0.10676722517021452
0.09544221985919164
0.08050283432186103
0.091296428027253
0.08991021506774087
0.08058946575195206
0.08913757719250737
0.07324384699540455
0.07359554638440169
0.06912065325090798
0.08986222103531434
0.08209808550976301
0.06707903554582807
0.0764153058675163
0.08271705441878681
0.07299485043267792
0.06273799732845972
0.06558186390584363
0.07183594865885568
0.07379985125638251
0.08151581751922227
0.09640826665061683
0.09234921455506796
0.08733108621509506
0.08001518853367406
0.07357595249042939
0.16435127100046404
0.06957208335866302
0.07114366776451979
0.07035407786865858
0.03854306077046374
0.06820865655674789
0.06804100767742312
0.05309824180631291
0.06310136499139543
0.06852403018725708
0.0677829847141025
0.06723754794650286
0.0698934012041975
0.06809593662737917
0.0709745878704667
0.06633402726265664
0.05007847049540242
0.04047911361981648
0.04372509533585659
0.060899033324520284
0.058497460376241414
0.04099097658032877
0.06649628231723623
0.0601069116333705
0.0674127922116933
0.08268293022141933
0.07359477583800952
0.07169097585907186
0.0730572646904436
0.06022524554359647
0.05677638997030384
0.06675650684167732
0.07203034650579432
0.044568073088889534
0.07196407951606779
0.06795349562288391
0.06855022876459083
0.08220992481468356
0.07289335846502365
0.08860209864389292
0.07931776046310761
0.06702388643975997
0.06217109533993535
0.06219068923390765
0.06460293975362086
0.06794413898812186
0.06266512565537175
0.07521413412018078
0.05744027072618548
0.07596519669643356
0.8793718287726483
0.10553074717126434
0.08934500902289377
0.09489400304850275
0.0962588251717128
0.09666204409273468
0.1144893665859142
0.10748784081850202
0.08857120021939875
0.08857120021939875
0.10617368879855407
0.1184926619537881
0.1031686473222843
0.1880372572597271
0.10976860243938602
0.060009661390829985
0.07933581059234789
0.07658854378584824
0.10418873092966971
0.09787672968168105
0.09990964735546837
0.1136256758498586
0.08408440103786177
0.09925702076487719
0.10631614859850494
0.07105550980411673
0.10511395067739297
0.13067837003886168
0.12448044448221865
0.11596187420870399
0.11276506984533041
0.11009501656130138
0.10198865489713231
0.1294077479062776
0.1128333606085877
0.0987690875144819
0.10284037821730628
0.11564716406293381
0.1169750820662062
0.13006073794281256
0.10845102165351961
0.07756517689355442
0.0995929875578064
0.08776549220548144
0.09149068238160049
0.10353626006021549
0.11996706395811683
0.10896982963563193
0.11205496174586294
0.11869684932911312
0.11183250203004864
0.12770772454427712
0.12197902487526338
0.10995715450642989
0.09733337967690137
0.09349891636488042
0.09151885973341764
0.10252030253164765
0.09978516601593425
0.12236122436316173
0.12353418748564864
0.09475182768960998
0.1056082529540665
0.22966879950164706
0.12575991705243258
0.1251566748734323
0.12890041730934476
0.08995404035696516
0.11902355968659609
0.15011494924320554
0.14410709876909936
0.10531864046776569
0.07548624664627855
0.12078948608507162
0.14105347028524118
0.14486132866518062
0.11666223962297544
0.10702634728978085
0.11174732162438233
0.0858649974583407
0.09299912974084859
0.11705573573939737
0.12074048202343032
0.13814454591231037
0.12468468397774236
0.11776484823256064
0.11928637872497376
0.12218863811627713
0.1377006133267641
0.10568945790720176
0.10327198820751922
0.10125394612519367
0.11916108169828347
0.10900501769023929
0.1225820205298232
0.12570042652260996
0.10941065285922309
0.11898841447309676
0.11743088081413743
0.11275263646177253
0.09843219838674072
0.12095816936691402
0.13852437568968723
0.09875434724841022
0.12436256988533405
0.11852154720330497
0.11178026217855798
0.103737101806935
0.10287278986696718
0.10946429151830736
0.11156015777937957
0.10745318734855538
0.12194988495360666
0.18516966176364574
0.0666071333053162
0.08534519016059246
0.10343324808776277
0.09918689476443734
0.07729035813758113
0.07533881125628684
0.08920885618198672
0.0903700637484455
0.06409133200646168
0.08763380419186682
0.08753854352128834
0.0993060658626008
0.09843858069661496
0.07627113970051298
0.07649797327748455
0.09603336666137757
0.09886866847665252
0.07813072702357554
0.09361553766110067
0.1065064992721439
0.09316859062872065
0.1041703728024498
0.10511673097414974
0.10776427317588451
0.10353511592763447
0.08510220471249559
0.08382467423429195
0.08666221609008794
0.1019981229813994
0.11630445105715731
0.10833293103440951
0.10392314306704992
0.07177785420906806
0.08044315622249454
0.09381289702069029
0.09519712623572253
0.10586610676554105
0.1065627137125535
0.11041370620206682
0.1091048410529213
0.10220161297820446
0.11583532486727303
0.10820975534621255
0.08739812834968068
0.08861364507451269
0.077651947836423
0.06625827646838334
0.07792558647059711
0.09643463701011211
0.8696731860487955
0.05048668956055979
0.05048668956055979
0.0
0.0
0.06048587585124452
0.06048587585124452
0.0686364203467374
0.0686364203467374
0.05327694699459672
0.06551401303476091
0.06572106517207846
0.05896070998004345
0.05968862993453247
0.0
0.04314026214260507
0.04065507821504564
0.05594729869486082
0.0564713916992996
0.05360551020738656
0.049583594476025
0.055000665100521734
0.06120532121235864
0.059122564652793475
0.04625050786312703
0.06210465342672804
0.059600153687450114
0.054302290212893976
0.054009981102427766
0.06727452132718785
0.046490639066558245
0.05268403457536857
0.055744032727749436
0.05860104464811371
0.049402603913612946
0.0639765207550574
0.06381249553949596
0.06093512554414471
0.06982389213788551
0.04952516746359102
0.05251338721453637
0.06069211156219183
0.06493297468914665
0.06715801722215688
0.06412648903853843
0.07172373746202547
0.06082940155109152
0.05348370771222175
0.04259129670384263
0.06260409808746896
0.06565633692982255
0.04777783548721777
0.06462540515568074
0.04939581197885346
0.054181810551989826
0.06044451466777767
0.059816723788985685
0.06869455433040778
0.06371313327078243
0.06903021483346486
0.06886101457618923
0.057768479337030484
0.0635042040958513
0.0699616360684368
0.08840028620967803
0.08653859687581758
0.0521024751615872
0.05758024772619303
0.06199153097239164
0.06276069394874292
0.05887789317063977
0.07034808172003645
0.05737062392157057
0.055523912296680494
0.05593644515224272
0.0934247606004805
0.05097022876474942
0.06331266361643394
0.05362792758649867
0.07151693441223114
0.06369398898505428
0.05725122482733962
0.05991395255880296
0.0625903544888224
0.06790355080256526
0.05542174025991746
0.052063261716795754
0.05397137642578742
0.05571527259093
0.07332529467683876
0.05157586867449626
0.05814220314646405
0.06163889202654909
0.07401745377053276
0.06258065533071422
0.034206961967558965
0.04881085659769235
0.049934921800388006
0.04527997669567908
0.07204883051829529
0.0743869373334764
0.06006078191303218
0.06954338417709814
0.06152438744272435
0.055171271956724686
0.05220913940974192
0.05940931396138336
0.0
0.070217271876799
0.06250586147656985
0.059772421850895374
0.0637665275917477
0.06557480122883727
0.07162229945347727
0.07937131314899692
0.04426205535514347
0.07255712520628566
0.07185008294570915
0.06863303921822043
0.058626806868813976
0.06273482849072763
0.06709476034193378
0.04972430670240413
0.07168900257191829
0.07025415895157057
0.11146904199988032
0.03887607747178855
0.03533796673463829
0.045848662243737154
0.035988630018223916
0.04440857489247596
0.03766210656202236
0.04350567937956184
0.05610943958065732
0.06116862966931186
0.0422898902820351
0.05181256603306638
0.062279046521624366
0.05138363901137079
0.052568684206764436
0.05629530795672541
0.05520894076979121
0.05936143368021409
0.06735798874095045
0.06882832412495549
0.07204329331011541
0.06509955160764114
0.06335070291667767
0.06540459392692405
0.054853815642194687
0.05184207026172636
0.07316271845633252
0.06468665769619775
0.06485698883140288
0.08067093716655757
0.07232106516007221
0.05653253150493512
0.05917745270733954
0.05917745270733954
0.04817929828541078
0.04752288259161947
0.06851270325870203
0.07180486277878752
0.05564340499966668
0.05889201065839696
0.05237322902250431
0.052163641560650745
0.07200899567735941
