0.8665082621387432
0.914237356856033
0.8764578409525497
0.8616176892160822
0.8120443478862004
0.7215139309390792
0.7935688334361674
0.8245649368269644
0.8802643622201084
0.8119919066267616
0.7567440373111114
0.7879091000896453
0.7454913510903842
0.8368254440888652
0.846271001197414
0.8156327910269637
0.7715350930269304
0.7050609582555095
0.7616137131332721
0.7854895526923995
0.7695903967000112
0.7701648767944065
0.8105035764286515
0.8116106685739034
0.8141968405416933
0.8870139827964502
0.8589898038237002
0.8290182051334135
0.8538017453964506
0.76507800048904
0.7474530734438306
0.8304082145465354
0.8401124229092282
0.7390247932802981
0.7607521850405516
0.762210197525922
0.7696148682977001
0.9212595886277527
0.9253919135875414
0.8050009071762453
0.7873046666504635
0.7538492556104655
0.7585436667085808
0.7951258982315941
0.8109779046274459
0.7857611875201013
0.8079369578805223
0.8247221779624851
0.7521328261059002
0.8466843111048388
0.9152312127502739
0.8049595449113915
0.7938977854318294
0.8369500517605689
0.7679524208470409
0.7362952431051766
0.7891918928390838
0.859495610305137
0.9281552080889012
0.8319863513010457
0.805552734039927
0.8694868717969618
0.7959608292975726
0.775287458790953
0.7468613662128709
0.849768013607493
0.947797771669752
0.8860533951080322
0.8442256714710707
0.8094157544607778
0.8084076310599743
0.7501554385294458
0.7959960404151599
0.8080735860537758
0.8395042718647332
0.8101345258491223
0.7679887264698773
0.820590867580047
0.8009719972701107
0.8468005443434108
0.8261556794248396
0.7910454340943442
0.7704072025742796
0.6787214958102403
0.8121564868129092
0.7880625520640757
0.8259614444716648
0.8977413253954062
0.8748321666414096
0.8134451370521234
0.8521832963478012
0.8501984585941321
0.859035456767716
0.8536090561527823
0.7975571378641888
0.8515827654531635
0.8165060040606674
0.7446023418137111
0.7253377983311746
0.7655036473245838
0.79450236571224
0.7216637036648558
0.7105112964689075
0.7621633461246808
0.85453200094836
0.8806182041989498
0.7907212198489135
0.8027918704906719
0.818671104918237
0.807001841134615
0.7946350292282317
0.8390735223682106
0.876353516984724
0.8406236631019569
0.7892185467577393
0.8302547072768477
0.8377384251210628
0.8229335909828899
0.7970074398870859
0.7674345505391317
0.7664597934289403
0.8485254229589096
0.8437261292464786
0.8468125633557766
0.8627287646205688
0.8593790879178363
0.7914783570547234
0.6707555309068831
0.8348881899032136
0.8041581206389817
0.7772200220142953
0.8074003691327355
0.8658005766514769
0.8150087853872597
0.8365389055176237
0.902136205011146
0.8983342244995112
0.7905322087166086
0.6959206483557417
0.7612392005834667
0.8298562614031838
0.8319863429410637
0.7417467839979373
0.8808014421875068
0.8175127062789376
0.786275372842152
0.8184551601809051
0.7958863137626966
0.7533318834182372
0.7365079994391143
0.7789961973257534
0.7239621739926058
0.7575926179857418
0.7927248426376485
0.7629281912699116
0.806096737797841
0.7589648562084886
0.8038682282081911
0.8085997224855999
0.8284058248857884
0.7502218488751283
0.8428466930885268
0.8283824007727093
0.7929207606774102
0.7709100287883258
0.834785513936484
0.8667531128010071
0.8187948682184066
0.6908636656089423
0.9045615553359693
0.8627947442124181
0.8149821784473582
0.8293941218484293
0.849512400391347
0.8435901830840589
0.8360023065610496
0.8615775716280778
0.8606834413427066
0.849488996588241
0.787310869498138
0.8341745570609318
0.7728650216484925
0.8429885940722779
0.8322835716153995
0.8034820725285434
0.8083531781576869
0.7766053017190899
0.7715880331913166
0.794346898562406
0.8297835427360716
0.8848980173253739
0.8681797136959919
0.796184959381845
0.8757651361515564
0.8584654134529195
0.8042622678418161
0.7477131403192179
0.775918671734405
0.8109888577191077
0.7854814853560297
0.7931513861500392
0.7732633109540482
0.7270796688784944
0.8016415928285184
0.8395598797493304
0.8340633199820441
0.8131055524476726
0.7423841488745766
0.7439033215297804
0.8188419228631126
0.7843137544820413
0.7868785643998573
0.8076268954946576
0.8505965582603271
0.8828065188345695
0.9237294260399145
0.8547667934059338
0.7645964705542639
0.8419726099372727
0.806950994309805
0.7534216246959325
0.7294843198011649
0.7342277057267422
0.7797357650703854
0.782297222572556
0.7750649497437442
0.7729332570959964
0.7516041885937923
0.7063079163980925
0.8047395136905967
0.9348147177534202
1.0
0.7947703170579643
0.7515363922667582
0.7457437237178514
0.7201985188923014
0.6132011686673837
0.7509906264628187
0.8644800022400456
0.8441033382759667
0.7767325929234035
0.748501843240425
0.8482651516098464
0.788787970137482
0.7515103021378605
0.7024045889574593
0.8045307393931791
0.8135701777696874
0.808835760697162
0.8098209497735501
0.8248687476428442
0.8374624363600427
0.8332516614622865
0.8165830850004803
0.7942919245058434
0.865303171720348
0.8489000839534487
0.8676410530513797
0.8321859455961361
0.7986209439926798
0.8942801727177689
0.8390199317785039
0.8003670025034599
0.8736652313582693
0.8861993751910805
0.7545616573093934
0.7068466943279297
0.743055118578936
0.8066798769334708
0.8727817638110392
0.854307303336078
0.7990286742258694
0.8086633765412643
0.877888761898436
0.8703671698317289
0.881625895636207
0.8530806792367044
0.8040940982053892
0.7963003510148795
0.8519611754842589
0.8187769479012661
0.6961583760903223
0.6857500042211457
0.825424027184443
0.6592294132566078
0.7127967063546526
0.7464526773195057
0.7893052466145156
0.7845716384132313
0.8287030489679478
0.7907441800773591
0.7397951433451284
0.7471012033862772
0.812935020240708
0.8060962083426906
0.7607960349681259
0.7059548933777641
0.7231201922494146
0.7392345531959745
0.7918506475722292
0.8140308837215559
0.7681142990771465
0.813985392717039
0.7997525668381701
0.7708718070006304
0.8106536516183975
0.8365020893816333
0.828708440626436
0.8212330556477339
0.7255309240730582
0.7811114002016016
0.7904789436731471
0.8155877403887429
0.8316128953242939
0.8001661319504597
0.7476495494601583
0.7412360644419729
0.6933927637237748
0.8620644722521221
0.8039745267532876
0.7838143197689877
0.7547753760601085
0.7702053478818052
0.7738533205854682
0.8184108678085
0.8738892608253359
0.8213718437542283
0.8410819402810549
0.7857749978903208
0.7808117471015409
0.7915769151628472
0.8366659416482775
0.8325691754698116
0.7782884391542374
0.7982759889192214
0.7711502660573853
0.7341956754978148
0.8275859555692062
0.8160358886688743
0.7995295949921409
0.8631746949924214
0.8395550913239876
0.8636335951669366
0.9290193684991221
0.8466428898660893
0.8010705594481202
0.8095015653358695
0.8355656276286996
0.8904333280869938
0.8625828578172497
0.8229045243585961
0.8810507276227101
0.8447566826385191
0.7869569157747659
0.7094044394077249
0.7949904432030571
0.859840647864435
0.886302674996892
0.8785684142189009
0.8409376904236532
0.8186210716726757
0.0619366741906079
0.0
0.05828250801650682
0.05828250801650682
0.0
0.05842618756554374
0.061950896934744995
0.06381726279977061
0.062172615928233706
0.05465305733824783
0.06422727149250056
0.056867025234352005
0.04656502562823067
0.062313294253367145
0.07487026297301709
0.07090112699863556
0.05482831406470478
0.07152684275984397
0.11697177142331842
0.04598518217957304
0.035912772939949336
0.03916436303622904
0.058092911495506966
0.05474971397688716
0.05778939790926525
0.03765692348487261
0.04368195191647354
0.05501050962347922
0.06876246163769531
0.06488802885836921
0.05438287954206862
0.06417859109214606
0.07161257944399262
0.05695884380013194
0.04822262969678988
0.05360356730091155
0.06608615362141683
0.06070413174410008
0.06345600870491103
0.0645297027654427
0.051035931807955966
0.06146651611454436
0.05870107733214591
0.054489528913421244
0.059627722283237324
0.05451277867366619
0.05981885951474468
0.05990499595875809
0.07190991854263044
0.05855138251156174
0.058922401666114635
0.06182723013756606
0.05842284880688163
0.052718429539161005
0.07960151134637396
0.08614309967732575
0.0625728327807042
0.06138064965883977
0.0551157645960214
0.06940710423927969
0.05925283358393718
0.061136605227932225
0.06231937026022653
0.06538392378704858
0.06310007010052064
0.06316514678304022
0.0624352389613938
0.05585575390520265
0.9047098007538116
0.4064813710063349
0.2786189475375448
0.3076787195292517
0.29071406313616455
0.19333265173676675
0.21074622001171203
0.28017134802005034
0.20074382133220975
0.3107726856180874
0.1821447583314455
0.15595947183597778
0.21127845034958104
0.16405275135115183
0.21694522903301036
0.20971933386616537
0.24364533227803145
0.3050772489413678
0.23789866594889889
0.2622010864807761
0.20400859658272474
0.29269965004954
0.32950358098262916
0.22222851942550664
0.26744915112242357
0.23586088167562066
0.26327389647501326
0.31041790114273543
0.3086719125642741
0.2853778183334159
0.32939335668839853
0.29782783021471515
0.2642794079407191
0.291690015838028
0.26710354494520483
0.25831279255331707
0.31374313100596174
0.27290004828350484
0.28863031104264086
0.29082202474994007
0.29913802559340286
0.29921812306296697
0.30913575470675014
0.2959519257898128
0.33194387380470336
0.3489202406209378
0.30115946420165474
0.2815903122489038
0.28135242364088753
0.2898111145408979
0.2616979026424231
0.25249996833536653
0.2976839288667214
0.2657614198649565
0.4569233935723337
0.10945419367743078
0.25181225448119765
0.2725354164991443
0.21542145447000952
0.23051756839884144
0.30236505251565854
0.2744831792012468
0.20206823423349285
0.21860253678491218
0.2511375448284713
0.24485111085999905
0.2383572161487936
0.22858708614374523
0.28614712269962306
0.2906810452693693
0.2790162534662503
0.21948194868961143
0.24455382962470681
0.24656867740505892
0.18185453780153116
0.23067677818941057
0.29246319996583625
0.256436113000049
0.3171257461028526
0.3246869573063951
0.28702641607161106
0.14403046358864838
0.3293193321826068
0.3237775975537961
0.27382743275733257
0.2318319053964989
0.271382398468399
0.2665250098522747
0.19890442125682947
0.2682449441716325
0.2764245490332124
0.29978595970416977
0.32750629523712504
0.33295614060161316
0.25466192719937686
0.23409010411181586
0.24383705652859267
0.26639495513974937
0.24519076155022063
0.2190469706986898
0.22327842226076733
0.2262362709566684
0.3092507905145134
0.3299087674451744
0.5320707923809311
0.17217263559645726
0.22061444927080642
0.21916441535966508
0.21736655934397447
0.30603003255792555
0.26009958011245066
0.24850659561520963
0.2591282695020246
0.23399641990870007
0.19116223326628318
0.20852966997143027
0.2616662594653242
0.3256298642972273
0.3237115222506015
0.2785447009424474
0.2664742627680758
0.2434977028744275
0.24014970803591085
0.2666714862846767
0.3073738032401253
0.3057953234440465
0.37774668077222073
0.39804344566361727
0.2873339462601962
0.2706653161094478
0.29837104270167225
0.27948000359111436
0.26754057374568624
0.2554841373550964
0.24054022865559824
0.3370259593631084
0.31612948040068306
0.16913157778431256
0.2768322621073273
0.31512427366730866
0.35245859709191435
0.3381768237439836
0.24658879499882172
0.2857654523192521
0.28528135339026833
0.32108488822370784
0.27105700225251333
0.3667737269010403
0.37574137965433463
0.33305342991810494
0.3252625373034932
0.2281113600060655
0.2904306774260101
0.29473266010416466
0.8629819580540735
0.07989302970374347
0.09069822340023506
0.0792107301153592
0.07401908219200844
0.07706842600250927
0.0
0.07580056620365155
0.07580056620365155
0.090462167186101
0.090462167186101
0.08608770193646993
0.07978584658384914
0.06874861880566263
0.08465973560685569
0.08465973560685569
0.08028162522824811
0.08467520927689154
0.08391364568048448
0.07036194664795219
0.08010022300856778
0.070201110791704
0.05795729381127716
0.06270818073146628
0.0728585914637332
0.050997878478167
0.0865166847186529
0.0761062841032307
0.07144760603900029
0.0859065052562116
0.08540570396969042
0.030322408299454283
0.08909210607520619
0.09885968850058563
0.0983965141782705
0.0860230023423903
0.09241059695200336
0.09232881454694163
0.08405487049938104
0.07779158476766887
0.08571988564562838
0.0925002111227361
0.09024217837487461
0.07187788359548064
0.07695259310365665
0.05433918929714866
0.0943238806011847
0.10258559122198024
0.09503346465490581
0.09596369164762364
0.07958569802932904
0.08282652646765706
0.07386409222985849
0.0755185718906996
0.06467167907139273
0.0919977169055438
0.08245255039614524
0.0770642603156753
0.0901285271250522
0.06580883868549098
0.0853242621709445
0.09257836657372247
0.0981070954571956
0.1010660174952529
0.09971132774754903
0.06774203154394808
0.07430503986748421
0.07530251284074727
0.14266266563185706
0.06146895384235301
0.0714478774196383
0.07603723742143803
0.08574987739078288
0.05199096394565596
0.07112072006779588
0.06675008931331572
0.09414358624225154
0.08623551459213422
0.06610378705113593
0.07222945466826695
0.08232970950262868
0.06768900177695256
0.07964127523348077
0.08228538093014619
0.07984481205924535
0.07259199163194983
0.09216857144009846
0.10122198456416008
0.08527886317346925
0.07805054545052431
0.09547532175574475
0.0935451135648701
0.07891737445005613
0.08862478302586638
0.09205670943207346
0.08346945329230107
0.09360557111435308
0.08927506617763979
0.048260287934760705
0.06497788293315404
0.08474093410723829
0.07913482649575271
0.07169511847179404
0.07972753905176239
0.06182368647989462
0.08682021470663885
0.08821177808646989
0.09942877059800109
0.09979549665077724
0.0965833226516973
0.07874898061132786
0.06971386020872794
0.07455316676241237
0.09226295175756699
0.09575429510012967
0.08086010286138483
0.07620945288495559
0.06613677333629307
0.12884656426655594
0.04796557673665813
0.07001898525045615
0.07281351711950608
0.06956727700361791
0.07301041001373106
0.07860853798352027
0.08777366479370263
0.07152355104546418
0.065948716448396
0.08275499417569152
0.08797711056818198
0.08547784382728515
0.07973709437409765
0.08316754247683587
0.0817948199261705
0.0710154828856706
0.06454451561075333
0.07903859340017554
0.0829040842267348
0.08053113551354664
0.08559150047211184
0.042140005581932365
0.08201100456478212
0.10119373810369198
0.09045992330575639
0.07630040698335912
0.08653055104563828
0.08521670149155296
0.07638251605975595
0.084484397035099
0.0694203549707647
0.0697536948679538
0.06551240112756819
0.08517121285456564
0.07781238250450613
0.06357736041609194
0.07242625662269447
0.07839903985721175
0.06918435658345896
0.05946293406693697
0.062158344471907524
0.06808595206464611
0.0699473345703585
0.07726051020055699
0.09137554030199789
0.08752837977074523
0.08277220891216609
0.07583821739195137
0.06973512381890852
0.15577176842533136
0.06594026557776304
0.06742980977562502
0.06668143823179482
0.03653102711157736
0.06464801269307306
0.06448911545882612
0.050326395263605044
0.059807333128164296
0.06494692311731308
0.06424456186915121
0.0637275981162335
0.06624480991575835
0.06454117699519461
0.06726955622880734
0.06287124322542655
0.047464262744171835
0.03836601368802877
0.041442547925372344
0.057719968081822295
0.055443762592941224
0.0388511562614026
0.06302502820459922
0.05696919690805925
0.06389369424027892
0.07836669701898683
0.06975296454580034
0.06794854716805829
0.0692435126778897
0.057081353524484395
0.053812535897306835
0.06327166842899831
0.06827020191079196
0.042241520361264134
0.0682073942055939
0.06440617172853962
0.06497175407053092
0.07791838354849492
0.06908816272267386
0.08397687165994526
0.07517719662076855
0.06352509021625101
0.058925625625458423
0.0589441966745037
0.06123052234179708
0.06439730353096182
0.05939386645756634
0.07128778871717721
0.05444176059838589
0.07199964415333412
0.8334666597798708
0.10002180701156832
0.0846810004617126
0.08994032463419355
0.09123390000129762
0.09161606999613725
0.10851276653001084
0.10187673600936922
0.08394758620206158
0.08394758620206158
0.10063118565322725
0.11230708095901756
0.09778301403824359
0.17822129342166124
0.10403843679135297
0.05687702334488501
0.07519430449304083
0.0725904511356582
0.09874984700824031
0.09276734629061997
0.09469414113182364
0.10769416237496553
0.07969500793587117
0.09407558310352891
0.1007662087341732
0.06734625385720006
0.09962676822343727
0.12385666792826837
0.11798228789670712
0.10990840597365772
0.10687848192158811
0.1043478113687459
0.09666461984709734
0.12265237510237091
0.10694320775482899
0.09361312105608066
0.09747188131203739
0.10961012439877488
0.1108687221232366
0.1232712776039213
0.1027896366585139
0.07351610181888102
0.09439401168122225
0.0831839379418543
0.08671466488982597
0.09813143657209218
0.11370451589326576
0.10328136170788443
0.10620544304726819
0.1125006092983537
0.10599459622433312
0.12104109674808033
0.11561144796722388
0.10421714602034088
0.09225236036685304
0.08861806458417017
0.08674137132108982
0.09716851429040448
0.09457615799559874
0.11597369579018725
0.11708542762393113
0.08980557114584864
0.10009526681979973
0.21767957638972812
0.11919496914766846
0.11862321755463476
0.1221715282930981
0.08525823900302253
0.1128102646471575
0.14227861438702813
0.13658438709514523
0.0998207727506361
0.0715456963630561
0.1144840057525654
0.13369016482263715
0.13729924450997777
0.11057221075265876
0.10143933347120727
0.10591386242565266
0.08138265325544423
0.08814436793560246
0.11094516549496417
0.114437559812139
0.13093309278401752
0.11817586563545143
0.1116172607358475
0.11305936394608425
0.11581011892996919
0.13051233446866517
0.10017223269342988
0.09788096029899163
0.09596826451022768
0.11294060770339034
0.1033147128676307
0.11618296590494222
0.1191385841560671
0.10369917297690442
0.11277695409211798
0.11130072716085568
0.10686669758835762
0.0932938182915078
0.11464388339121355
0.1312930946006291
0.09359915026474411
0.11787056661644342
0.11233445833414378
0.10594508340949792
0.0983217939320912
0.09750260100136214
0.10375001157845985
0.1057364689504219
0.10184389152777318
0.11558382921441102
0.1755033928004251
0.06313009252408881
0.08088998105694077
0.09803380205414619
0.09400911783657591
0.07325562921435648
0.0714059574289567
0.08455195510249439
0.08565254504643008
0.06074562165907063
0.08305912433599474
0.08296883648469269
0.09412206793786265
0.09329986743058472
0.07228961625085856
0.07250460860965208
0.0910202109275979
0.09370750367012672
0.07405212897188257
0.08872859798885696
0.10094662267848405
0.08830498258751278
0.09873244721616925
0.09962940338250792
0.10213873798171376
0.09813035216578139
0.08065967999068638
0.07944883945020478
0.08213825529814787
0.09667359367626767
0.11023309954724743
0.10267771063286625
0.09849812342386674
0.06803089027459104
0.07624384421376207
0.08891565475009416
0.0902276241155819
0.10033966008773186
0.10099990259983994
0.1046498647001176
0.10340932522834129
0.0968664610417966
0.1097884627898432
0.10256096499006928
0.08283575129793432
0.08398781534115742
0.07359834312517755
0.06279944679141208
0.07385769721289051
0.09140053406996565
