0.0650197562953938
0.0
0.06118369313559707
0.06118369313559707
0.0
0.0
0.061334524761367984
0.06503468701890666
0.917195402674785
0.9060957566022169
0.06526744273449983
0.057373575758930824
0.06742437488827478
0.9206994477141796
0.9344929759114067
0.048882938223625806
0.06541512374152438
0.07859715291293133
0.8614557726701044
0.8657202494482757
0.05755755641001149
0.07508730401816174
0.12279438912039566
0.8879663150906274
0.8834602568575329
0.037700437987053
0.04111388564783621
0.06098465888406578
0.8330218281958246
0.8466846912744289
0.06066603700667783
0.03953140881096892
0.04585635094605882
0.862019185402103
0.8643245741034159
0.07218531760674173
0.06811802341655951
0.057089949059668
0.8488589474252342
0.862075616368122
0.07517730850067181
0.05979413959740146
0.05062305446300109
0.852775964812358
0.8681606479106503
0.06937578840189101
0.06372586038407896
0.06661472020235394
0.9083252436278345
0.9029012808242404
0.053576397051116255
0.06452619470324428
0.06162309798339096
0.803170111410997
0.8056422794895496
0.06259586944197626
0.057226314306750285
0.06279652109746132
0.7918475280713447
0.8002262708992841
0.07548944853697771
0.06146595165804723
0.06185543939411315
0.8154976144573942
0.806334919450992
0.06133101980606684
0.05534264610920814
0.08356391324077746
0.8820989263565082
0.8650319415827467
0.06568758157070628
0.06443605398941324
0.057859315646157594
0.8816669185414321
0.8780941727963153
0.062202319543068575
0.06417986152137686
0.06542150219969005
0.8438386774453985
0.8472007118865519
0.06624106369567159
0.06630937976354626
0.06554313860995283
0.795080119464271
0.7816156549040193
0.9497444209231888
0.4267151897777746
0.2924880340268149
0.8453667658532735
0.8036384127707892
0.30518521996493436
0.20295635928370534
0.2212367396926656
0.8402278564178945
0.8858733675059798
0.2107364418802715
0.3262423200181642
0.19121155522086242
0.8525987867639832
0.8588144807165583
0.22179546337800204
0.1722189648028958
0.2277443228185753
0.8480580977811681
0.8401167932280758
0.2557735030859971
0.32026337604748023
0.24974077935463793
0.8515896672599065
0.8662622671026925
0.21416373102554348
0.30726964537036844
0.3459056013892151
0.836869820713959
0.8223450933598788
0.28076222778566423
0.2476015583105214
0.27637913742452574
0.8750717345086604
0.9192008802359397
0.3240369747396865
0.2995833477116791
0.34578989035302593
0.8824567874300331
0.8266267986284999
0.2774347012129723
0.3062097536141857
0.2803994180334358
0.9280389851585856
0.9633008656944354
0.3293606281567961
0.2864844595592667
0.3029977429156505
0.9019946772611115
0.8920330730421646
0.3140285101991756
0.3141125947584289
0.32452390600387604
0.8834876238672199
0.8830120762630622
0.3484673670418617
0.3662887829896388
0.31615057192419094
0.8576211804523272
0.8739469082541615
0.29535757703023274
0.3042373244187378
0.27472469381325426
0.8758366609101581
0.895450557262656
0.3125020314846776
0.27899048468698057
0.47966811398863474
0.8199931369769141
0.8336625192162573
0.2643469581233009
0.286101677143735
0.22614469784629257
0.8212208330843616
0.8742222291489111
0.3174161719809177
0.28814639552532306
0.2121267813713926
0.9069986219974904
0.9225764702580428
0.2636386627915978
0.2570393028818413
0.2502221552540704
0.8516733409993807
0.8743240007569535
0.30039094648997056
0.30515055853565237
0.2929051170393714
0.8307997747949285
0.8180643453264471
0.2567272235892011
0.25884236640826247
0.19090688810120274
0.8277873225406334
0.8422102365221183
0.307021425280747
0.2692009829473474
0.33291162297715277
0.8922682525108362
0.8483196003805872
0.3013140093038193
0.15120000813777298
0.3457121810573725
0.9453539713460896
0.8490087956787199
0.28745800735253124
0.24337202775836037
0.28489126421241523
0.9350301623538392
0.9295965256129349
0.20880548019732903
0.28159763379990876
0.2901844028126561
0.8794027270471648
0.8975808288775208
0.34380889480750076
0.3495300224282075
0.2673384817735284
0.8967994095242086
0.8739321399515656
0.2559747709811548
0.27965555606367093
0.2573958606950007
0.8134528505080388
0.829003408398235
0.23439276956876967
0.23749785397763354
0.32464466806098924
0.8780208415638726
0.8715162435966435
0.5585561979973285
0.1807430404281354
0.23159618940284535
0.8594162926703015
0.8442182680104974
0.22818662609844534
0.3212635873013196
0.27304681002730175
0.8821046103007372
0.8922784616541318
0.27202714954339074
0.2456442874158301
0.20067790178087638
0.8936623846979964
0.8968735632202861
0.2746914755029354
0.34183905893866123
0.3398252257131483
0.9151129126833788
0.8605289319452496
0.27973881146499063
0.2556185249899046
0.25210387375421395
0.9207320361211677
0.9239975243633782
0.322674248164456
0.3210171948434721
0.3965501449047477
0.94296897832014
0.917913357942682
0.30163684772187427
0.2841384869470546
0.3132233484536548
0.8895428079534342
0.8886449524719705
0.2808582012418129
0.2682016198843021
0.25251383369882224
0.953671036362111
1.0
0.33186576518761157
0.17755060492187383
0.29061241101722673
0.9299693172851251
0.94317573609172
0.3700032716740185
0.3550105805958573
0.2588634854150674
0.890317331086675
0.9037685856615801
0.2994820809391817
0.33706784316819227
0.2845496704324325
0.9196547953834785
0.9904833360914451
0.39444502396166026
0.3496321546096833
0.3414534471516962
0.8650769882611873
0.8995788164244348
0.30488772788850904
0.30940385454490343
0.9059394507899858
0.8485357418988179
0.8518303710856275
0.09521299712929561
0.0831536797121382
0.07770360207786088
0.842917573580898
0.8402497367023727
0.0
0.07957376475280056
0.07957376475280056
0.8070593500897519
0.7939274473997958
0.09496519051527276
0.09037297325190521
0.08375742431275407
0.9672821743660288
0.9494463082236553
0.08887392565267806
0.08887392565267806
0.08427788181320167
0.8826101564098507
0.881981280656427
0.08809069688198536
0.07386442173889107
0.08408744975870096
0.8670368923949751
0.8663627379740526
0.06084229042639187
0.06582966686812713
0.07648534447327412
0.8483557977555739
0.8556193674713832
0.09082330992750098
0.07989470066977608
0.0750041230539555
0.9276885929629162
0.9298426713899434
0.08965702680864782
0.03183179632559139
0.09352693053918763
0.8611515579326314
0.8559434557966042
0.10329449321897172
0.09030505304316876
0.09701060916574453
0.8377804890807805
0.8238809051849666
0.08823895158612488
0.0816638921854363
0.08998684781161446
0.8006371126720888
0.8005043035051457
0.09473425110690811
0.07545581895508886
0.08078313721690081
0.9460709924220337
0.9440338437380524
0.09901913219704085
0.10769209402728148
0.09976403790673491
0.9486260315509796
0.92184593203993
0.08354731276886128
0.08694946307817226
0.07754089702953669
0.8626390750062702
0.8603221468025052
0.06789090417569617
0.09657717678741863
0.08655687123581443
0.8524486677783425
0.8547369818772773
0.09461494252822372
0.06908466929053089
0.08957153100223074
0.8518668098134893
0.8512852346430962
0.1029906678205704
0.1060968790003875
0.10467475554279747
0.8294552545187712
0.8360305015755243
0.07800379414682818
0.07905091930297095
0.14976412397101552
0.8717524077424744
0.8791862186127072
0.07500440794337164
0.07982221698411111
0.09001833248505395
0.8935303731751151
0.896167471092029
0.07466096536165376
0.07007277346683378
0.09882986315034983
0.8722307535401875
0.8679430735299334
0.0693942995880012
0.07582489052329623
0.08642791557159882
0.8744731090771622
0.8721088676641574
0.08360565649358898
0.08638138041262558
0.08381932497000125
0.8819375724478872
0.8815593983390638
0.0967565361144067
0.10626060979386284
0.08952387213467818
0.8950087386982631
0.9037964482088535
0.10022788975847502
0.0982015997161034
0.08284572139640463
0.893627247107456
0.8955075822322698
0.09663910584234987
0.08762439349703005
0.09826506671986121
0.8672354619711574
0.8384210544177955
0.050662587251730465
0.06821235024506628
0.08895916604983242
0.9562729167177456
0.9435739687033933
0.07526395615398285
0.08369621434990072
0.06490114428545049
0.8203887444772857
0.8210494081316073
0.09260278160746588
0.10437813327104634
0.10476311420343053
0.8987283352031611
0.8989964154947773
0.08266894525369371
0.07318407487029702
0.07826427229566955
0.8421152785608821
0.8642527594364118
0.10052074983050596
0.08488515489042785
0.08000300498434745
0.882629277255531
0.8787914680637193
0.13526028508293136
0.050353205927522085
0.0735043884181594
0.8700978114635803
0.8752169925878112
0.07303019505033896
0.07664472024297726
0.08252151167653017
0.888967568104228
0.8883796614165687
0.07508384844891194
0.06923150988496192
0.08687437005369798
0.8866060911351884
0.8671689270868683
0.08973275764213687
0.08370624531681461
0.08730745417309929
0.9586824780069788
0.9437399399343862
0.0745504896859024
0.06775741077572754
0.0829729743801682
0.9070656944666681
0.9016996902120062
0.08453981221478214
0.08985207188437791
0.04423764964827997
0.8706475064977064
0.8871332903772262
0.106230957281844
0.09496283493911262
0.08009848659341909
0.9279211823635702
0.9360456082829256
0.08945861617022857
0.08018468289321606
0.08868985908220449
0.8787624722437111
0.8707360978925944
0.07322589241812022
0.06877347567180953
0.08941086320109072
0.9379800036459696
0.9374706200550664
0.06674211255575559
0.07603148888012688
0.08230158515811554
0.8870755029481605
0.8818040981214884
0.06242287840226968
0.06525246087400384
0.07147513275833038
0.8998097434243254
0.8898631274484876
0.0811063818027827
0.09592402949360761
0.09188536510873115
0.8761056228489424
0.8761879139177404
0.0796132901409406
0.07320639693989421
0.1635257713313482
0.8239455740569049
0.8038946570365
0.0707863290360646
0.07000070507362029
0.03834946759823545
0.8781024774851939
0.8824545175573457
0.06769925291652527
0.05283154121571254
0.06278442095071925
0.8446292753709804
0.8451521175522642
0.06744252594483008
0.06689982878410074
0.06954234228499216
0.887227966772846
0.8842123293965467
0.07061809839249644
0.06600084628253333
0.04982693754057869
0.89174789762097
0.8916342143472795
0.043505473963219285
0.060593151103148696
0.058203640718560955
0.85672285585215
0.850265038587183
0.06616228636626997
0.059805008062057186
0.067074192836549
0.8883095868074073
0.8937233741276861
0.0732251257420102
0.07133088812448969
0.07269031439269812
0.8814783595332769
0.8747173614208397
0.05649121486427167
0.06642120384113662
0.07166855418837034
0.9669438073802101
0.9712380447967645
0.07160262004290939
0.0676121804154597
0.06820591630008409
0.9098535346044029
0.896936399054454
0.07252723143158288
0.08815707012255403
0.07891936509555904
0.8847929898605523
0.8921102455273705
0.06185882383561859
0.06187831931384459
0.0642784536388139
0.9022055745433402
0.9084070878839797
0.06235037274729434
0.07483635034977801
0.0571517610956256
0.9255595596861921
0.9357407144856101
0.8749549407908112
0.10500068983528438
0.08889624902890904
0.8535270650410485
0.8391550698554867
0.0957753386258223
0.09617653226840332
0.11391431210864346
0.8408429624560205
0.8487823703849743
0.08812632689393417
0.08812632689393417
0.10564040211060526
0.9086236818088768
0.9174471361892037
0.10265045428544776
0.18709278818014863
0.1092172593043958
0.7815292284045222
0.7800622861789008
0.07893732456303791
0.07620385666314809
0.10366541424106436
0.9059710837566027
0.91191432691207
0.099407823546432
0.11305495949794879
0.08366206390099616
0.8162019155600065
0.8243827784134773
0.105782146366849
0.07069861387337587
0.104585986816965
0.8748969397015202
0.8868536722932313
0.1238552070556631
0.11537942365504159
0.11219867612486516
0.8899559828502402
0.8886923134859837
0.10147638869828488
0.12875776173685297
0.11226662387889515
0.8551776821513113
0.8468602640292545
0.10232383400275076
0.11506629422793345
0.11638754239612857
0.8265956944421917
0.833082600117645
0.10790629643207605
0.07717558436122554
0.09909275426009741
0.849798098930349
0.8443104954020935
0.09103114515031871
0.10301622058683071
0.11936449623229775
0.7625505769528309
0.7655626050939301
0.11149213473953125
0.11810066160723051
0.1112707923891056
0.9177679933891324
0.9340011108868341
0.12136635151982995
0.1094048643165857
0.09684449588410744
0.8418371183137705
0.8290478676590284
0.09105918097360091
0.10200536598566078
0.09928396744882008
0.8813331704032307
0.9060341660011566
0.12291370289631065
0.09427591045495912
0.10507780632387745
0.9141607970931538
0.9411032957878014
0.12512825312137285
0.12452804089289332
0.1282529793480195
0.8340706127688275
0.8177484202037076
0.11842573097167244
0.14936095543363373
0.14338328104851233
0.7075812590229698
0.690450902310084
0.07510709611552832
0.12018278751688337
0.1403449902574367
0.8335050048675459
0.814579675000928
0.11607627129050778
0.10648877788896895
0.11118603982556224
0.8329961663079204
0.8294442763073425
0.0925320159159186
0.1164677909639614
0.12013402959168157
0.8320900849597868
0.8388314228906005
0.12405842070188884
0.11717334174369885
0.11868722992881255
0.8094595372192154
0.8174582374783568
0.13700897394943326
0.10515860340269853
0.10275327611253333
0.9425132240019944
0.9318322312010207
0.11856256224105859
0.10845750987063134
0.12196631846210608
0.8676263915912855
0.856549169668754
0.10886110762490128
0.11839076228471859
0.1168410517689104
0.8842500234299788
0.8578208181350153
0.09793779547337128
0.12035062354033525
0.13782859873828174
0.8380150875093952
0.8208156470837064
0.12373792451651028
0.1179262399847855
0.111218814926703
0.939370222756529
0.934388194090375
0.10235608285594586
0.10891447686899985
0.11099981606268466
0.8519679494785886
0.8741188602310133
0.12133735796148117
0.18423959597476752
0.06627258057463402
0.7933660118435806
0.8020291241886396
0.10291372602047201
0.09868870117998713
0.07690214595838697
0.8298331479643591
0.8342605024026185
0.08876078005326468
0.08991615513387745
0.06376941558292286
0.8354116245476406
0.8451750969665471
0.08709885699941469
0.09880727370838288
0.09794414572633073
0.8896783930160881
0.8799109117465472
0.07611374107018742
0.09555101254314977
0.09837207327165912
0.8035106555787799
0.7949684337702456
0.09314532775707673
0.10597154095163541
0.09270062563965902
0.8545710831385398
0.8566740515396553
0.10458875314891311
0.10722299733841957
0.1030150822009717
0.916912591426727
0.914286188049148
0.0834036416470602
0.08622693116486815
0.10148580922648269
0.8537765331042996
0.8426295392160845
0.10778879895572907
0.10340116036686693
0.07141733010396842
0.8854017255517203
0.8768181363217807
0.0933416958247521
0.09471897236608712
0.10533436499333845
0.8324701406187587
0.8325845751915903
0.10985912285518534
0.10855683184289293
0.10168827713855418
0.8339951929809764
0.8334085009300848
0.10766624195145971
0.08695914710180336
0.08816855855803572
0.7813787816622002
0.7667660261637872
0.06592547596755433
0.0775341836815858
0.09595026740068614
0.8455939255412472
0.8697496266222344
0.050233106212689733
0.050233106212689733
0.0
0.8610927457472738
0.8610927457472738
0.06018206882743852
0.06018206882743852
0.06829167496119447
0.7881330124995806
0.7934515512803774
0.053009348807811676
0.06518495080266844
0.06539096296341748
0.8719279280296561
0.861994730064648
0.05938882729862346
0.0
0.0429235782562712
0.8809535075739366
0.8669833382767804
0.0556662879288388
0.05618774853135506
0.05333626172108274
0.8582443190188387
0.8599030548359963
0.05472440906328364
0.06089790057544255
0.058825605236166735
0.8624800444291927
0.8590782982313369
0.061792715645278364
0.059300795447938204
0.054029541956491074
0.8677891703606776
0.8771160178187635
0.06693661645576544
0.04625712698640938
0.05241941445503173
0.9048176219761314
0.9045540794804622
0.058306704709807276
0.049154465685439255
0.06365518100275129
0.8700056578248333
0.8491849135673962
0.060629062039627715
0.06947318234717119
0.04927641362612307
0.8569782969799331
0.8569094127240025
0.06038726866254434
0.06460683088268684
0.06682069752479226
0.884822113867038
0.9003775702166138
0.0713634851732404
0.06052386907454134
0.05321507101260412
0.8457883997287186
0.8448704129015753
0.06228965170721337
0.06532655983664282
0.04753785810739174
0.8842216294594794
0.8790217721183542
0.049147707865048726
0.05390966743797254
0.06014091539194379
0.8448189285204556
0.8439552238426503
0.06834951695086933
0.06339311645489047
0.06868349150630629
0.9102327970776669
0.9088487186915649
0.05747832118803808
0.06318523668446788
0.06961023442077242
0.9040661557158929
0.928518129837338
0.08610393286225765
0.051840776084091864
0.05729103502247475
0.9343599537712612
0.9404925492818307
0.06244546102250639
0.058582162684135256
0.06999473904231136
0.835808746699943
0.8334358562022585
0.05524502810582567
0.05565548890113735
0.09295550892695552
0.8937029567289818
0.8938821033011694
0.06299465827003135
0.053358566502714304
0.07115772084890366
0.9227157617331139
0.9251464283780093
0.05696366473204037
0.059613018177756556
0.06227597713958839
0.8624437341319144
0.8639998490516225
0.05514336925634757
0.05180175959966162
0.053700290275312264
0.8856567605780472
0.9045629969321645
0.07295699812442949
0.05131681462358454
0.05785016786637828
0.8473356190383129
0.858603546742728
0.07364568065783075
0.062266326698181704
0.034035148049639224
0.8976119180578973
0.8959161724323652
0.049684109858547716
0.04505254550179588
0.07168694535981138
0.9250761664446928
0.9205230488255243
0.05975911004098497
0.06919408331512167
0.06121536420750774
0.8732469070524215
0.8772607678254177
0.05194690458158873
0.059110914267124934
0.0
0.9193047252010854
0.9280209937843324
0.062191908516835426
0.059472198346934596
0.06344624258812576
0.8275024065107043
0.8251445103672476
0.0712625566651176
0.07897264879828678
0.044039736952446396
0.9301432497461276
0.933987829748655
0.0714891960518228
0.06828831081532967
0.058332337532635926
0.9545437203497034
0.9473351505297254
0.06675775836972805
0.04947455263308675
0.07132892474871608
0.8596678666822908
0.8603094156956541
0.11090915793736339
0.03868081163116482
0.035160472032777494
0.8894168621272945
0.8906678594183236
0.035807867180242016
0.04418552055491905
0.03747293822571502
0.9173374840769529
0.9141393189261986
0.055827614417236604
0.06086139332580865
0.042077477623330035
0.8671735170010252
0.8757673686144306
0.06196623280267049
0.051125550487055485
0.0523046434655254
0.8941916297573265
0.8906245272120327
0.054931638610457315
0.05906327447789724
0.06701966463138023
0.8931153382302408
0.8876440685520149
0.07168143596378951
0.06477257112258272
0.06303250650737928
0.8416079771236074
0.834650513042282
0.05457829719693578
0.051581679139790865
0.0727952384879108
0.8885602562814138
0.8784111586935262
0.0645312266849086
0.08026574509513106
0.0719578126278811
0.8642976953572754
0.8694881909750678
0.05888021760029319
0.05888021760029319
0.04793730444775602
0.9020574071752661
0.9112271466122763
0.06816857927641697
0.07144420301568395
0.05536392062369508
0.940284214721588
0.9535823783458877
0.0521101700089328
0.051901635258015735
0.07164731060037052
0.9227284226201399
