0.06345236308920398
0.0
0.0
0.05970877365858987
0.8942877195854204
0.8877130970871562
0.0
0.8990535019243787
0.901195845367528
0.06346693388650469
0.8492001387095133
0.8393553850950168
0.06369407869630386
0.8637025922255321
0.8694227384059496
0.0657990149491917
0.8185191090621281
0.8380941249860803
0.047704545845127524
0.8484739692282274
0.8435055985178523
0.07670245735390908
0.8243937928398722
0.8329762761071703
0.05617005008851624
0.8538203883596894
0.8318773890111182
0.11983425665863844
0.8778749879466003
0.8838459037696565
0.03679161559616573
0.7907578165440338
0.7856847663616345
0.05951453740925705
0.7778258951951561
0.7868012174795471
0.059203596362964385
0.7865455852663071
0.787000916017249
0.04475091873547084
0.8349211575333569
0.8373005621081415
0.07044518840832643
0.8576214300022538
0.8567420027036206
0.05571371507485705
0.8202551555983207
0.8308248858624796
0.07336505312911581
0.7743748333321799
0.7614559332874336
0.04940271412088408
0.7790257189091325
0.7908345290300832
0.06770338687948035
0.8020939481725827
0.7963395059911695
0.0650088781348591
0.8015617903096658
0.8127655705900085
0.05228486220794433
0.82430253454486
0.8251924956341575
0.0601375860309203
0.7790927565077341
0.7796492554303832
0.06108690745735792
0.8194239653740457
0.8266688231460797
0.06128272212083413
0.8927454451768974
0.8943675772737276
0.0736696685882753
0.7510348743415314
0.7468784217120529
0.060364326523253506
0.8749705940264454
0.8759451507692495
0.059852548811251176
0.8569047209934079
0.8604510474374704
0.08154948689778746
0.8652266431591762
0.8495827277803975
0.06410408949151099
0.8423687281554751
0.8533899612761483
0.05646453499138906
0.8749851125848945
0.8706639705348277
0.060702844635501726
0.8000421562099224
0.8102672876577021
0.06384442434014428
0.8031963930590205
0.80107253833203
0.06464422914686634
0.8814097267534284
0.8763795552492202
0.06396312853266381
0.8406735141235558
0.8305757554500733
0.9268494880937165
0.8448902013887093
0.8431891428696738
0.2854371961961919
0.8407753170986351
0.8252538766106122
0.29782829850510306
0.8379787612316748
0.7935525745404288
0.215903515108149
0.8442542440115509
0.8806653325178495
0.2056563418288483
1.0
0.9302198263560327
0.18660213018339264
0.8630826415884896
0.8817934725839378
0.21644876996864773
0.8604301381893998
0.8434986490557853
0.22225422373680703
0.8094341730536089
0.800470052895099
0.2496077209621911
0.8198322459695576
0.8173069856826882
0.2437204245706145
0.7869383984849937
0.8087015006589294
0.209001011320833
0.8674589436929284
0.8572846102625794
0.33756705752975635
0.8867484174807375
0.8746729681997378
0.2739940571024846
0.8068836551920938
0.7850036694354975
0.26971662733507323
0.9048332402872872
0.9063831278279837
0.3162256050622325
0.8657784510287403
0.8289328167565468
0.33745413587178597
0.8740338238062422
0.8203677750800349
0.270746745265138
0.9118498047546879
0.8973960089786838
0.2736399933925852
0.8284775426756533
0.8900942166474025
0.3214209242825762
0.8268581052487399
0.8249310205437793
0.29569355368462313
0.864497570806934
0.8595096797043724
0.30645840871802055
0.8325209812797484
0.8449975123487244
0.31670079815945773
0.8116708317720446
0.8051982788228871
0.34006706819732474
0.8514713016072036
0.8828352728619691
0.30852931514316373
0.8359087337737963
0.8499155483812876
0.2882375648060917
0.9480091849546927
0.9368111112884235
0.2681020664275226
0.8673567134748451
0.8556854098958631
0.30496872793238017
0.8484260157771594
0.8405632884810577
0.46810503553481814
0.8485704522497998
0.855433368639212
0.2579745007373177
0.9061382426882975
0.8980182439738311
0.22069315998740272
0.82172191376623
0.8703385866088283
0.30976440612013245
0.8031393738537104
0.8228766631381463
0.20701316521968166
0.788603381059659
0.8052570925939491
0.2572832798665807
0.8708107720089705
0.9100715540000571
0.24419019622300905
0.8818230617545905
0.8871616689057009
0.2931495977745084
0.8952348719377032
0.849078017268853
0.2858442248327011
0.8447647184966184
0.8373457957246903
0.25053845068347735
0.8405484076743381
0.828639351376983
0.186304807495652
0.8209842427661512
0.8248405040357822
0.2996202394941763
0.8268560291340857
0.8363917444155989
0.3248863173493465
0.8764928939210677
0.8326293300493031
0.29405040885341155
0.858264412695008
0.8456532516666578
0.3373782998686363
0.8796349248052975
0.7898418779427538
0.2805284254306571
0.8619208726401473
0.8371552710617309
0.27802355726499617
0.8447419901733956
0.8196045023541245
0.2037719287089227
0.839274655438324
0.8258447394181715
0.28318909727129976
0.8095224639965171
0.8464967382893367
0.33552089502631605
0.9404744645082627
0.9603553050472615
0.26089390947797503
0.8240273304526918
0.7864706256228357
0.2498041370100108
0.8700245995369984
0.8641843801633011
0.2511909693459492
0.7434610131068932
0.7578890760727498
0.22874240027281256
0.8103385896793536
0.8099154861460243
0.31681864907634727
0.865732894408342
0.8766202972227873
0.5450914106788585
0.8651415700488795
0.8895732223466319
0.2260132356279911
0.8863579089085913
0.8720438244377493
0.22268586467040813
0.9579824312503882
0.9312223819572081
0.2664646304038614
0.9079605277792524
0.9055744459640899
0.2654695502783855
0.8961897469554787
0.9070757489237316
0.1958402770679388
0.9317496245558572
0.9364090553447628
0.2680696488915665
0.8887528759180698
0.8871481114173615
0.33163325791101056
0.956152590841782
0.9208584930330272
0.27299531168000446
0.8623735722430125
0.8508240325069596
0.24602655323671943
0.8950010213809813
0.9099553445405713
0.3148957289388894
0.9150470541435286
0.929908459182213
0.386990742679161
0.9178954501548197
0.8992635392463738
0.2943654647946935
0.813709624118608
0.867010459658622
0.3056726565354037
0.8634381421642525
0.8498924814824451
0.2740877169827032
0.846032196584925
0.8291024031118133
0.24642663051690997
0.8751267439373879
0.9154237441480096
0.3238656714413528
0.826611454345782
0.8301100907342168
0.28360678773261416
0.8843830329601536
0.8933999045049009
0.36108381938239326
0.893106234287603
0.8389347147218571
0.2526232148959523
0.950502578822363
0.9570276998335624
0.29226264171355487
0.8828670578411996
0.9012627759819347
0.2776901980863182
0.8762956532981416
0.9491627783808676
0.3849363686544319
0.8633205627801223
0.8876482221681854
0.33322222876840646
0.8389733439244118
0.8746211514287051
0.29753797789602937
0.8714468374724612
0.8649059601441865
0.8841004987346063
0.7832725239911623
0.8621903241718236
0.09291775313970838
0.9019331517855147
0.8990372976635825
0.07583044682578644
0.8343216961147595
0.8357552653622526
0.0
0.8904781113908712
0.8965288260108959
0.07765552658380695
0.8088876637489011
0.7960007841207253
0.09267592025467805
0.8745200622020474
0.8673403992906364
0.08173833311162218
0.818276645132139
0.8092674506464939
0.08673149394865004
0.8679932054865495
0.8725366801474095
0.08224624424775237
0.8149717838580479
0.8115090724426035
0.08596714601547538
0.8460297876590442
0.8530274502403156
0.08206040282732154
0.8271631233303738
0.8233520838448679
0.059375600944657984
0.860600814895778
0.8609646516786886
0.07464155704417558
0.8333259829332575
0.837330565548981
0.08863388555781716
0.868481194089988
0.8518512165178865
0.0731960425625907
0.83005875315826
0.8366797240736902
0.08749571734343518
0.8358101668372712
0.836558062072136
0.09127233156996178
0.7524827767520185
0.7446245072500643
0.10080443333359336
0.7833637513795104
0.7712827481866972
0.09467203119501325
0.8624110446741096
0.8652968588867372
0.08611182683024197
0.8298771094253753
0.8207545727783
0.08781758754454154
0.7720288774650427
0.7681630108172298
0.09245054796745221
0.9077755138734452
0.9026576095894819
0.07883574541381216
0.8389461574594798
0.837544625482224
0.0966321359372679
0.87491277314183
0.8685668793069079
0.09735908464104329
0.8663952810352556
0.842406927575219
0.08153328660373081
0.89300415079751
0.8873448462756919
0.07567166401282403
0.8514149663182433
0.8574881765159256
0.06625429788816062
0.7815785371531155
0.7829847985247033
0.08447029540634345
0.7939606622676045
0.7937654554189522
0.09233411549083778
0.7833777419978947
0.7723430144176731
0.08741228253437908
0.8535278291684346
0.8547546660472446
0.10050793207622939
0.8254325900613009
0.8301821035842996
0.10215142248150476
0.7644851485496797
0.7628236246573202
0.0761234023402623
0.8870705185049388
0.8834145038440687
0.146153847897745
0.82393469981874
0.829229846268757
0.07319632058434443
0.8780798362760961
0.8771649226390277
0.08784831323538773
0.8423248319156719
0.84765056395838
0.07286115717191251
0.8411879790231646
0.8553362487892848
0.09644742948869825
0.7973197271733996
0.793166662530594
0.06772145182726236
0.7552772328663536
0.7712750055806665
0.08434444840084185
0.8318466123586915
0.8343014172210252
0.08159022387043756
0.814988282748847
0.8072122091348034
0.08179874156595818
0.8739754123101353
0.8780537712331652
0.09442408293400428
0.8555819164447024
0.8573534617480532
0.08736577255124985
0.8508748990950186
0.8495192597489969
0.09781175468770567
0.864678762849625
0.8516774601055388
0.08084860808381876
0.8329361098149788
0.8406278401485406
0.094309483484779
0.8446138684108878
0.8332320503055489
0.09589624827516009
0.866865602495106
0.8417451846598736
0.049441293915815775
0.8026116491662144
0.8242791346954782
0.08681467950544502
0.8906786272532353
0.8732395440500567
0.07344961201816703
0.8473747371117404
0.8315517438982236
0.06333661038955572
0.8404085694235852
0.841547249725722
0.09037046055559346
0.8632368122551699
0.8685618333076583
0.10223765113162601
0.8301910319198781
0.822284399717717
0.08067609338010559
0.8550896167201902
0.8655802513242655
0.07637760129483849
0.8963848082028101
0.9035229673793101
0.0980975549534036
0.8279069459130679
0.8263427788525525
0.07807441937234447
0.8645946479012203
0.8710725465987499
0.13199964456402336
0.9312267574095987
0.9307523395537673
0.07173246115180139
0.8438654596520415
0.854352483141221
0.0712696988859335
0.895130140257505
0.89205268263818
0.08053221389788762
0.8705959472559898
0.8716516345798425
0.07327384606411758
0.8829894130610002
0.8954470521686834
0.08478014046606981
0.894639150877281
0.8768183619216122
0.08756962257804977
0.7645041783978224
0.7519677050565061
0.08520278448010722
0.9202330553202382
0.9072638331127957
0.07275334466861039
0.8906226982066893
0.8901091643115104
0.0809727934543893
0.8282198653921141
0.8208268327951821
0.08250186044646092
0.8759580541477767
0.856738349376478
0.043171238522382964
0.8489593716837625
0.861960324165904
0.10367010977613904
0.9018491748767283
0.8789449441841475
0.07816759926215566
0.8823681792003637
0.9104978399309993
0.08730208967413813
0.8543578227931501
0.8642678228517681
0.0865518645632489
0.8546030643570792
0.8510740416860281
0.07146067869181962
0.8576560779594088
0.8744395943409811
0.08725548785787546
0.7928650338242703
0.7755946775824443
0.06513319951536545
0.8581027022638401
0.8460685871063133
0.08031758901932008
0.8444498153355215
0.837016031347087
0.060918086611386535
0.8959306470972351
0.8941244081008634
0.0697521235703544
0.9175182024015466
0.9058564585125536
0.079151197731671
0.9170899242006312
0.9101417726901117
0.0896703383964594
0.8396741152647982
0.8404059120079022
0.07769409915655098
0.9373306466874053
0.9469248057716567
0.15958375128043847
0.8496429855715179
0.8520046153135604
0.06907992443623523
0.8849352426699096
0.8892777926676092
0.03742499943041598
0.8352148789643974
0.8438758890941512
0.06606726665371294
0.8107197306253412
0.810980216122603
0.061270913665246826
0.8701733159388784
0.8739452593858387
0.06581672844885121
0.884169539143889
0.8776185023167052
0.06786592574561265
0.8331545877091434
0.8330703681852997
0.06891574923031903
0.8748679116139763
0.8753694122073523
0.04862578872310949
0.8328022816755849
0.8291050283216299
0.04245671296798853
0.8700765785451506
0.8690692388333041
0.05680055962082007
0.8921289895165202
0.884728902966506
0.06456735085643288
0.7826065519533343
0.7810020750516925
0.06545727453121046
0.8806993602677425
0.8788398275865348
0.07145993049752182
0.8107737321477302
0.8148992047879263
0.07093801153235982
0.8719052618719411
0.8648751318536317
0.0551294142142446
0.8893738800435979
0.8865888802559104
0.06994088230319817
0.8337235238721706
0.8333986261641164
0.06987653759358778
0.8865946936784497
0.8830314673850962
0.06656171619965588
0.8242235495364748
0.8184610145779373
0.0707788599167288
0.8778983777021379
0.8881708218398255
0.07701690215605465
0.8332866261874025
0.835659251844098
0.06036762937800862
0.9265407861847252
0.9294284816631881
0.06272893058185033
0.796171214615201
0.7939776240247323
0.06084732880779505
0.8739333031014337
0.8667145931948955
0.05577403704424502
0.8509942082675969
0.8558557033915736
0.8538629141814328
0.8088152928021052
0.8214299785254067
0.08675327918831705
0.7783615611508977
0.7679217542295435
0.09346653859894063
0.7129330452034912
0.7054229887833401
0.11116824646552255
0.7530178682487838
0.7645714774417065
0.08600191711558189
0.8452011506470957
0.837355727154063
0.10309379077273632
0.7722757270585894
0.7974628009834682
0.10017591986965654
0.8350886910270477
0.8400644206176747
0.10658442276384252
0.7830152978394774
0.7811118748593292
0.07703442868516346
0.8437414185773706
0.8434722990536123
0.10116641277972223
0.8363089833633083
0.8458194413779361
0.09701145733181682
0.8252051869527259
0.7986854257781094
0.08164527149749203
0.9923220991975327
0.9957009916093489
0.10323211808316374
0.8833507318723209
0.8911092584342575
0.10206479365138584
0.8087774016169826
0.8129127981861614
0.12086950207688216
0.7952913520947203
0.8042177496573694
0.10949396831417063
0.8050237600699851
0.8023389898096255
0.09903015679437296
0.7261947370126322
0.7164573298237142
0.10956027809146691
0.7578021738055092
0.7517326018250866
0.0998571732309298
0.8422401073021744
0.8536561730752893
0.11358185603815392
0.8779049391827944
0.879450960260123
0.10530506250612356
0.7311346596594726
0.7394337547889864
0.09670398323634447
0.8175047746062402
0.8104028450712855
0.0888367106185732
0.8246735168470393
0.8398641428512673
0.11648704619073202
0.8681069383373122
0.8665539201880206
0.1088044591084443
0.8220355746358885
0.8294210237714261
0.1085884525284993
0.8316116449803057
0.8507997158546653
0.11844064392461855
0.7821524705679037
0.775983857984893
0.09450992230902343
0.8722957508267828
0.8640735743281666
0.0888640705986741
0.8300810556989419
0.8273410620060271
0.09689058696065181
0.8191982549654688
0.8527905017775849
0.11995069420719688
0.7975927863340717
0.8005070044413732
0.10254475715332798
0.8574276270680836
0.8715251188937077
0.12211185956625374
0.8075022463710494
0.8231176690171911
0.12516125984678952
0.8205703694852923
0.8127620884101504
0.11557091119474545
0.8247983033662741
0.8225200427170756
0.13992682422059638
0.8465565169794709
0.8267389867358252
0.0732965333128427
0.8653650394725478
0.8798218448507522
0.13696177572718066
0.9213002346187991
0.8988066405034683
0.11327808856287616
0.8768049928279722
0.8749354308227231
0.10850574304539601
0.8084032773099764
0.8044950361497918
0.09030140077115015
0.859999632150188
0.8625127113006863
0.11723802885986172
0.9003021335688299
0.8820293285258399
0.12106781697068791
0.8170602852967392
0.8043081794831979
0.11582610634959223
0.8610857974107177
0.8731017567802862
0.1337061788116023
0.8942829800956386
0.8814205788234468
0.10027626303114254
0.7976962744663874
0.7935786309535371
0.11570444395281365
0.7807802072419412
0.7750564992502417
0.11902614781500336
0.8125027321268236
0.7919705739597401
0.10623685662441487
0.6985556629185993
0.7048167904737759
0.11402443292594439
0.8472880648036635
0.8363359023562581
0.09557686636504353
0.8721348471648972
0.8662484589720033
0.1345060453854272
0.8699078901232344
0.858597716910434
0.12075504679925025
0.7904910835601956
0.7786642542801766
0.10853772805635822
0.8268047953099608
0.8378186860470143
0.09988864467989754
0.8687559672756758
0.8774210270930166
0.10832400846976543
0.7890706832785568
0.7881498350119167
0.11841234929700972
0.8440069036528351
0.8591212187182885
0.06467498626687578
0.8368278873277297
0.8400582464034568
0.10043284506706868
0.8112653858495221
0.8095638127969437
0.0750483109398584
0.7943550463886866
0.8231967604937964
0.0866210758839728
0.8851085299366601
0.8739030243382797
0.062232163608411085
0.7696576874027901
0.7831188509615311
0.08499921583638786
0.7906354779563423
0.7967971427248297
0.09558306353617198
0.830415537700969
0.8155865406937494
0.07427891166681183
0.8532301588945171
0.8645173782410548
0.09600067528264929
0.7933558549110382
0.7940543134750082
0.09089992786275093
0.8431680765390718
0.8353743159663414
0.09046594591897478
0.8153434710041247
0.8187950414251686
0.10206749329698893
0.8257825951583361
0.8166034166283639
0.10053175791345313
0.8374778832968969
0.8337220127004638
0.08139307887756618
0.8180168707348379
0.8228785917780895
0.09903935022741174
0.804054559932038
0.8025655338237614
0.10519039747266262
0.798162376213698
0.7935117298779566
0.06969571433074678
0.828149176633861
0.8285507316997074
0.09109156220036142
0.8425706393586572
0.8542796594286932
0.10279513111311896
0.8241351035251192
0.8272458745697994
0.10721081328572316
0.7981317612836033
0.7919194353919364
0.09923693736403999
0.7943976404088628
0.7882456860854102
0.10507079487835737
0.8162072039493005
0.8087401415206069
0.08604313072567693
0.8011372334574596
0.7862827457749613
0.0643362491073839
0.8363727173964464
0.8440043208999041
0.09363725046822208
0.8159592387031184
0.8205327616104298
0.04902216612478972
0.8495707415495007
0.8387496755769351
0.0
0.8394004129484547
0.8394004129484547
0.05873129492133487
0.8165553889047568
0.8218152966755546
0.06664540752692107
0.8015001551447906
0.8132433834752466
0.051731483464723685
0.8683421582534935
0.8610061497991619
0.06381462129536462
0.8658657028747002
0.8524993545061637
0.05795717560173702
0.8608750636324793
0.8608750636324793
0.04188884468023959
0.8845019536075069
0.8731716109132885
0.054324373309579455
0.8088992566304286
0.8146804156451306
0.05205051567975053
0.8555825064692453
0.8602755657550617
0.053405199766514554
0.8176297377860237
0.8105412811951358
0.057407530803862156
0.8713485441974412
0.8687185059802818
0.060303114819117
0.872804340516896
0.8714995138896204
0.052727083414330224
0.8248692427150754
0.8326019961262259
0.06532301462370915
0.8230548519370596
0.8146104899891672
0.0511557703140726
0.785117419843688
0.7871602059949984
0.056901139108757146
0.8669461966532991
0.8691989501304334
0.06212068281439735
0.8648703997793216
0.8436474607846886
0.059167512729801926
0.8258766351556519
0.8189482351571385
0.04808853596641464
