0.40904799405193093
0.16810223724982595
0.20009883865194383
0.4574345849675558
0.3663112508510493
0.16055756769971896
0.2268186073940227
0.6378604169704398
0.4997419354666801
0.38570135387728055
0.451308985420092
0.5829876430544286
0.5521568920593692
0.18438074848355174
0.07067142711473182
0.34515991219921416
0.3974492498142411
0.3650335826208402
0.43924786763029244
0.46911925494664736
0.359235465499685
0.2828622883968817
0.27279727237568213
0.28375606390908203
0.2581162052445295
0.5026061579759015
0.5226576762854604
0.2801633303002886
0.1515151515151515
0.47233414020262027
0.5401091974885481
0.3582512062789285
0.41095815480619535
0.13522468075656266
0.1912681946843437
0.3104602102825331
0.5122867711789232
0.13246120535913508
0.158292061860056
0.5743009633459403
0.5408816917454171
0.3869529949759475
0.13151272746117287
0.3009419175453115
0.2179449471770337
0.381450061137435
0.5947755473239502
0.6036083941296314
0.5115617324246878
0.6128127997092633
0.517362890996276
0.31615734451145144
0.36106837353937604
0.309408552423167
0.11846977555181845
0.3405574568898749
0.3928362656341784
0.43133631192806654
0.48773159366558594
0.26940795304016235
0.28864834364760894
0.5771526790437527
0.48210574863391886
0.48053739027004827
0.378661182306514
0.2672612419124244
0.028194193721730043
0.2507784139231543
0.29240888936535714
0.34401045807689073
0.22188007849009164
0.13719886811400706
0.08312115136152574
0.4695197906645353
0.5065651553435714
0.37479091160905864
0.3777403169315834
0.5366289362709977
0.5473246478576544
0.28912165479145596
0.16296216206593894
0.42830441755553517
0.4336081195755195
0.4544745639818725
0.35277813055608476
0.4061982461165031
0.4894177926193736
0.4146560446452083
0.37685618531198684
0.4279669808851281
0.3750021400384066
0.23170341173428086
0.2943028597012718
0.2670882572717043
0.20751023642374988
0.10243293100033338
0.6663938158067921
0.42971679039878996
0.1457226918679578
0.25019554168026714
0.28228515509921237
0.26995888299417503
0.15975241260567344
0.35783002674779546
0.38875313014742235
0.30677371992541314
0.25564476660451096
0.61742687937001
0.5940210636570653
0.6046020904371754
0.2053988647955044
0.18433299963121214
0.3688558515452835
0.41156551044295414
0.49822538808379163
0.2786711614049855
0.6416756615965412
0.6745553805057887
0.6480495032248482
0.3915256335329455
0.3765330307163267
0.45369972993286545
0.18625322946656703
0.27774602993176545
0.41805962755713094
0.45790546988962544
0.6154941826632163
0.6420504628486622
0.6133385708941793
0.43575075739140323
0.3686819640713862
0.5765925506435318
0.42320655220373554
0.39799535343531656
0.4520487149271182
0.4531778801287012
0.12080808993852436
0.15126584522688322
0.3875507284791499
0.18418218405447617
0.5186135362676141
0.5501778368617851
0.29488391230979427
0.2516132830427542
0.3716389491342043
0.36064975486538736
0.43142514944595906
0.524777138198797
0.31367244210560485
0.24987096773334008
0.40159291796153096
0.10176568762666319
0.12168240453959095
0.7021165550790114
0.38597748940552346
0.42661385913338007
0.6741413650968975
0.6809605150014287
0.38668592238643396
0.34648137647066635
0.6451627709218366
0.45752287671576797
0.4488767235731018
0.3939487415878219
0.3198567241064099
0.22466675742712403
0.09352195295828244
0.11227217828476795
0.2144210416873845
0.4159787012764036
0.47511798612250067
0.41379378492515784
0.3463235914358239
0.24388184191689483
0.2488941003557231
0.4007292622280526
0.2913143337846949
0.1935342404956669
0.5034199484574431
0.47569511303070466
0.5502931335890462
0.618189705531111
0.45397411286734957
0.4906745614919553
0.42749577365996255
0.1365577483997838
0.1811643254631353
0.32889058071721516
0.4672364060675597
0.3177354158795988
0.40981948917830696
0.37348034333324875
0.49293001215684085
0.44534994234988307
0.37139067635410367
0.4252766335619245
0.31237900883588554
0.5340273262532407
0.6606139517702745
0.5927852355718576
0.3476343958854106
0.3212462831016178
0.34828617277371693
0.4343877364137231
0.5088977693195643
0.6744986510944495
0.48849609834509233
0.34250696201514647
0.5122709049423342
0.5501876864502244
0.38789603625233837
0.4961276474601094
0.5918141394707478
0.5743073230052641
0.29523809523809524
0.06388765649999398
0.14824986333222023
0.19030686163759675
0.21832400154313186
0.11433239009500588
0.20797258270192573
0.2946193712030691
0.36957457414391826
0.3300862252499689
0.43132388891807083
0.5128870645908463
0.3345352929316069
0.18584559740987272
0.4240477729707678
0.5751839224431805
0.42821418324952065
0.18532588307752368
0.17227222215258142
0.3977832409332963
0.49422597470984436
0.3512743821982825
0.2858212500536805
0.4886706282496464
0.5718591500258087
0.41172005340507245
0.2513248477657504
0.25143490647704814
0.2908356337412225
0.3932326306914151
0.5806187135538695
0.3035517702440625
0.44820049759777236
0.5868597136672072
0.40333115493084293
0.40219840477773017
0.33920828488761656
0.28581294330711216
0.6196489639329125
0.435283213605746
0.4405924055245146
0.4914951178170538
0.3587384400257616
0.4472287434725768
0.40249567233913075
0.48437250617543925
0.4399875866758035
0.1019294382875251
0.1414213562373095
0.04303314829119352
0.24562764364440134
0.2983605640606335
0.052869366804726696
0.19489611623639655
0.4673139768305421
0.17063023229633045
0.1781741612749496
0.3173262265071505
0.25601478565955116
0.5452072322580227
0.4432962371668716
0.2705668903744704
0.21661908532029212
0.31950482521134693
0.26352313834736496
0.45962959358148403
0.4200595175089492
0.5621745618873518
0.46182435378196546
0.22901588561073435
0.2936101097573517
0.46649518070735563
0.3310610959858653
0.32890616875334366
0.4200808866436414
0.5804544792579885
0.6909910643082766
0.5484777545520114
0.38008597413792544
0.42407886576477605
0.45585600281744165
0.32732683535398854
0.17049858486761835
0.4670387461011065
0.6085159602796171
0.6025997604096565
0.3902826110725754
0.5300343902517065
0.3405026123034994
0.3547033897228091
0.3785099216349548
0.37507522666195764
0.5174561517538108
0.2755301564469844
0.28276482655479607
0.11593472394004206
0.0951572136139613
0.4566783283714906
0.5326679424407974
0.5517402396802504
0.6426746339803937
0.6703014917264108
0.6220124821329305
0.5362062930380985
0.4596859701395333
0.1795826745870597
0.2716302943497965
0.5312270293300104
0.3573244995868427
0.3859651178085249
0.5384686189633037
0.33275812439166536
0.41558629714494355
0.4563447255449459
0.4259573284094219
0.30442105102725714
0.49300699300699297
0.31923475378704885
0.2979279170606973
0.3538122255028566
0.6381334570040491
0.597966964122365
0.4989867001990177
0.5712795562302131
0.6082500099186773
0.5879861336891169
0.2965238290020974
0.3297549466086498
0.23457761298087468
0.08869685939836239
0.22079437369032257
0.6898042874114281
0.5377407139589314
0.21305132195960746
0.2001978239850581
0.2087449833771015
0.35677123522744125
0.5021200114801776
0.4297178254565869
0.4726928963120923
0.29546842014263947
0.14285714285714288
0.12104550653376049
0.16994997617015364
0.5150155559780725
0.5030275712575116
0.23187190671591096
0.32724051498451445
0.6181401691952486
0.6094836901455274
0.4738893663289643
0.48327323401207184
0.55577646775429
0.5225554009324043
0.4276510221215631
0.13280995431448114
0.3833259389999639
0.3107594384269424
0.393046612613166
0.3829102368601708
0.37312018268316716
0.24306322850718456
0.16574838603294897
0.2017366461964822
0.2512614345673725
0.4395978703101697
0.3031146731114594
0.41455847394163825
0.4851769454832956
0.6069969210708671
0.6521274437546127
0.4618932302780977
0.5069829230546511
0.5675534838987948
0.4919731304666001
0.3738477714509004
0.36160969070861493
0.4980035152205837
0.48768761607373423
0.3734028359206901
0.394089201239032
0.3668632134505112
0.4453639597046146
0.31980107453341566
0.24545784641604237
0.23489478196744007
0.1629316759331292
0.21381869074261337
0.29025692799498215
0.1978141420187361
0.2692270816179347
0.29825606599529475
0.3718092925235408
0.3958484083694567
0.5345224838248488
0.43677718062193654
0.09097260176298594
0.2509789030269344
0.323344893792053
0.18925832465255632
0.09622504486493763
0.15398552604079624
0.36125050934487335
0.27438098235427055
0.43277549962742295
0.3029694390316569
0.07254762501100116
0.07905694150420947
0.26064301757134345
0.2162482023605158
0.5307910421576296
0.3992747047523452
0.4134459620736587
0.48839635145488886
0.34873937553247925
0.5041547534283144
0.2713094520929097
0.3205241300480999
0.49474906903884147
0.4608453616061302
0.05423261445466404
0.0
0.16401477012732715
0.4479338466688489
0.4377223224840511
0.5100197795439698
0.24352446380233778
0.0
0.0
0.3584620841727527
0.06997114285413195
0.3416251576884566
0.4508364324105291
0.5027842830519905
0.15222445909251434
0.05241424183609591
0.1653551508738841
0.16525013012599304
0.18612014934286775
0.3007172454706363
0.3537790870034883
0.4034895834834519
0.5303558346709073
0.4165417152441073
0.4563074425919674
0.4200235281477003
0.34575000918063614
0.2564313315145874
0.3726446156241422
0.5489813344620751
0.32576236157407845
0.2873748112335566
0.29515975088665897
0.03774256780481986
0.258437557698055
0.584409757222876
0.5138212073623754
0.3434285601697885
0.10895340841010223
0.20833333333333334
0.24415303724530454
0.620922313212172
0.42432208546331046
0.24570026083553537
0.32908716472581384
0.4429972060405997
0.5502984727544082
0.5552703936327114
0.44110104936012823
0.40508588364982606
0.3572738601506218
0.45801735296886253
0.372851820894429
0.15439037949521664
0.33407091392012295
0.5810173458224437
0.398989898989899
0.15362746694975674
0.28191150620583083
0.5851733957992151
0.3819425256694513
0.03761552186220996
0.028835491804079714
0.4998827674072921
0.25378042957991903
0.0
0.0
0.48856991820183876
0.32636495600330967
0.3793437861901349
0.4855827907322203
0.3075196426337099
0.1725846996342804
0.23485859433751682
0.4779087142231608
0.4252819371045486
0.42589759059656174
0.22742941307367098
0.08164965809277261
0.048795003647426664
0.31653703529957233
0.47427600982906293
0.38332826590346747
0.29417420270727607
0.3314525105299418
0.4627351507284945
0.5849719375541156
0.4053965339582112
0.1615438384568885
0.35571199784014856
0.39290828481068457
0.1520571842539411
0.18844459036110228
0.05209322610706233
0.19802279106251874
0.19024351200388964
0.5853447310838801
0.5100028333569446
0.4095743542398288
0.4009892578020669
0.3509820590815169
0.5377445184041486
0.5524700451854158
0.34978762030860755
0.45403558882319994
0.7180011063456846
0.4326549561381542
0.4009555116525367
0.5566780947745439
0.29476202796986883
0.2508726030021272
0.4584913089349222
0.483736732105379
0.3612298124458383
0.3694761224247337
0.4216370213557839
0.3710683983747491
0.37789012177943165
0.5904765622742122
0.3341870429022734
0.32663728995924396
0.4286264273395748
0.14858189031772948
0.25976216673306557
0.30693341793839324
0.49909836148125963
0.612552446145229
0.5303677930656189
0.42205317528687913
0.44239572996221743
0.3150880801962952
0.2775722448027047
0.32603873404677997
0.18083483732426356
0.22378447501102897
0.4723278833010279
0.21437323142813602
0.16761509483802242
0.26829574475153434
0.35522689904932175
0.49647679262707844
0.5706623531640818
0.5952865619302092
0.44613429891925627
0.21105794120443455
0.2741446324535747
0.2677635606551342
0.08770580193070293
0.26958193300859606
0.4799193628235989
0.48523652858208477
0.37085691438233737
0.2116468773686787
0.36422042005137867
0.08226900697897271
0.12060453783110543
0.5083243974351805
0.5260184591753585
0.7038933264131217
0.5031529765647957
0.3187339330418597
0.21312511562780678
0.21661920284376304
0.0
0.1925243804447558
0.3165549546879248
0.24922239313961342
0.22587697572631282
0.21597969886241558
0.4003203845127178
0.15311180047019055
0.19031916641727503
0.4228913005279303
0.5839701919088567
0.6020457001499396
0.5136808989703787
0.4542120764584337
0.5720080270176906
0.6076382291089212
0.5223379796723213
0.4601299571608921
0.11661758018626434
0.20251787299097201
0.4400865470773232
0.17645797337168884
0.1891028763103918
0.30974513512200363
0.19208607384594528
0.28160661171555135
0.29764013964611913
0.29080080483815696
0.2674909859950037
0.48095152781357087
0.3935303014315714
0.34646743359179166
0.3373005262694457
0.35809299254710847
0.31048943694395653
0.41299875046995643
0.6212701728820198
0.5394384719601253
0.5694359095791367
0.5269563558406338
0.5013071917732282
0.12632278815997783
0.0926367113173171
0.5698812870964944
0.6913427584719363
0.491310075657109
0.38476665873576216
0.3295649840916798
0.6445206953435639
0.33567254331867563
0.3905832834322535
0.5133500147797818
0.49140829504203104
0.3078948034744713
0.37655502941905716
0.22425358077521376
0.45895279940771183
0.5720136614497149
0.5937355537529329
0.6055585202275598
0.2775266327335769
0.17764934669967067
0.24248280229258637
0.44652639942112377
0.3711092822906431
0.23097218937464728
0.3091542131815679
0.3968705984209723
0.45111180992873284
0.47789085526781167
0.4736061234897786
0.29573340149806476
0.3381529983639159
0.025318484177091666
0.0691163516376137
0.176630676407235
0.23640606088818394
0.34656394514299277
0.10453025125088636
0.10453025125088636
0.16608133838776268
0.4142604650146876
0.3312241241260395
0.40888072903214884
0.4350266293072588
0.3520355217416723
0.3244927834366475
0.0935816541791462
0.17307337950476576
0.5296144654218002
0.29848100289785456
0.38349454080498346
0.5517159378520031
0.303057474543743
0.22596922689443352
0.0
0.046401616866730944
0.4632062657483049
0.23991256850993542
0.41540305293908064
0.3977150203039823
0.2134028982088736
0.09240616554505461
0.19402850002906638
0.0712068994916312
0.32000088581682695
0.5376545341215926
0.0
0.0
0.11879774082787287
0.14076253059521723
0.29422637990603245
0.29935920183150355
0.5978186713701545
0.3116615931874212
0.14937984381033234
0.2779609460907712
0.1295463117164447
0.23786236958180945
0.47041235582504193
0.47617926377013764
0.6594744339093657
0.48355617574750664
0.04494665749754947
0.0
0.05413539955388112
0.11792569038137107
0.39886766029888765
0.3588217715321776
0.20734905491284114
0.30846883407227743
0.17073170731707318
0.3005221936066856
0.2993325909419153
0.17888543819998318
0.2700638312223111
0.5601153016190433
0.4799882484687453
0.18634033493773602
0.3774024486872849
0.50096078694773
0.33216267677552536
0.4364844002883748
0.4805597134729253
0.5236632588066205
0.2647613569285981
0.27155254784440197
0.2862217785443142
0.2833726933853859
0.5149909868016167
0.10673658872307572
0.16257476347853142
0.5969434000576105
0.4656582063103438
0.3769676911242066
0.2376703644089227
0.025441092565739218
0.0691073690718941
0.29373674772302333
0.24391050018278898
0.2302072798698363
0.35467605767713745
0.4013745744978826
0.521165554291409
0.4468444550363131
0.05443310539518173
0.1025371802607319
0.6020350024792137
0.327340366568122
0.12521758066945232
0.3817263081690598
0.2926651463203983
0.36649297559997684
0.6729298592343753
0.40866253138959985
0.6152136610844061
0.298720074624527
0.18130943107347372
0.11651034560709261
0.5688820001580348
0.5878891902607708
0.6221345290795608
0.3961142849102299
0.40749526267302905
0.08391813582966892
0.13650472655798704
0.4639212616391787
0.5869703241993441
0.6357331826410412
0.43079376938306
0.47212484682966693
0.6135254474196328
0.4697431195532051
0.08084520834544433
0.05727157061167437
0.5410572311958082
0.4610354908025933
0.3949377747962766
0.5884020035327627
0.21378151190636108
0.13957263155977062
0.47483573524849143
0.3967876966218537
0.4955174853505175
0.4477734291372547
0.03333333333333333
0.04835490443213828
0.43051773329196563
0.3023883316876345
0.4862166383263152
0.28755406187583576
0.21747031047714718
0.6019195970904729
0.47761841359544016
0.21980623389166562
0.47809144373375745
0.34645116407786697
0.22378589813732275
0.32670074231023405
0.40254307937677314
0.502409880237755
0.35557117544292144
0.2842274730040297
0.46389167926263464
0.30117351663461456
0.23677853202210844
0.15153203133905102
0.17609254297382138
0.4892703862660945
0.3680195393741046
0.40065485908624954
0.5485889609027108
0.37953605763829484
0.4337333657549036
0.49213076618913015
0.5193386469133088
0.5014213040454074
0.5685352436149611
0.1498322817141825
0.22433499115657982
0.2657642388106997
0.25620504608813943
0.3395473184689165
0.40360587097081924
0.7092322053466815
0.06385508568141009
0.12126781251816648
0.15787724448766816
0.31842570601866826
0.4451393469858502
0.49525236014276286
0.5197173506209931
0.5786895405311302
0.5627265091000224
0.4758817009774374
0.5222878261488677
0.556815933156972
0.5164224751913673
0.4533240068553141
0.4496715843627303
0.08917485982975921
0.14002800840280102
0.31648216364646925
0.6031894408538461
0.41963470302673117
0.37807562268756256
0.5361700564123504
0.6550624735549518
0.5658493328437129
0.08333333333333336
0.03425943549137659
0.24894142079195156
0.11219363880101488
0.2930667938725819
0.5202670395257831
0.35708382038616926
0.4938062495560095
0.15510514927571628
0.060829906467247355
0.4318579397523332
0.6200750993089275
0.372636055264809
0.2599693589330627
0.3236694374850749
0.5432639561000246
0.6602504713358487
0.3844815820771156
0.4482203178835005
0.3127394866697978
0.20831080959324552
0.4102505898018675
0.5788508515576546
0.5748392304332319
0.40273861426601687
0.34518969913988706
0.4360333499756423
0.3986754087042482
0.478261159289826
0.4228224843991592
0.33237299329870096
0.3611649260160892
0.577020312462675
0.2968328757020708
0.4081968705643627
0.40834488003750685
0.34274155392288397
0.500217426897432
0.4549381572417872
0.4460906048674406
0.461363776965222
0.4696764312350647
0.681539582063489
0.7258158746109212
0.2957840206134821
0.19551857514700038
0.2395449973781597
0.33454514378718375
0.0
0.0
0.12555049023795636
0.1154661264854475
0.4324170883406381
0.36535489097394147
0.24029245205142938
0.45755276665667066
0.5983983480820623
0.24558315205696402
0.2407717061715384
0.49487165930539356
0.1091089451179962
0.2302686766651324
0.3978095363166474
0.5575900973203901
0.5320159167473419
0.44215274103881497
0.462485738332925
0.0417391935564841
0.0
0.5197344258117644
0.24798999793845405
0.10777013435226059
0.4027654024217546
0.6740226735733501
0.7416333663816758
0.6958410620107625
0.23778573564191433
0.19695964928958382
0.3495468537788542
0.4666702550715055
0.5498739002532993
0.5184812917958036
0.45013318765093224
0.34519695504947234
0.3448423440044005
0.027036903521793755
0.015073854388204484
0.6076150421183981
0.7315307322211595
0.5291671958341271
0.4246680097195713
0.5542313918598807
0.4435536571122236
0.2661865802838813
0.4406399924441453
0.5014858873767987
0.3746156893540015
0.11801515411874573
0.0
0.476334679500377
0.5272242718626958
0.3373286690679335
0.3907807324297391
0.581518635750289
0.6337333294733625
0.4077075556860481
0.2757494519455779
0.5650149239541622
0.521297063903794
0.4389417990037191
0.21279807063957257
0.43801593235471653
0.5240742200418647
0.4655449512309505
0.48181205582971587
0.4018590340278711
0.3287191293257129
0.40001097438852284
0.34412827852737116
0.27948154232004163
0.5037175233040658
0.5612844053569457
0.5473372723258481
0.5526085321390654
0.6106606242987651
0.3208026260491875
0.19920130376152123
0.2682611004059375
0.3216337604513385
0.4244096385471128
0.5950001404763288
0.5574000612115932
0.5310009484840442
0.5294636962297925
0.34191530727369657
0.3127150422899714
0.44990819136903326
0.43833618680264574
0.27910755250738106
0.46844246241051823
0.524733886968871
0.3579493998434272
0.4309300228458515
0.3905109489051095
0.4390258156530087
0.4260429614980358
0.16139400871168064
0.3684098998397886
0.22113399445416204
0.1835427559518799
0.4854804517061406
0.503953041674149
0.4077381507982399
0.5066827711256379
0.36560566473805456
0.4360407996361905
0.338235294117647
0.4325848765266438
0.07559289460184546
0.061580312044197005
0.2466631237725118
0.20849576255973817
0.44247065429427834
0.20579830217101058
0.48877096765615013
0.5091212048077888
0.48431883007895293
0.3149976631579294
0.2508726030021272
0.15304883036657307
0.1506188082821945
0.48865825352586323
0.6295216112457888
0.3568558358599028
0.21951219512195122
0.2872193757720978
0.5715872602801944
0.5222823993447552
0.38598389087349333
0.43689428538731023
0.34357710377581785
0.20214987702065612
0.20225995873897262
0.3426493374326751
0.3133810393484351
0.23621955709010395
0.3503844436650673
0.22684813774534213
0.31062186622177834
0.4062019202317981
0.3357985018750847
0.49442343916610476
0.27417124197874815
0.23611043576490007
0.6858412391679664
0.3849001794597505
0.17315416054977323
0.4702992331721925
0.3176865724291908
0.030082841879809342
0.1648879943594953
0.5142378534384145
0.5108773035428265
0.18373469898171785
0.18307302333807954
0.17149858514250885
0.9375
0.9375
0.9375
0.9375
0.9375
0.9354143466934852
0.9354143466934852
0.9375
0.9375
0.9375
0.9375
0.9375
0.9354143466934852
0.9354143466934852
0.9095085938862488
0.9411764705882353
0.9411764705882353
0.9411764705882353
0.9411764705882353
0.9411764705882353
0.9411764705882353
0.9411764705882353
0.9411764705882353
0.9411764705882353
0.9411764705882353
0.9411764705882353
0.9411764705882353
0.9411764705882353
0.9411764705882353
0.9411764705882353
0.9411764705882353
0.9411764705882353
0.9411764705882353
0.9411764705882353
0.9411764705882353
0.9411764705882353
0.9411764705882353
0.9411764705882353
0.9411764705882353
0.9411764705882353
0.9411764705882353
0.9411764705882353
0.9411764705882353
0.9411764705882353
0.9411764705882353
0.9411764705882353
0.9411764705882353
0.9411764705882353
0.9411764705882353
0.9411764705882353
0.9411764705882353
0.9411764705882353
0.9411764705882353
0.9411764705882353
0.9411764705882353
0.9411764705882353
0.9411764705882353
0.9411764705882353
0.9411764705882353
0.9411764705882353
0.9411764705882353
0.9411764705882353
0.9411764705882353
0.9411764705882353
0.19026059766179765
0.9929674489269137
0.991489206929469
0.991489206929469
0.9915254237288134
0.9929674489269138
0.9929674489269137
0.991489206929469
0.9913793103448273
0.991489206929469
0.9915254237288134
0.9915254237288134
0.9929674489269137
0.9929674489269137
0.9915254237288134
0.9915254237288134
0.991489206929469
0.991489206929469
0.9915254237288134
0.9929674489269138
0.9929674489269137
0.9929674489269137
0.9929674489269138
0.991489206929469
0.991489206929469
0.9915254237288134
0.9915254237288134
0.991489206929469
0.991489206929469
0.9915254237288134
0.9929674489269137
0.9929674489269137
0.9915254237288134
0.991489206929469
0.991489206929469
0.9915254237288134
0.9915254237288134
0.9915254237288134
0.9915254237288134
0.9915254237288134
0.9915254237288134
0.991489206929469
0.992386467993576
0.9929674489269137
0.9915254237288134
0.9915254237288134
0.9929674489269137
0.9929674489269137
0.9915254237288134
0.991489206929469
0.9913793103448274
0.991489206929469
0.9915254237288134
0.9873505612967644
0.9915966386554623
0.9915966386554623
0.9915966386554623
0.9915966386554623
0.9915966386554623
0.9915966386554623
0.9915966386554623
0.9915966386554623
0.9915966386554623
0.9915966386554623
0.9915966386554623
0.9915966386554623
0.9915966386554623
0.9915966386554623
0.9915966386554623
0.9915966386554623
0.9915966386554623
0.9915966386554623
0.9915966386554623
0.9915966386554623
0.9915966386554623
0.9915966386554623
0.9915966386554623
0.9915966386554623
0.9915966386554623
0.9915966386554623
0.9915966386554623
0.9915966386554623
0.9915966386554623
0.9915966386554623
0.9915966386554623
0.9915966386554623
0.9915966386554623
0.9915966386554623
0.9915966386554623
0.9915966386554623
0.9915966386554623
0.9915966386554623
0.9915966386554623
0.9915966386554623
0.9915966386554623
0.9915966386554623
0.9915966386554623
0.9915966386554623
0.9915966386554623
0.9915966386554623
0.9915966386554623
0.9915966386554623
0.9915966386554623
0.9831932773109245
0.9915966386554623
0.9915966386554623
0.9915966386554623
0.9915966386554623
0.9915966386554623
0.9915966386554623
0.9915966386554623
0.9915966386554623
0.9915966386554623
0.9915966386554623
0.9915966386554623
0.9915966386554623
0.9915966386554623
0.9915966386554623
0.9915966386554623
0.9915966386554623
0.9915966386554623
0.9915966386554623
0.9915966386554623
0.9915966386554623
0.9915966386554623
0.9915966386554623
0.9915966386554623
0.9915966386554623
0.9915966386554623
0.9915966386554623
0.9915966386554623
0.9915966386554623
0.9915966386554623
0.9915966386554623
0.9915966386554623
0.9915966386554623
0.9915966386554623
0.9915966386554623
0.9915966386554623
0.9915966386554623
0.9915966386554623
0.9915966386554623
0.9915966386554623
0.9915966386554623
0.9915966386554623
0.9915966386554623
0.9915966386554623
0.9915966386554623
0.9915966386554623
0.9915966386554623
0.9915966386554623
0.9915966386554623
0.9915966386554623
0.9831932773109245
0.9915966386554624
0.9915966386554624
0.9915966386554624
0.9915966386554624
0.9917011013305196
0.9917011013305196
0.9915966386554624
0.9915966386554624
0.9915966386554624
0.9915966386554624
0.9915966386554624
0.9915966386554624
0.9915966386554624
0.9915966386554624
0.9915966386554624
0.9915966386554624
0.9915966386554624
0.9915966386554624
0.9915966386554624
0.9915966386554624
0.9915966386554624
0.9915966386554624
0.9915966386554624
0.9915966386554624
0.9915966386554624
0.9915966386554624
0.9915966386554624
0.9915966386554624
0.9915966386554624
0.9915966386554624
0.9915966386554624
0.9915966386554624
0.9915966386554624
0.9915966386554624
0.9915966386554624
0.9915966386554624
0.9915966386554624
0.9915966386554624
0.9915966386554624
0.9915966386554624
0.9915966386554624
0.9915966386554624
0.9915966386554624
0.9915966386554624
0.9915966386554624
0.9915966386554624
0.9915966386554624
0.9915966386554624
0.9915966386554624
