0.4110679964309663
0.4110679964309663
0.9950859653474032
0.9999999999999998
0.16810223724982595
0.17238033175224826
0.43746016266443294
0.4287100754737556
0.41753303114488577
0.41753303114488577
0.46160156720791706
0.43147348794034796
0.18997427605839107
0.18424508614352228
0.47097571018265183
0.4739010251527304
0.4417817289759437
0.4417817289759437
0.4101223591158002
0.3854541397819925
0.3610561601022557
0.37722285383817766
0.5108760990892457
0.4800899316152907
0.45517776545459887
0.45859435886264327
0.35394737474746907
0.3522080650827642
0.20401083734352718
0.20501830439574456
0.3412949405703812
0.3412949405703812
0.44204231427617946
0.4444845370069871
0.1847344497840423
0.19403925042384587
0.4390883441575789
0.4412566948467464
0.32415011650079223
0.32415011650079223
0.4394224849412408
0.4346461535831838
0.2978676746223496
0.2891068606628687
0.2820665304167255
0.30087096577784056
0.47748720640446524
0.4822861933810669
0.22247460415730488
0.22026087143464346
0.398129553911508
0.40722550794699974
0.44710096142299216
0.45426586692491927
0.4535602074000362
0.4513313968238333
0.2533201985524494
0.2545711701038922
0.28285685567099134
0.28285685567099134
0.4295265966119486
0.42270871412604466
0.44119767436930585
0.4390296137088098
0.43200366763854314
0.42724596805713067
0.3760887072223008
0.36841418709760143
0.1664947567017166
0.16316452514632776
0.2959619117772983
0.290158737036567
0.409876478446375
0.41824216688943355
0.4543926195169872
0.4453038489753281
0.19318156363130853
0.19318156363130853
0.3861704498595101
0.39005165742856557
0.4275150450352091
0.44146583486221724
0.41046709353870225
0.3629988583811253
0.29083146808824784
0.29083146808824784
0.3059843167985803
0.29986401218693226
0.3618571459283428
0.3618571459283428
0.31040661527362456
0.31040661527362456
0.3531486702189001
0.3514132854159258
0.44678693706120076
0.455626122826111
0.47180857734307324
0.42524852036842786
0.44584785603427723
0.49007013292321483
0.45274201952469767
0.45274201952469767
0.4378131913087342
0.4356617621152788
0.26568446566202863
0.2669964956939909
0.4738037030194039
0.4744172955689203
0.18830046126314018
0.18262174977642112
0.24407162288088627
0.24905318991921127
0.35712387784925315
0.3571238778492531
0.288659793814433
0.32329830247841407
0.4090729491542368
0.4090729491542368
0.4127772262417712
0.4127772262417712
0.1516438194318976
0.1516438194318976
0.46918511452838907
0.4624342495711461
0.42660129781624173
0.444563457724294
0.36329468324504277
0.36329468324504277
0.44124269429417673
0.44124269429417673
0.39222411160364873
0.39222411160364873
0.13651797622815245
0.13930434460023025
0.3338437626246901
0.34352452344354983
0.24837629609739673
0.24837629609739673
0.3332317692440369
0.3332317692440369
0.33116839479652893
0.32954102182865386
0.4356649189097368
0.4356649189097368
0.13584712216226488
0.13584712216226488
0.4878985276582733
0.47990019113928517
0.39134786718871123
0.39134786718871123
0.40749989700141775
0.40749989700141775
0.2189839359276689
0.2189839359276689
0.3604809621383231
0.3604809621383231
0.4222003309207491
0.4222003309207491
0.3466209711698763
0.3466209711698763
0.15900879764848913
0.15900879764848913
0.3684146426892085
0.3684146426892085
0.3112125598879407
0.3112125598879407
0.4475720741400234
0.4475720741400234
0.43173776539391057
0.43173776539391057
0.3795565581410585
0.3795565581410585
0.5225526508053957
0.5225526508053957
0.3765037352813516
0.3765037352813516
0.4602586297186938
0.4602586297186938
0.38990105725714036
0.38990105725714036
0.4573457087375923
0.4573457087375923
0.27578010133067693
0.27578010133067693
0.27237029893824427
0.27237029893824427
0.23883257361061286
0.23883257361061286
0.47614212699511776
0.47614212699511776
0.17712297710801908
0.17712297710801908
0.417942163277792
0.417942163277792
0.4706439360974486
0.4706439360974486
0.38210341086053123
0.38210341086053123
0.21151600972387688
0.21151600972387688
0.26092678795214563
0.26092678795214563
0.4105714555413657
0.4105714555413657
0.2908558407493981
0.2908558407493981
0.23500799597021083
0.23500799597021083
0.36165835141705815
0.36165835141705815
0.39883841281406157
0.400807997201347
0.25982061249074817
0.2585438449975096
0.3905292792137686
0.3905292792137686
0.4327723395634614
0.4327723395634614
0.4037043534769995
0.4037043534769995
0.44681483162619035
0.44681483162619035
0.15035521186416326
0.15035521186416326
0.45024193049865
0.45024193049865
0.35887028128263676
0.35887028128263676
0.4313788387803666
0.4313788387803666
0.37497010880390613
0.37497010880390613
0.3060162560152908
0.3060162560152908
0.4477429674768376
0.4477429674768376
0.4119078824786904
0.4119078824786904
0.5376460108181608
0.5376460108181608
0.386514023768299
0.386514023768299
0.45240412980502875
0.45240412980502875
0.4564117036638822
0.4564117036638822
0.2520504151250418
0.2520504151250418
0.42133242030890683
0.42133242030890683
0.47422866268638586
0.47422866268638586
0.41425900660299597
0.41425900660299597
0.4397399619038688
0.4397399619038688
0.42121311675562917
0.42121311675562917
0.491873022731923
0.491873022731923
0.2933184213952714
0.2933184213952714
0.4489321653206229
0.4489321653206229
0.44739011557610364
0.44739011557610364
0.35387879645193343
0.35387879645193343
0.43952453649576634
0.43952453649576634
0.5255495577132281
0.5255495577132281
0.3931043138784222
0.3931043138784222
0.036155076303109365
0.036155076303109365
0.3737169253758734
0.3737169253758734
0.22578837914485933
0.22578837914485933
0.3168472137525358
0.3168472137525358
0.5197661616006741
0.5197661616006741
0.36497322654611486
0.36497322654611486
0.19802950859533486
0.19802950859533486
0.27061136656999807
0.27061136656999807
0.3269835454479486
0.3269835454479486
0.34722813233740846
0.34722813233740846
0.4039348941262818
0.4039348941262818
0.42196080607241454
0.42196080607241454
0.2634319380891059
0.2634319380891059
0.33730859725669865
0.33730859725669865
0.4403840808155263
0.4403840808155263
0.07204381596421112
0.07204381596421112
0.4873041203981411
0.4873041203981411
0.3764033403680317
0.3764033403680317
0.2940588176458821
0.2940588176458821
0.5852229247194437
0.5852229247194437
0.33152591848280627
0.33152591848280627
0.5402727957435843
0.5402727957435843
0.28867513459481287
0.28867513459481287
0.4093864699013664
0.4093864699013664
0.4137981242038705
0.4137981242038705
0.3283947887145927
0.3283947887145927
0.39120021534505495
0.39120021534505495
0.34373657305235505
0.34373657305235505
0.3200854922469215
0.3200854922469215
0.3111892277926691
0.3111892277926691
0.08642716314028859
0.08642716314028859
0.2207515735136804
0.2207515735136804
0.41834525936334066
0.41834525936334066
0.4028580985766145
0.4028580985766145
0.37770612021801886
0.37770612021801886
0.2954615503017861
0.2954615503017861
0.3861181439602841
0.3861181439602841
0.3063174450228006
0.3063174450228006
0.25332019855244947
0.25332019855244947
0.38913246238131644
0.38913246238131644
0.27889955205754874
0.27889955205754874
0.258519567440294
0.258519567440294
0.49412927376675747
0.49412927376675747
0.4129200695076671
0.4129200695076671
0.44952825623039905
0.44952825623039905
0.3525573360346029
0.3525573360346029
0.4079039869200507
0.4079039869200507
0.36802304347035014
0.36802304347035014
0.3964338956628481
0.3964338956628481
0.2524390821487007
0.2524390821487007
0.28583097523751466
0.28583097523751466
0.2820213462985025
0.2820213462985025
0.2263479546725356
0.2263479546725356
0.13338778844417354
0.13338778844417354
0.24599211895266876
0.24599211895266876
0.3885380374217656
0.3885380374217656
0.4511612151448735
0.4511612151448735
0.3770369514319492
0.3770369514319492
0.4620924277292432
0.4620924277292432
0.3798920139074468
0.3798920139074468
0.42482214656153494
0.42482214656153494
0.4927249935293596
0.4927249935293596
0.42600643361512924
0.42600643361512924
0.29400324572482534
0.29400324572482534
0.39683484362897314
0.39683484362897314
0.2844435844500244
0.2844435844500244
0.3743185529531862
0.3743185529531862
0.472649155355389
0.472649155355389
0.38701387014268546
0.38701387014268546
0.4510128944750077
0.4510128944750077
0.3508007479530413
0.3508007479530413
0.30329480459055524
0.30329480459055524
0.4311563725082695
0.4311563725082695
0.2776643759450143
0.2776643759450143
0.3163009923153804
0.3163009923153804
0.35132236712788256
0.35132236712788256
0.5752735424010976
0.5752735424010976
0.4742021982949098
0.4742021982949098
0.26778477080183133
0.26778477080183133
0.03742405942825599
0.03742405942825599
0.19418390934515437
0.19418390934515437
0.38869446941610253
0.38869446941610253
0.21004201260420144
0.21004201260420144
0.3041850007377803
0.3041850007377803
0.42452225675707767
0.42452225675707767
0.38658766652856874
0.38658766652856874
0.3179944153271747
0.3179944153271747
0.4428513699010292
0.4428513699010292
0.4079247332182929
0.4079247332182929
0.5518682727541411
0.5518682727541411
0.21613144789263336
0.21613144789263336
0.3983235240222833
0.3983235240222833
0.44357553951864753
0.44357553951864753
0.3885838303081125
0.3885838303081125
0.35191948428697206
0.35191948428697206
0.1766854557058898
0.1766854557058898
0.3614512034083796
0.3614512034083796
0.4662555066677537
0.4662555066677537
0.4264160834158487
0.4264160834158487
0.33659555645826794
0.33659555645826794
0.33512686069979747
0.33512686069979747
0.5436893217535776
0.5436893217535776
0.34655164004183603
0.34655164004183603
0.3678632668323614
0.3678632668323614
0.21783245945486837
0.21783245945486837
0.35960550147429426
0.35960550147429426
0.3395498750508662
0.3395498750508662
0.4298497887072623
0.4298497887072623
0.4544193296164465
0.4544193296164465
0.3736643959511682
0.3736643959511682
0.4576686998855706
0.4576686998855706
0.48362833849237696
0.48362833849237696
0.23394063435428417
0.23394063435428417
0.45120136040902536
0.45120136040902536
0.38611814396028415
0.38611814396028415
0.4333259681407939
0.4333259681407939
0.37942536288498574
0.37942536288498574
0.39494073067484775
0.39494073067484775
0.42870620308221685
0.42870620308221685
0.290821447675134
0.290821447675134
0.3985266984930428
0.3985266984930428
0.43356076968949797
0.43356076968949797
0.4115966043420211
0.4115966043420211
0.4566739574008754
0.4566739574008754
0.30466201889983313
0.30466201889983313
0.04428074427700477
0.04428074427700477
0.0
0.0
0.18863881947270345
0.18863881947270345
0.43914146148554595
0.43914146148554595
0.31069425495224695
0.31069425495224695
0.12812442652769462
0.12812442652769462
0.37709111951662383
0.37709111951662383
0.3837558248179197
0.3837558248179197
0.13201967239688991
0.25
0.14105454434266843
0.1336306209562122
0.04109974682633932
0.04109974682633932
0.14973818705886996
0.14973818705886996
0.15762208124782015
0.15762208124782015
0.14348976221125895
0.13392377806384168
0.044194173824159216
0.0472455591261534
0.15846642276159686
0.16799600069644516
0.09622504486493763
0.09622504486493763
0.13693063937629152
0.13693063937629152
0.211999576001272
0.105999788000636
0.04186091791394607
0.18139731096043296
0.17705013195704258
0.17705013195704258
0.08838834764831843
0.09449111825230681
0.08877935232369505
0.08304547985373997
0.13258252147247765
0.12862393885688161
0.14452202432768343
0.14452202432768343
0.07145774380937868
0.07145774380937868
0.09769449849918972
0.09769449849918972
0.15301181046942153
0.15301181046942153
0.2117501078014469
0.2117501078014469
0.1593851798082518
0.1593851798082518
0.23446803861612006
0.23446803861612006
0.08291849892341731
0.08291849892341731
0.1014092392893546
0.1014092392893546
0.1537350115670227
0.1537350115670227
0.06262242910851494
0.06262242910851494
0.21354071087949103
0.21354071087949103
0.1295174534369782
0.1295174534369782
0.20797258270192576
0.20797258270192576
0.2067049828497212
0.2067049828497212
0.1779724926633225
0.1779724926633225
0.14598929061844593
0.14598929061844593
0.08574929257125441
0.08574929257125441
0.12306067573514493
0.12306067573514493
0.1396647704150655
0.1396647704150655
0.11283778477771594
0.11283778477771594
0.13297799396284807
0.13297799396284807
0.0482929644690252
0.0482929644690252
0.06262242910851494
0.06262242910851494
0.0
0.0
0.22487239817113241
0.22487239817113241
0.14543050934011967
0.14543050934011967
0.20277909252559895
0.20277909252559895
0.12057769606264414
0.12057769606264414
0.12909944487358058
0.12909944487358058
0.18201204344462418
0.18201204344462418
0.18541140018500424
0.18541140018500424
0.1578400925293969
0.1578400925293969
0.16169041669088866
0.16169041669088866
0.05716619504750295
0.05716619504750295
0.10750202576038456
0.10750202576038456
0.12111651138311873
0.12111651138311873
0.1084652289093281
0.1084652289093281
0.20931897427058713
0.20931897427058713
0.1143323900950059
0.1143323900950059
0.1007074368138451
0.1007074368138451
0.21738381350190508
0.21738381350190508
0.06989760511142483
0.06989760511142483
0.11202240672224076
0.11202240672224076
0.19843823866609062
0.19843823866609062
0.09328293270628192
0.09328293270628192
0.13549515095035808
0.13549515095035808
0.15089863644835705
0.15089863644835705
0.0866948371143554
0.0866948371143554
0.18734147374972598
0.637987970858926
0.45838292644454454
0.4632241052701487
0.5349319412342234
0.5473429002261541
0.6043045628127734
0.6160392390996906
0.5807109641565621
0.5850125268540181
0.5398372298743497
0.5271067837010364
0.46684978092392637
0.4683593035340473
0.2931219139750983
0.2956380280556598
0.3733939969028385
0.3862696519684536
0.11877113736973435
0.11776030079682895
0.4358231321298565
0.4358231321298565
0.4516328539514655
0.45852801202706045
0.3358171026078344
0.33487441105139065
0.20935201159410272
0.21057946967096722
0.25513125674454135
0.25513125674454135
0.4446289635800139
0.4446289635800139
0.47476490700886964
0.44517176425119365
0.44692016198019957
0.44918660623599727
0.5422515449066773
0.5537888118195853
0.3685783847169204
0.3755338080994054
0.4539206495016018
0.4687575665248873
0.09943342320224884
0.10591481821704042
0.23076923076923078
0.21664744340223568
0.5413303141281585
0.5287356321839082
0.4369189347846762
0.46459174206546955
0.515445542321391
0.515445542321391
0.172822781864477
0.172822781864477
0.5360140295303966
0.5406150927153025
0.6561538419557001
0.6505694523843812
0.5546913377704741
0.5546913377704741
0.5128392449635184
0.49164100249223014
0.5225456450572387
0.5285973585507997
0.517596328755076
0.517596328755076
0.5856928453243322
0.5729543185526313
0.3001289893936515
0.26967702988884945
0.3961069633220954
0.3961069633220954
0.5740791365226433
0.5740791365226433
0.32112091814112115
0.2881854393574164
0.43746423999916356
0.4421681565582944
0.4668165330671079
0.46162968269969556
0.404343341297819
0.42922600845460784
0.21694813396110305
0.2188103838598174
0.18610937511954945
0.18344984642633572
0.22205134057985212
0.21838985077507816
0.5327986163680924
0.5258791538178575
0.3953840022725177
0.3953840022725177
0.2825664557720019
0.28156666855047385
0.47267613303630024
0.474179634705016
0.6278998618620456
0.6278998618620456
0.580774526310224
0.5660467363934004
0.6189537617718042
0.6273180017957474
0.5414471577453721
0.5368390130271742
0.6212535274695766
0.6212535274695766
0.44605864239351145
0.44418049239951896
0.42881169404220115
0.42881169404220115
0.3671553696740263
0.3671553696740263
0.5557189302262113
0.5557189302262113
0.5053695300237205
0.5053695300237205
0.5060689545865503
0.5060689545865503
0.338584612802379
0.338584612802379
0.5692503946835363
0.5692503946835363
0.43628438220175053
0.43628438220175053
0.4493225526306475
0.4493225526306475
0.2966582402960068
0.2966582402960068
0.08985442539129097
0.08985442539129097
0.30754946249026927
0.30754946249026927
0.3205354644747555
0.3205354644747555
0.6342343486250946
0.6342343486250946
0.2758938264679592
0.2758938264679592
0.2008385781013735
0.2008385781013735
0.46561297555955045
0.46561297555955045
0.3955443203946757
0.3955443203946757
0.5696259131000493
0.5696259131000493
0.40043810849247563
0.40043810849247563
0.5673842823128608
0.5673842823128608
0.33431085487665063
0.33431085487665063
0.08232195521312126
0.08232195521312126
0.4069016223546087
0.4069016223546087
0.4035263987329966
0.4035263987329966
0.29109086821372976
0.29109086821372976
0.19352523826151127
0.19352523826151127
0.23098630955841232
0.23098630955841232
0.30328656257995107
0.30328656257995107
0.40248292863985186
0.40248292863985186
0.44386552657909395
0.44386552657909395
0.267674639285431
0.267674639285431
0.0
0.0
0.2754865825096699
0.2754865825096699
0.16219178352731237
0.16219178352731237
0.6172436546656623
0.6172436546656623
0.6082191882274214
0.6082191882274214
0.48520247454417853
0.48520247454417853
0.5895261061520115
0.5895261061520115
0.5006507142190468
0.5006507142190468
0.47882990180888885
0.47882990180888885
0.6076164442163865
0.6076164442163865
0.2694977766525139
0.2694977766525139
0.5040593455913086
0.5040593455913086
0.6156062870336658
0.6156062870336658
0.4891304944825294
0.4891304944825294
0.08199200616907877
0.08199200616907877
0.3050957017085529
0.3050957017085529
0.5568867865983812
0.5568867865983812
0.3537590179663293
0.3537590179663293
0.517077208381556
0.517077208381556
0.5457175862652701
0.5457175862652701
0.2939975745300152
0.2939975745300152
0.0
0.0
0.5041841733655162
0.5041841733655162
0.4416406227109129
0.4416406227109129
0.11183616817827974
0.11183616817827974
0.3920461576821289
0.3920461576821289
0.4469678573041643
0.4469678573041643
0.5094939897791253
0.5094939897791253
0.04619726191168247
0.04619726191168247
0.1016985672361843
0.1016985672361843
0.5720372586180513
0.5720372586180513
0.15591575895192833
0.15591575895192833
0.6524892648803421
0.6524892648803421
0.27008488481340187
0.27008488481340187
0.25552902682603723
0.25552902682603723
0.6037491352557641
0.6037491352557641
0.6044413708260521
0.6044413708260521
0.3817254061682111
0.3817254061682111
0.27285879313263506
0.27285879313263506
0.32652750122958013
0.32652750122958013
0.42286021899943965
0.42286021899943965
0.36563621206356534
0.36563621206356534
0.6289945275717839
0.6289945275717839
0.595337461182709
0.595337461182709
0.15450054282205716
0.15450054282205716
0.5703836302729948
0.5703836302729948
0.36731544334622657
0.36731544334622657
0.10275246654751793
0.10275246654751793
0.7101591521675477
0.7101591521675477
0.5648632448097433
0.5648632448097433
0.5254407262446941
0.5254407262446941
0.28623901395379997
0.28623901395379997
0.3867152807586452
0.3867152807586452
0.23390037142659997
0.23390037142659997
0.4855767960671685
0.4855767960671685
0.5883588049480073
0.5883588049480073
0.3605980584422523
0.3605980584422523
0.4534824180331651
0.4534824180331651
0.4326691482878408
0.4326691482878408
0.5813814862396701
0.5813814862396701
0.5365113969982453
0.5365113969982453
0.5382115593579713
0.5382115593579713
0.4748113672211042
0.4748113672211042
0.32077942253340336
0.32077942253340336
0.5731920435269049
0.5731920435269049
0.38165201860506665
0.38165201860506665
0.3787006816776458
0.3787006816776458
0.28988551782622424
0.28988551782622424
0.4631589211289404
0.4631589211289404
0.4840494009283729
0.4840494009283729
0.3670264688357992
0.3670264688357992
0.10786761979449293
0.10786761979449293
0.5329480400990121
0.5285251583181321
0.5794497534547176
0.584298789904838
0.32593786264420316
0.32593786264420316
0.13819749820569552
0.13819749820569552
0.5406306935099481
0.5406306935099481
0.4310221642025267
0.4310221642025267
0.3074700231340454
0.3074700231340454
0.0
0.0
0.5650068830172829
0.5650068830172829
0.4698079797269583
0.4698079797269583
0.30461786946274705
0.30461786946274705
0.6398473356270176
0.6398473356270176
0.45615351484156297
0.45615351484156297
0.08102546544402055
0.08102546544402055
0.3391428730541985
0.3391428730541985
0.4865753505819371
0.4865753505819371
0.45656969057630314
0.45656969057630314
0.5083055997230369
0.5083055997230369
0.5503702116253109
0.5503702116253109
0.30465575006951734
0.30465575006951734
0.052925612402496325
0.052925612402496325
0.12396026161066066
0.12396026161066066
0.4935406411356924
0.4935406411356924
0.4020573523656682
0.4020573523656682
0.2786580178024401
0.2786580178024401
0.24881816347908592
0.24881816347908592
0.36334441347750074
0.36334441347750074
0.5713028106965955
0.5713028106965955
0.5586361100086288
0.5586361100086288
0.48896746728255974
0.48896746728255974
0.21377366196008252
0.21377366196008252
0.39991103560595154
0.39991103560595154
0.29968977337604863
0.29968977337604863
0.36667939881128453
0.36667939881128453
0.05527899928227821
0.05527899928227821
0.39595344368028007
0.39595344368028007
0.1483291201480034
0.1483291201480034
0.5567049428278976
0.5567049428278976
0.5301404289424247
0.5301404289424247
0.4227009836887481
0.4227009836887481
0.37862168872555063
0.37862168872555063
0.4414301223487347
0.4414301223487347
0.5030799847763283
0.5030799847763283
0.5413602913410076
0.5413602913410076
0.5278561667156892
0.5278561667156892
0.2895644335285107
